0 0.045469 0.327361 0.123789 0.252778 0.163984 0.263958 0.082383 0.345625 0.045703 0.327778
0 0.166523 0.263889 0.214648 0.278611 0.130391 0.366528 0.084727 0.345069
0 0.272539 0.296319 0.187930 0.394028 0.131953 0.368125 0.216562 0.278889
0 0.192461 0.198056 0.235156 0.207917 0.165859 0.263681 0.124648 0.252083 0.192461 0.198542
0 0.236016 0.207569 0.282734 0.218611 0.215039 0.277986 0.168594 0.262847
0 0.284648 0.219514 0.338359 0.233333 0.273086 0.295833 0.218086 0.278889 0.284648 0.219931
0 0.311602 0.270278 0.385664 0.290833 0.304570 0.394375 0.223984 0.367153 0.311602 0.269861
0 0.472070 0.319792 0.407031 0.429097 0.308867 0.396111 0.388711 0.292083 0.471094 0.319792
0 0.563750 0.354028 0.523594 0.473194 0.411602 0.431250 0.474883 0.321458 0.563242 0.354514
0 0.441172 0.224097 0.387148 0.289861 0.312891 0.268125 0.375117 0.206806
0 0.472461 0.320000 0.389805 0.290903 0.443320 0.225139 0.513750 0.248403
0 0.588398 0.277778 0.564688 0.355069 0.476094 0.320000 0.517070 0.250000
0 0.719219 0.300139 0.721289 0.383264 0.631836 0.337083 0.647344 0.263333
0 0.720938 0.384375 0.723164 0.513333 0.603672 0.456181 0.630273 0.338264
0 0.723281 0.302639 0.789805 0.341042 0.807383 0.432986 0.725273 0.386528 0.723281 0.303542
0 0.832383 0.570556 0.727422 0.515208 0.724922 0.387500 0.808281 0.435278 0.831875 0.568750
0 0.854375 0.381319 0.882188 0.478819 0.811250 0.435278 0.793477 0.343750 0.854570 0.382083
0 0.836523 0.573125 0.811680 0.434306 0.883984 0.481181 0.922266 0.621250