0 0.131211 0.306458 0.143984 0.261042 0.179961 0.256944 0.171445 0.299861
0 0.171563 0.300139 0.162812 0.360000 0.117852 0.366319 0.131211 0.306806
0 0.173984 0.299444 0.215664 0.294514 0.212695 0.353056 0.164922 0.358958 0.174141 0.299444
0 0.219102 0.252361 0.216016 0.294792 0.173789 0.299444 0.181484 0.256042
0 0.221758 0.251389 0.260469 0.247986 0.262383 0.290139 0.218086 0.294167 0.221602 0.251111
0 0.264648 0.346875 0.214961 0.352778 0.218281 0.294444 0.262383 0.290764 0.264844 0.346528
0 0.338945 0.249236 0.349922 0.292639 0.304258 0.294444 0.298359 0.250764
0 0.364570 0.353403 0.312461 0.355208 0.304609 0.294444 0.350469 0.292917
0 0.397695 0.292014 0.352031 0.293264 0.340352 0.249861 0.381133 0.249514
0 0.418984 0.353472 0.367031 0.354097 0.352734 0.293958 0.398242 0.293681 0.418633 0.353472
0 0.445156 0.292222 0.399102 0.291597 0.383047 0.249722 0.423867 0.250694 0.444805 0.291875
0 0.421250 0.353611 0.400000 0.292500 0.444961 0.292847 0.472187 0.354167
0 0.493281 0.258750 0.523438 0.303056 0.481602 0.301528 0.455273 0.257222
0 0.515586 0.361042 0.482812 0.303056 0.523789 0.303958 0.561094 0.362292 0.515430 0.361042
0 0.525352 0.303333 0.494336 0.258403 0.530781 0.260556 0.564961 0.305208 0.525195 0.303056
0 0.604648 0.363194 0.563047 0.362292 0.525703 0.303681 0.564766 0.305833
0 0.567734 0.264931 0.603672 0.308611 0.566328 0.305833 0.532344 0.261528 0.567734 0.264306
0 0.645508 0.366597 0.606445 0.364722 0.567227 0.306458 0.605039 0.309583 0.645703 0.366597