0 0.045469 0.327361 0.123789 0.252778 0.163984 0.263958 0.082383 0.345625 0.045703 0.327778
0 0.166523 0.263889 0.214648 0.278611 0.130391 0.366528 0.084727 0.345069
0 0.272539 0.296319 0.187930 0.394028 0.131953 0.368125 0.216562 0.278889
0 0.192461 0.198056 0.235156 0.207917 0.165859 0.263681 0.124648 0.252083 0.192461 0.198542
0 0.236016 0.207569 0.282734 0.218611 0.215039 0.277986 0.168594 0.262847
0 0.284648 0.219514 0.338359 0.233333 0.273086 0.295833 0.218086 0.278889 0.284648 0.219931
0 0.311602 0.270278 0.385664 0.290833 0.304570 0.394375 0.223984 0.367153 0.311602 0.269861
0 0.472070 0.319792 0.407031 0.429097 0.308867 0.396111 0.388711 0.292083 0.471094 0.319792
0 0.563750 0.354028 0.523594 0.473194 0.411602 0.431250 0.474883 0.321458 0.563242 0.354514
0 0.441172 0.224097 0.387148 0.289861 0.312891 0.268125 0.375117 0.206806
0 0.472461 0.320000 0.389805 0.290903 0.443320 0.225139 0.513750 0.248403
0 0.588398 0.277778 0.564688 0.355069 0.476094 0.320000 0.517070 0.250000
0 0.719219 0.300139 0.721289 0.383264 0.631836 0.337083 0.647344 0.263333
0 0.720938 0.384375 0.723164 0.513333 0.603672 0.456181 0.630273 0.338264
0 0.723281 0.302639 0.789805 0.341042 0.807383 0.432986 0.725273 0.386528 0.723281 0.303542
0 0.832383 0.570556 0.727422 0.515208 0.724922 0.387500 0.808281 0.435278 0.831875 0.568750
0 0.854375 0.381319 0.882188 0.478819 0.811250 0.435278 0.793477 0.343750 0.854570 0.382083
0 0.836523 0.573125 0.811680 0.434306 0.883984 0.481181 0.922266 0.621250
1 0.794687 0.342222 0.796094 0.343194 0.798203 0.351667 0.798164 0.354306 0.800820 0.355486 0.802969 0.362500 0.807969 0.368333 0.808594 0.375069 0.808008 0.377500 0.806445 0.378542 0.805430 0.381042 0.802656 0.382361 0.798867 0.376944 0.798750 0.372986 0.795195 0.364722 0.794297 0.358194 0.794297 0.352986 0.792461 0.347292 0.793164 0.343542
1 0.810195 0.372361 0.810781 0.369861 0.812148 0.368889 0.813516 0.369861 0.814102 0.372361 0.813516 0.374792 0.812148 0.375833 0.810781 0.374792
1 0.809570 0.381042 0.810156 0.378611 0.811523 0.377569 0.812930 0.378611 0.813477 0.381042 0.813477 0.384306 0.811523 0.391944 0.809688 0.393750 0.808320 0.392778 0.807734 0.390278 0.809609 0.381319
1 0.835000 0.418056 0.835547 0.415625 0.836953 0.414583 0.838320 0.415625 0.838906 0.418056 0.838320 0.420486 0.836953 0.421528 0.835547 0.420486
1 0.838984 0.420208 0.841406 0.414444 0.842773 0.413472 0.844141 0.414514 0.844727 0.416944 0.842305 0.422708 0.840938 0.423681 0.839531 0.422708
1 0.831914 0.401181 0.832500 0.398750 0.833867 0.397708 0.835273 0.398750 0.836758 0.402847 0.836172 0.405278 0.834805 0.406319 0.832500 0.403611
1 0.803750 0.396319 0.804336 0.393819 0.805703 0.392847 0.807109 0.393819 0.807422 0.397431 0.810117 0.406111 0.809570 0.410139 0.808164 0.411181 0.806797 0.410139 0.804883 0.399167 0.804336 0.398750
1 0.819688 0.386528 0.820273 0.384028 0.821641 0.383056 0.823008 0.384028 0.823594 0.386528 0.823008 0.388958 0.821641 0.390000 0.820273 0.388958
1 0.821211 0.394097 0.821797 0.391667 0.823164 0.390625 0.824570 0.391667 0.825117 0.394097 0.824570 0.396597 0.823164 0.397569 0.821797 0.396597
1 0.731133 0.476250 0.730586 0.478750 0.729180 0.479722 0.727539 0.478819 0.726328 0.473542 0.726914 0.469444 0.728281 0.468472 0.729648 0.469444 0.730781 0.474236
1 0.731133 0.413681 0.730586 0.416181 0.728906 0.417153 0.727227 0.415556 0.726328 0.412639 0.725391 0.390833 0.725977 0.388403 0.727344 0.387361 0.728750 0.388403 0.729297 0.390833 0.730430 0.410972
1 0.724219 0.301458 0.725586 0.302500 0.726172 0.304931 0.725781 0.309444 0.727227 0.311111 0.727578 0.315278 0.728984 0.318819 0.728437 0.321597 0.726680 0.322569 0.726523 0.323819 0.727422 0.327917 0.727773 0.348542 0.728828 0.354375 0.728984 0.370139 0.726992 0.383264 0.725625 0.384306 0.724258 0.383264 0.723672 0.380833 0.722773 0.333819 0.721719 0.311875 0.722070 0.304931 0.722656 0.302500 0.724141 0.301458
1 0.520742 0.390486 0.521328 0.387986 0.522695 0.387014 0.524062 0.387986 0.524648 0.390486 0.523438 0.393403 0.524219 0.396111 0.523633 0.398611 0.522266 0.399583 0.520898 0.398611 0.520312 0.396111 0.521328 0.392917
1 0.515352 0.395972 0.516758 0.394931 0.518125 0.395972 0.518711 0.398403 0.518125 0.400833 0.516758 0.401875 0.515352 0.400833 0.514805 0.398472 0.514141 0.400347 0.512930 0.401111 0.511523 0.400069 0.510977 0.397639 0.511523 0.395208 0.512930 0.394167 0.514297 0.395208 0.514844 0.398125
1 0.508633 0.364375 0.509180 0.361944 0.510586 0.360903 0.511953 0.361944 0.512539 0.364375 0.511953 0.366875 0.510586 0.367847 0.509180 0.366875
1 0.504844 0.373403 0.509102 0.372986 0.511055 0.374722 0.512539 0.378750 0.511953 0.384236 0.510508 0.385278 0.511875 0.388542 0.511328 0.395208 0.509922 0.396181 0.508633 0.395278 0.508008 0.393125 0.507383 0.393958 0.506016 0.392917 0.505430 0.390486 0.506016 0.387986 0.508086 0.387500 0.509375 0.385278 0.504414 0.385278 0.499961 0.381042 0.499258 0.377986 0.500391 0.373819 0.502930 0.371875 0.504766 0.373403
1 0.500742 0.392708 0.501328 0.390278 0.502695 0.389236 0.504102 0.390278 0.504648 0.392708 0.504102 0.395208 0.502695 0.396181 0.501328 0.395208
1 0.469688 0.407639 0.470234 0.405208 0.471641 0.404167 0.473008 0.405208 0.473594 0.407639 0.473008 0.410069 0.471641 0.411111 0.470234 0.410069
1 0.456680 0.391736 0.457227 0.389306 0.458633 0.388264 0.460000 0.389306 0.460586 0.391736 0.460000 0.394236 0.458633 0.395208 0.457227 0.394236
1 0.457422 0.401736 0.458008 0.399306 0.459375 0.398264 0.460391 0.399028 0.462188 0.396944 0.463594 0.397917 0.464141 0.400417 0.463594 0.402847 0.462188 0.403889 0.461016 0.403125 0.459375 0.405208 0.458008 0.404167
1 0.447734 0.419861 0.448320 0.417431 0.449688 0.416389 0.451094 0.417431 0.451641 0.419861 0.451094 0.422361 0.449688 0.423333 0.448320 0.422361
1 0.480664 0.377292 0.481211 0.374792 0.482617 0.373819 0.483984 0.374792 0.484570 0.377292 0.483984 0.379722 0.482617 0.380764 0.481211 0.379722
1 0.424023 0.408542 0.431875 0.390903 0.448516 0.363819 0.454570 0.350556 0.458047 0.345208 0.461602 0.335417 0.470664 0.322986 0.473438 0.322083 0.474805 0.323125 0.475117 0.327292 0.467969 0.336181 0.465977 0.342778 0.458008 0.359167 0.455312 0.359583 0.451211 0.369028 0.445078 0.379028 0.446289 0.382222 0.445703 0.384722 0.444766 0.385417 0.445273 0.387708 0.444688 0.390139 0.443320 0.391181 0.441953 0.390139 0.441367 0.387708 0.441914 0.385278 0.443203 0.384236 0.442461 0.383264 0.440195 0.386944 0.441172 0.389931 0.439102 0.396042 0.437695 0.397083 0.435859 0.394653 0.435117 0.396042 0.436094 0.399028 0.435508 0.401458 0.434141 0.402500 0.432578 0.401111 0.430547 0.405208 0.431602 0.406389 0.431992 0.408542 0.431445 0.410972 0.430039 0.412014 0.428242 0.409792 0.426211 0.412014 0.424609 0.410972
1 0.432188 0.407639 0.432773 0.405208 0.434141 0.404167 0.435508 0.405208 0.436094 0.407639 0.435508 0.410069 0.434141 0.411111 0.432773 0.410069
1 0.416172 0.376181 0.417500 0.370139 0.419844 0.364236 0.423750 0.360486 0.426406 0.361458 0.426992 0.364792 0.424297 0.371458 0.421953 0.375000 0.420742 0.375000 0.419688 0.378750 0.418125 0.379653 0.416758 0.378611
1 0.433281 0.338958 0.433828 0.336528 0.435469 0.335486 0.436875 0.336528 0.437422 0.339722 0.438711 0.337500 0.443867 0.332778 0.448984 0.324583 0.451250 0.326319 0.452187 0.332083 0.453516 0.335347 0.453008 0.338611 0.450820 0.342847 0.444922 0.350625 0.436562 0.351458 0.431641 0.356042 0.429258 0.355000 0.428672 0.352569 0.428945 0.350417 0.433242 0.344097 0.433555 0.340694
1 0.451641 0.304514 0.452227 0.302014 0.455625 0.299653 0.457500 0.302083 0.457852 0.305556 0.463906 0.308750 0.464141 0.304167 0.465859 0.300486 0.467383 0.299236 0.469414 0.299236 0.470781 0.300208 0.471367 0.302708 0.470742 0.309167 0.472070 0.310278 0.472617 0.313542 0.472070 0.316042 0.467109 0.318889 0.460938 0.314306 0.454492 0.311528 0.453945 0.307986 0.452227 0.306944
1 0.312812 0.396528 0.311445 0.395486 0.310859 0.393056 0.311211 0.391042 0.315586 0.387361 0.321133 0.375694 0.330508 0.363472 0.333672 0.360556 0.336953 0.352569 0.344883 0.343333 0.348633 0.337153 0.358242 0.325208 0.361953 0.322500 0.363477 0.319444 0.368164 0.315208 0.373047 0.312569 0.375234 0.309444 0.377656 0.303403 0.380625 0.301597 0.386250 0.294653 0.387070 0.292431 0.389336 0.291181 0.391289 0.292569 0.393086 0.291875 0.406680 0.292986 0.413828 0.298194 0.425703 0.300417 0.433516 0.304931 0.446641 0.306736 0.453789 0.312431 0.454453 0.315069 0.453867 0.317500 0.452500 0.318542 0.443281 0.317083 0.434336 0.311875 0.425703 0.309583 0.418750 0.305903 0.408984 0.305139 0.403906 0.302153 0.399336 0.301806 0.391602 0.298889 0.387305 0.302361 0.385977 0.305486 0.382617 0.308125 0.376680 0.317431 0.370820 0.321528 0.362812 0.330000 0.361094 0.335139 0.358477 0.337569 0.357109 0.337569 0.354102 0.343542 0.349688 0.346597 0.347227 0.354444 0.344727 0.355694 0.342891 0.360764 0.337852 0.363819 0.332539 0.369583 0.323359 0.381389 0.319141 0.391181 0.316719 0.394097 0.312930 0.396528
1 0.423359 0.298611 0.421172 0.297222 0.420547 0.292083 0.421914 0.287986 0.424258 0.285486 0.425898 0.286528 0.426484 0.288958 0.426289 0.294028 0.425000 0.297083
1 0.412422 0.294653 0.412969 0.292222 0.414375 0.291181 0.415742 0.292222 0.416328 0.294653 0.415742 0.297083 0.414375 0.298125 0.412969 0.297083
1 0.431875 0.298750 0.432461 0.296319 0.433828 0.295278 0.435195 0.296319 0.435781 0.298750 0.435195 0.301250 0.433828 0.302222 0.432461 0.301250
1 0.395195 0.292917 0.391484 0.291944 0.390898 0.289444 0.391484 0.287014 0.395000 0.284375 0.402578 0.268681 0.408008 0.262292 0.411250 0.260417 0.415820 0.255278 0.418438 0.254722 0.419805 0.255764 0.420391 0.258194 0.420000 0.260278 0.416758 0.263194 0.415820 0.266458 0.414648 0.267708 0.415820 0.268819 0.416328 0.271111 0.415742 0.273611 0.414375 0.274583 0.412969 0.273611 0.412539 0.269861 0.405000 0.277639 0.403242 0.277569 0.401367 0.282569 0.403203 0.284375 0.403672 0.286667 0.403086 0.289097 0.401719 0.290139 0.398555 0.289583 0.396953 0.290972
1 0.428437 0.252639 0.428984 0.250139 0.430391 0.249167 0.431758 0.250139 0.432344 0.252639 0.431758 0.255069 0.430391 0.256111 0.428984 0.255069
1 0.433633 0.237292 0.434844 0.234097 0.437852 0.229722 0.439609 0.228750 0.440977 0.229722 0.442500 0.233472 0.442891 0.235486 0.442305 0.237917 0.439922 0.238958 0.438516 0.237917 0.436562 0.240486 0.434219 0.239792
1 0.449844 0.229861 0.450430 0.227361 0.451797 0.226389 0.454883 0.226389 0.456250 0.227361 0.456836 0.229861 0.456250 0.232292 0.454883 0.233333 0.451797 0.233333 0.450430 0.232292
1 0.340313 0.273194 0.334766 0.272847 0.332969 0.270764 0.332930 0.266111 0.335078 0.262986 0.345273 0.263750 0.350039 0.261528 0.354492 0.262431 0.357656 0.260833 0.359805 0.258264 0.363828 0.260139 0.369414 0.253333 0.371016 0.254375 0.371563 0.256806 0.370156 0.261736 0.370352 0.263958 0.372656 0.263750 0.377539 0.261736 0.378945 0.257361 0.381523 0.255833 0.383320 0.251458 0.384492 0.250764 0.386523 0.251875 0.387227 0.257083 0.388867 0.260278 0.392734 0.259722 0.395117 0.257986 0.398750 0.252986 0.400977 0.251319 0.403594 0.252361 0.404180 0.254792 0.403164 0.257847 0.393203 0.268333 0.387266 0.276458 0.384414 0.286250 0.382656 0.287639 0.381406 0.287639 0.379688 0.285833 0.375156 0.285972 0.365820 0.282361 0.359687 0.281597 0.349727 0.278333 0.341797 0.274931 0.340508 0.273194
1 0.349219 0.287986 0.349805 0.285556 0.351172 0.284514 0.355977 0.284514 0.357266 0.285347 0.358086 0.287431 0.374023 0.287778 0.375469 0.288889 0.376094 0.293056 0.375586 0.295417 0.371094 0.298889 0.366094 0.299653 0.363008 0.303958 0.359219 0.304722 0.357227 0.306944 0.355859 0.305903 0.355273 0.303472 0.356484 0.294167 0.353945 0.292986 0.353242 0.291458 0.349805 0.290417
1 0.345625 0.296181 0.347227 0.297153 0.347812 0.299792 0.345195 0.306111 0.343672 0.306944 0.342383 0.309931 0.343164 0.311319 0.346250 0.312222 0.351172 0.308194 0.352539 0.309236 0.353125 0.311667 0.352578 0.314306 0.348477 0.318333 0.344805 0.319167 0.342344 0.318264 0.338203 0.313542 0.337422 0.310556 0.338008 0.307431 0.340469 0.302500 0.343906 0.298056
1 0.347070 0.251736 0.347656 0.249236 0.349023 0.248264 0.350391 0.249236 0.350977 0.251736 0.350391 0.254167 0.349023 0.255208 0.347656 0.254167
1 0.364492 0.249722 0.365078 0.247222 0.366445 0.246250 0.367812 0.247222 0.368398 0.249722 0.367812 0.252153 0.366445 0.253194 0.365078 0.252153
1 0.355391 0.241528 0.355938 0.239028 0.357344 0.238056 0.358711 0.239028 0.359297 0.241528 0.358711 0.243958 0.357344 0.245000 0.355938 0.243958
1 0.361094 0.254653 0.361680 0.252153 0.363047 0.251181 0.364453 0.252153 0.365000 0.254653 0.364453 0.257083 0.363047 0.258125 0.361680 0.257083
1 0.335391 0.258611 0.335938 0.256181 0.337344 0.255139 0.338711 0.256181 0.339297 0.258611 0.338711 0.261111 0.337344 0.262083 0.335938 0.261111
1 0.243711 0.343194 0.244375 0.340625 0.264688 0.317778 0.284727 0.297222 0.285586 0.293819 0.286641 0.292639 0.294570 0.287917 0.295586 0.283611 0.298281 0.280486 0.301016 0.279583 0.307734 0.270903 0.311055 0.269236 0.312969 0.270208 0.313516 0.272708 0.312969 0.275139 0.310039 0.276458 0.307188 0.280972 0.301641 0.286875 0.299687 0.287083 0.298477 0.288681 0.297695 0.292431 0.296133 0.294514 0.289258 0.298056 0.288242 0.302083 0.273203 0.315208 0.267461 0.323194 0.256602 0.330903 0.253789 0.334653 0.248789 0.345139 0.245664 0.346667 0.244297 0.345694
1 0.318398 0.335556 0.318984 0.333056 0.320352 0.332083 0.321719 0.333056 0.322305 0.335556 0.321719 0.337986 0.320352 0.339028 0.318984 0.337986
1 0.324961 0.332431 0.325547 0.330000 0.326602 0.329236 0.326289 0.327361 0.326875 0.324861 0.328242 0.323889 0.329609 0.324861 0.330195 0.327361 0.329688 0.329653 0.328477 0.330764 0.328867 0.332431 0.328281 0.334931 0.326914 0.335903 0.325547 0.334931
1 0.319336 0.317847 0.319883 0.315417 0.321289 0.314375 0.322656 0.315417 0.323242 0.317847 0.322656 0.320347 0.321289 0.321319 0.319883 0.320347
1 0.297539 0.323403 0.298945 0.322431 0.300312 0.323403 0.300898 0.325903 0.300312 0.328333 0.298945 0.329375 0.298008 0.328681 0.297383 0.330972 0.296055 0.331875 0.294687 0.330903 0.294102 0.328403 0.294687 0.325972 0.296055 0.324931 0.297070 0.325486
1 0.299531 0.339028 0.300117 0.336528 0.301484 0.335556 0.302891 0.336528 0.303437 0.339028 0.302891 0.341458 0.301484 0.342500 0.300117 0.341458
1 0.299141 0.349792 0.299687 0.347292 0.301094 0.346319 0.302500 0.347500 0.304141 0.345903 0.305469 0.346875 0.305938 0.343472 0.307344 0.342431 0.308711 0.343472 0.309297 0.345903 0.308711 0.348403 0.307344 0.349375 0.305820 0.348125 0.305547 0.351875 0.304141 0.352847 0.302617 0.351528 0.301094 0.353264 0.299687 0.352222
1 0.182812 0.342847 0.183398 0.340417 0.184766 0.339375 0.188945 0.343194 0.190781 0.341597 0.194414 0.340972 0.191406 0.339722 0.189883 0.335903 0.190664 0.331944 0.192188 0.330556 0.203008 0.330556 0.205469 0.331875 0.211328 0.332431 0.212695 0.333472 0.213281 0.335903 0.212695 0.338403 0.209648 0.339375 0.207852 0.342639 0.202813 0.346944 0.196367 0.346944 0.189375 0.350417 0.187227 0.349792 0.183672 0.345764
1 0.195742 0.340000 0.200820 0.340000 0.200781 0.337431 0.195625 0.340000
1 0.196094 0.322708 0.196992 0.318472 0.198125 0.316389 0.203008 0.313264 0.204375 0.314236 0.204961 0.317014 0.204102 0.319931 0.200781 0.321806 0.199180 0.325556 0.198047 0.326181 0.196680 0.325139
1 0.208672 0.313542 0.209258 0.311111 0.210625 0.310069 0.211992 0.311111 0.212578 0.313542 0.211992 0.316042 0.210625 0.317014 0.209258 0.316042
1 0.226211 0.328333 0.227578 0.329375 0.228164 0.331806 0.226992 0.335000 0.225508 0.336250 0.223203 0.336250 0.220117 0.333750 0.218047 0.333750 0.215898 0.332222 0.214688 0.326458 0.215977 0.323125 0.219648 0.320486 0.222695 0.324444 0.223008 0.328611 0.223828 0.329306 0.226133 0.328333
1 0.140273 0.357153 0.143984 0.354444 0.151094 0.345625 0.166992 0.330486 0.172773 0.322500 0.181563 0.313194 0.188398 0.307917 0.192578 0.301875 0.198555 0.297986 0.201797 0.297361 0.195273 0.304514 0.190977 0.306667 0.186836 0.312986 0.183867 0.314375 0.182422 0.316944 0.166953 0.333611 0.161289 0.336875 0.157070 0.344375 0.150820 0.348611 0.147422 0.352569 0.142852 0.360000 0.142187 0.360625 0.140859 0.359583
1 0.121797 0.340556 0.123281 0.335764 0.126055 0.333889 0.129023 0.338125 0.133320 0.340347 0.133828 0.345278 0.133164 0.347847 0.130820 0.350000 0.125742 0.349028 0.120625 0.355000 0.117930 0.355139 0.115586 0.349653 0.116055 0.344028 0.116758 0.342431
1 0.097969 0.338889 0.098555 0.336389 0.099922 0.335417 0.102227 0.335903 0.104062 0.333542 0.107344 0.333333 0.108750 0.330139 0.110703 0.328333 0.115508 0.331458 0.116055 0.333889 0.115391 0.338056 0.111797 0.339583 0.112500 0.342569 0.111836 0.345417 0.108789 0.347361 0.106719 0.347361 0.102734 0.345278 0.101406 0.342986 0.098555 0.341597 0.097969 0.339028
1 0.165898 0.264028 0.167305 0.265069 0.167852 0.267500 0.167461 0.269514 0.163984 0.270278 0.159609 0.274931 0.157187 0.277778 0.157031 0.281458 0.154414 0.283889 0.152695 0.283264 0.148633 0.287639 0.141328 0.291667 0.140703 0.293889 0.136445 0.297778 0.135586 0.299792 0.132695 0.301389 0.129961 0.300417 0.132344 0.295556 0.145000 0.284028 0.145508 0.281806 0.150430 0.279653 0.165820 0.264028
1 0.065469 0.306806 0.066055 0.304306 0.067422 0.303333 0.068828 0.304306 0.069375 0.306806 0.068828 0.309236 0.067422 0.310278 0.066055 0.309236
1 0.109102 0.265972 0.110508 0.266944 0.111055 0.269444 0.110508 0.271875 0.104688 0.274792 0.101328 0.274375 0.106367 0.267778 0.109023 0.265972
1 0.119141 0.271250 0.119727 0.268819 0.121406 0.267778 0.124531 0.270694 0.126758 0.269028 0.130430 0.269583 0.136016 0.271875 0.137187 0.273333 0.147266 0.268125 0.148750 0.266319 0.149258 0.262986 0.150625 0.261944 0.153945 0.262569 0.155156 0.265764 0.154531 0.269028 0.151406 0.271319 0.149336 0.274167 0.138477 0.279931 0.132578 0.284583 0.126914 0.282917 0.125391 0.279236 0.125547 0.277639 0.123008 0.277083 0.119570 0.273403
1 0.116797 0.286736 0.120117 0.287361 0.121641 0.290903 0.120625 0.296875 0.119609 0.297917 0.114844 0.297292 0.101484 0.290764 0.096523 0.289653 0.095430 0.288681 0.094453 0.285069 0.095000 0.282639 0.099492 0.278542 0.101172 0.280208 0.102227 0.283333 0.106680 0.286389 0.112187 0.285625 0.116523 0.286736
1 0.125859 0.251806 0.129883 0.246667 0.159062 0.222431 0.161406 0.222986 0.161992 0.225417 0.160156 0.225764 0.158867 0.227847 0.155195 0.230694 0.154727 0.232917 0.152422 0.232986 0.151719 0.234792 0.141992 0.240694 0.133086 0.248750 0.131641 0.251111 0.126680 0.252847
1 0.241250 0.258472 0.242852 0.255625 0.245391 0.254514 0.247109 0.256111 0.247852 0.259167 0.246680 0.263681 0.241680 0.266111 0.240273 0.265139 0.239727 0.262639 0.241094 0.258819
1 0.179453 0.253750 0.188711 0.245694 0.195156 0.238542 0.199180 0.236181 0.200664 0.237153 0.201094 0.239097 0.195586 0.242708 0.192852 0.247847 0.185117 0.251806 0.181055 0.256181 0.178477 0.256181
1 0.155625 0.255139 0.156211 0.252708 0.157617 0.251667 0.158320 0.249722 0.170039 0.242569 0.176445 0.235278 0.178242 0.236319 0.178828 0.238750 0.175859 0.245139 0.176758 0.248056 0.176133 0.250625 0.171172 0.254167 0.169219 0.256875 0.166523 0.257361 0.165898 0.259653 0.164570 0.260625 0.158555 0.260417 0.156484 0.258264 0.155625 0.255278
1 0.186445 0.235903 0.187734 0.237292 0.188359 0.239861 0.187773 0.243194 0.185898 0.245139 0.182617 0.245347 0.181211 0.244306 0.180664 0.239514 0.181914 0.232222 0.183828 0.230000 0.185938 0.231042 0.186484 0.233472 0.186094 0.235625
1 0.135547 0.250208 0.136055 0.247917 0.141406 0.242222 0.144961 0.243403 0.146836 0.242569 0.151016 0.243125 0.152461 0.244236 0.153203 0.246944 0.152773 0.250417 0.150000 0.252639 0.139961 0.254444 0.136133 0.252708
1 0.210078 0.271042 0.210664 0.268611 0.214258 0.267292 0.216797 0.263750 0.219414 0.262500 0.229023 0.253889 0.236680 0.245556 0.239063 0.243958 0.240859 0.245000 0.241445 0.247431 0.240703 0.250139 0.234180 0.260347 0.219727 0.271875 0.218203 0.270556 0.216172 0.273472 0.213828 0.275069 0.210820 0.273750
1 0.211250 0.243750 0.213086 0.238542 0.214844 0.236597 0.216172 0.236597 0.219180 0.239722 0.221992 0.240764 0.222539 0.243194 0.221367 0.246597 0.216289 0.246597 0.215469 0.245278 0.213516 0.247222 0.211836 0.246181
1 0.225156 0.218542 0.225703 0.216111 0.227383 0.215069 0.230234 0.216181 0.232461 0.218889 0.229570 0.221667 0.227109 0.222014 0.225703 0.221042