0 0.832969 0.653611 0.872292 0.684907 0.840313 0.686019 0.801979 0.655093
0 0.918125 0.718889 0.887396 0.722963 0.841146 0.686481 0.872083 0.685370 0.918333 0.718889
0 0.800260 0.653889 0.838594 0.685648 0.804063 0.686944 0.766094 0.653148 0.800573 0.653889
0 0.885417 0.723519 0.849844 0.727500 0.805365 0.687870 0.839010 0.686852 0.885208 0.723519
0 0.807448 0.731204 0.763177 0.687222 0.803281 0.686852 0.848073 0.727500
0 0.801458 0.685556 0.761927 0.686296 0.726771 0.651481 0.764583 0.652963
0 0.723646 0.650648 0.760156 0.686574 0.716823 0.685278 0.683698 0.649167 0.723958 0.650648
0 0.804010 0.730370 0.758177 0.730926 0.717708 0.686296 0.761146 0.686944 0.804219 0.730370
0 0.713385 0.684444 0.666146 0.682593 0.637917 0.645370 0.681667 0.648519 0.713594 0.684444
0 0.754635 0.730463 0.702604 0.730463 0.666667 0.683611 0.714271 0.685185
0 0.664010 0.682222 0.612552 0.679722 0.590052 0.641296 0.635417 0.645000 0.663125 0.681574
0 0.699948 0.730278 0.641354 0.729907 0.613281 0.680926 0.664687 0.683426 0.700260 0.730556
0 0.569427 0.640926 0.589635 0.679074 0.534010 0.675370 0.521146 0.638148
0 0.615833 0.728426 0.552188 0.727407 0.534740 0.677222 0.589844 0.680370 0.616146 0.728704
0 0.518021 0.636852 0.530469 0.675278 0.474479 0.670833 0.468698 0.634167
0 0.547760 0.725278 0.480729 0.723426 0.473698 0.672130 0.531198 0.676111
0 0.416458 0.627500 0.466198 0.632870 0.470208 0.669907 0.412969 0.664537 0.416198 0.627037
0 0.407917 0.715926 0.412969 0.665463 0.470208 0.669907 0.476354 0.722500
0 0.364583 0.621852 0.413802 0.628148 0.409167 0.663519 0.352500 0.657963
0 0.403750 0.713704 0.336771 0.706296 0.352708 0.658333 0.409167 0.664630 0.403333 0.713333
0 0.295208 0.649907 0.313854 0.616481 0.361198 0.621481 0.349375 0.656852
0 0.349323 0.657407 0.333281 0.705463 0.269792 0.697222 0.294479 0.650833
0 0.265990 0.607593 0.311406 0.615000 0.292656 0.649259 0.241302 0.640833 0.266094 0.607407
0 0.208021 0.686759 0.240990 0.641852 0.292552 0.650093 0.266510 0.697315
0 0.239948 0.606111 0.213802 0.640278 0.168385 0.629630 0.198177 0.599352
0 0.212708 0.641111 0.178594 0.684907 0.129688 0.670370 0.167187 0.630741
0 0.164792 0.630741 0.127187 0.669352 0.083698 0.655370 0.123646 0.621019 0.165000 0.630741
0 0.166198 0.630463 0.125052 0.620370 0.157344 0.592685 0.195469 0.599722
0 0.120156 0.585185 0.155260 0.592685 0.122865 0.620000 0.086354 0.609907 0.120260 0.585000
0 0.043854 0.641574 0.085677 0.610741 0.121875 0.620741 0.081719 0.655370 0.043958 0.641759
0 0.118958 0.584537 0.084062 0.610000 0.052969 0.600278 0.086771 0.578241 0.118333 0.584352
0 0.083177 0.610556 0.042083 0.641481 0.010313 0.630000 0.051354 0.601204 0.083333 0.610556
0 0.057917 0.571019 0.085156 0.577963 0.050260 0.600741 0.022812 0.592315 0.058021 0.571204
0 0.008698 0.628981 0.000208 0.625741 0.000208 0.606389 0.022500 0.592778 0.049740 0.601019
1 0.918385 0.719907 0.886406 0.723704 0.841406 0.687130 0.871302 0.685370 0.917552 0.719167
1 0.885417 0.723981 0.848333 0.728704 0.803385 0.687593 0.840729 0.687407 0.885573 0.723704
1 0.809063 0.659815 0.840104 0.660093 0.869687 0.683889 0.839844 0.685556 0.809063 0.660093
1 0.838229 0.685093 0.801198 0.687222 0.764375 0.653796 0.803229 0.655093 0.838490 0.685370
1 0.772708 0.660000 0.774427 0.658426 0.772708 0.656296 0.771667 0.658148
1 0.797708 0.671481 0.798906 0.672130 0.799948 0.670278 0.797708 0.667778 0.796667 0.669630
1 0.805938 0.671111 0.807344 0.671944 0.808385 0.670093 0.805938 0.667407 0.804896 0.669259
1 0.803854 0.672963 0.804896 0.671111 0.803854 0.669259 0.802813 0.671111
1 0.813490 0.671296 0.814427 0.672130 0.816146 0.669907 0.813490 0.667593 0.812448 0.669444
1 0.797604 0.682407 0.798646 0.680556 0.797604 0.678704 0.796563 0.680556
1 0.680677 0.710278 0.679479 0.709444 0.679479 0.705556 0.682031 0.704815 0.694948 0.725370 0.699167 0.730278 0.697969 0.730648 0.689063 0.721667 0.687240 0.717963 0.683854 0.716481 0.681927 0.712963 0.681667 0.710278 0.680729 0.710278
1 0.644062 0.663796 0.645625 0.661019 0.648490 0.661296 0.657865 0.672037 0.658958 0.674722 0.658490 0.676667 0.656354 0.677037 0.652344 0.672315 0.652135 0.675833 0.651042 0.676667 0.649479 0.673889 0.649948 0.671852 0.651354 0.671111 0.647604 0.666667 0.644531 0.665833
1 0.587500 0.682870 0.589063 0.680093 0.592135 0.682870 0.612552 0.720370 0.614167 0.726204 0.613698 0.728426 0.610677 0.728889 0.605885 0.723519 0.602604 0.722593 0.601562 0.720185 0.595573 0.720000 0.595313 0.713519 0.596875 0.711667 0.599531 0.711389 0.599844 0.708611 0.596354 0.704815 0.593385 0.696759 0.588073 0.688889 0.587656 0.684074
1 0.577552 0.657778 0.579115 0.660556 0.578698 0.663148 0.576042 0.664259 0.574479 0.661481 0.576615 0.658426
1 0.568750 0.661204 0.569167 0.659259 0.571406 0.659259 0.571406 0.663148 0.569167 0.663148
1 0.538958 0.709630 0.540521 0.706852 0.541979 0.708704 0.547708 0.722963 0.547708 0.726944 0.545885 0.727407 0.544479 0.725093 0.540833 0.716852 0.538958 0.709815
1 0.521094 0.658519 0.519531 0.661296 0.517917 0.660093 0.515625 0.654444 0.514010 0.653519 0.514115 0.649167 0.515833 0.647315 0.519792 0.648148 0.520990 0.657407
1 0.460781 0.652778 0.462344 0.650000 0.468490 0.649907 0.469010 0.669444 0.461406 0.670093 0.461458 0.665741 0.464531 0.666019 0.467917 0.662685 0.465365 0.655370 0.461250 0.654722
1 0.430000 0.640370 0.431563 0.643148 0.430000 0.645926 0.425521 0.644259 0.425052 0.642222 0.426615 0.639444 0.429948 0.640370
1 0.369063 0.635000 0.370625 0.632222 0.381094 0.631667 0.383385 0.633704 0.384010 0.635926 0.382448 0.638704 0.380781 0.637315 0.369531 0.637037
1 0.403594 0.640185 0.405469 0.637037 0.408438 0.637870 0.408906 0.639815 0.407344 0.642593 0.404010 0.642130
1 0.408021 0.649722 0.409115 0.650556 0.409740 0.655185 0.409740 0.661481 0.408177 0.664259 0.403854 0.662870 0.402917 0.660278 0.403438 0.654537 0.406458 0.652407 0.406927 0.650463
1 0.403333 0.711111 0.402865 0.713704 0.401771 0.714537 0.400104 0.711759 0.400313 0.708241 0.401406 0.707407 0.402865 0.709167
1 0.340625 0.653981 0.341094 0.652037 0.343177 0.651204 0.348594 0.651481 0.350156 0.654259 0.349740 0.656204 0.347760 0.657315 0.341094 0.655926
1 0.269948 0.683056 0.271042 0.683889 0.271354 0.687685 0.266667 0.695370 0.266354 0.693704 0.268490 0.684907
1 0.198802 0.640648 0.200365 0.637870 0.208437 0.639630 0.210104 0.642870 0.209687 0.644907 0.202240 0.653333 0.200573 0.657500 0.189271 0.671296 0.185521 0.677778 0.180521 0.683241 0.177865 0.682685 0.177812 0.678333 0.179479 0.678056 0.198385 0.655093 0.200000 0.652222 0.199063 0.650370 0.199271 0.648704 0.201615 0.647593 0.202812 0.649815 0.204792 0.648981 0.204844 0.643704 0.199740 0.642315
1 0.159740 0.627037 0.160781 0.625185 0.165365 0.624907 0.167917 0.624907 0.168958 0.626759 0.166406 0.629907 0.160781 0.628889
1 0.139167 0.614722 0.141927 0.616389 0.142292 0.618889 0.141250 0.620741 0.138333 0.619630 0.137500 0.617778 0.138333 0.615463
1 0.124688 0.667963 0.127292 0.665278 0.128177 0.662407 0.134531 0.657593 0.136615 0.654167 0.145521 0.645556 0.147604 0.644352 0.148646 0.646204 0.144583 0.652407 0.139948 0.655833 0.127760 0.670278 0.125729 0.669815
1 0.115208 0.624074 0.116406 0.626204 0.115365 0.628056 0.110260 0.630278 0.106198 0.635000 0.098750 0.639630 0.082500 0.654722 0.080677 0.655370 0.079635 0.653519 0.097969 0.636111 0.105208 0.631667 0.106979 0.627870 0.114740 0.624352
1 0.081250 0.612593 0.080208 0.614630 0.073958 0.617778 0.068333 0.622963 0.066823 0.621389 0.072813 0.614630 0.078542 0.610556 0.080885 0.611204
1 0.042708 0.603981 0.044010 0.600278 0.046562 0.600926 0.047604 0.602778 0.045625 0.606667 0.043906 0.606667 0.042865 0.604907