0 0.832969 0.653611 0.872292 0.684907 0.840313 0.686019 0.801979 0.655093
0 0.918125 0.718889 0.887396 0.722963 0.841146 0.686481 0.872083 0.685370 0.918333 0.718889
0 0.800260 0.653889 0.838594 0.685648 0.804063 0.686944 0.766094 0.653148 0.800573 0.653889
0 0.885417 0.723519 0.849844 0.727500 0.805365 0.687870 0.839010 0.686852 0.885208 0.723519
0 0.807448 0.731204 0.763177 0.687222 0.803281 0.686852 0.848073 0.727500
0 0.801458 0.685556 0.761927 0.686296 0.726771 0.651481 0.764583 0.652963
0 0.723646 0.650648 0.760156 0.686574 0.716823 0.685278 0.683698 0.649167 0.723958 0.650648
0 0.804010 0.730370 0.758177 0.730926 0.717708 0.686296 0.761146 0.686944 0.804219 0.730370
0 0.713385 0.684444 0.666146 0.682593 0.637917 0.645370 0.681667 0.648519 0.713594 0.684444
0 0.754635 0.730463 0.702604 0.730463 0.666667 0.683611 0.714271 0.685185
0 0.664010 0.682222 0.612552 0.679722 0.590052 0.641296 0.635417 0.645000 0.663125 0.681574
0 0.699948 0.730278 0.641354 0.729907 0.613281 0.680926 0.664687 0.683426 0.700260 0.730556
0 0.569427 0.640926 0.589635 0.679074 0.534010 0.675370 0.521146 0.638148
0 0.615833 0.728426 0.552188 0.727407 0.534740 0.677222 0.589844 0.680370 0.616146 0.728704
0 0.518021 0.636852 0.530469 0.675278 0.474479 0.670833 0.468698 0.634167
0 0.547760 0.725278 0.480729 0.723426 0.473698 0.672130 0.531198 0.676111
0 0.416458 0.627500 0.466198 0.632870 0.470208 0.669907 0.412969 0.664537 0.416198 0.627037
0 0.407917 0.715926 0.412969 0.665463 0.470208 0.669907 0.476354 0.722500
0 0.364583 0.621852 0.413802 0.628148 0.409167 0.663519 0.352500 0.657963
0 0.403750 0.713704 0.336771 0.706296 0.352708 0.658333 0.409167 0.664630 0.403333 0.713333
0 0.295208 0.649907 0.313854 0.616481 0.361198 0.621481 0.349375 0.656852
0 0.349323 0.657407 0.333281 0.705463 0.269792 0.697222 0.294479 0.650833
0 0.265990 0.607593 0.311406 0.615000 0.292656 0.649259 0.241302 0.640833 0.266094 0.607407
0 0.208021 0.686759 0.240990 0.641852 0.292552 0.650093 0.266510 0.697315
0 0.239948 0.606111 0.213802 0.640278 0.168385 0.629630 0.198177 0.599352
0 0.212708 0.641111 0.178594 0.684907 0.129688 0.670370 0.167187 0.630741
0 0.164792 0.630741 0.127187 0.669352 0.083698 0.655370 0.123646 0.621019 0.165000 0.630741
0 0.166198 0.630463 0.125052 0.620370 0.157344 0.592685 0.195469 0.599722
0 0.120156 0.585185 0.155260 0.592685 0.122865 0.620000 0.086354 0.609907 0.120260 0.585000
0 0.043854 0.641574 0.085677 0.610741 0.121875 0.620741 0.081719 0.655370 0.043958 0.641759
0 0.118958 0.584537 0.084062 0.610000 0.052969 0.600278 0.086771 0.578241 0.118333 0.584352
0 0.083177 0.610556 0.042083 0.641481 0.010313 0.630000 0.051354 0.601204 0.083333 0.610556
0 0.057917 0.571019 0.085156 0.577963 0.050260 0.600741 0.022812 0.592315 0.058021 0.571204
0 0.008698 0.628981 0.000208 0.625741 0.000208 0.606389 0.022500 0.592778 0.049740 0.601019
1 0.895990 0.715741 0.896875 0.711667 0.902969 0.706944 0.906771 0.706389 0.908594 0.707778 0.909375 0.711019 0.908438 0.714537 0.902083 0.719722 0.898594 0.720370 0.896771 0.718981
1 0.794948 0.694907 0.792969 0.693519 0.792188 0.690278 0.792969 0.686944 0.794792 0.685648 0.805312 0.688704 0.807187 0.690093 0.807917 0.693333 0.807187 0.696667 0.805312 0.697963 0.795052 0.694907
1 0.814688 0.692870 0.815469 0.689537 0.817292 0.688241 0.842187 0.686111 0.849063 0.693333 0.849740 0.697037 0.848958 0.700278 0.847135 0.701667 0.843333 0.699815 0.840260 0.696389 0.836302 0.697963 0.829010 0.697963 0.825625 0.696759 0.817292 0.697500 0.815469 0.696111
1 0.852396 0.695370 0.850260 0.694074 0.849479 0.690741 0.850156 0.687593 0.866042 0.688426 0.873229 0.684444 0.884792 0.692407 0.885990 0.696481 0.885208 0.699722 0.882812 0.701111 0.870833 0.693056 0.867604 0.693796 0.865625 0.692315 0.860625 0.692315 0.853594 0.694907
1 0.799531 0.670741 0.801354 0.669352 0.818125 0.669352 0.825833 0.676019 0.835052 0.678981 0.836875 0.680370 0.837656 0.683611 0.836875 0.686944 0.835052 0.688241 0.812344 0.688889 0.807031 0.685093 0.811302 0.684537 0.812188 0.681944 0.814740 0.680185 0.815469 0.677037 0.814688 0.673704 0.808958 0.671481 0.798906 0.673426
1 0.822656 0.685833 0.828073 0.685833 0.829844 0.682685 0.828490 0.680000 0.825052 0.678148 0.816667 0.678981 0.816667 0.682870 0.821042 0.683704 0.821510 0.684815
1 0.822969 0.670000 0.816250 0.662037 0.819479 0.660370 0.825208 0.660370 0.828437 0.661944 0.836823 0.661574 0.839427 0.659167 0.846250 0.663704 0.851771 0.670278 0.870781 0.684907 0.870313 0.686759 0.868490 0.688148 0.843333 0.687500 0.839375 0.685926 0.837135 0.682870 0.836927 0.680463 0.834115 0.679630 0.823177 0.670370
1 0.836875 0.670185 0.838281 0.667963 0.837240 0.666111 0.829792 0.666481 0.827396 0.664630 0.826354 0.666481 0.829635 0.670185 0.836302 0.669815
1 0.842656 0.682500 0.846719 0.686389 0.848229 0.684537 0.842969 0.678796 0.841615 0.680648
1 0.772552 0.658056 0.774115 0.655278 0.787656 0.656852 0.799010 0.655278 0.803333 0.657593 0.804427 0.660463 0.802865 0.663241 0.773906 0.660833
1 0.734635 0.656574 0.736198 0.653796 0.739948 0.652870 0.755000 0.652870 0.766875 0.656204 0.768750 0.660463 0.768281 0.662407 0.766667 0.663241 0.761875 0.660185 0.738906 0.660556 0.735208 0.658704
1 0.691823 0.655370 0.693385 0.652593 0.696563 0.652593 0.699167 0.650741 0.702865 0.650741 0.707292 0.653519 0.719948 0.651111 0.723333 0.652685 0.725573 0.656852 0.725312 0.659259 0.723333 0.661481 0.706406 0.659074 0.702656 0.656296 0.699583 0.656296 0.696615 0.658148 0.692292 0.657315
1 0.681198 0.651944 0.682760 0.654722 0.682344 0.656759 0.680521 0.657500 0.674687 0.655556 0.658906 0.656019 0.650417 0.654537 0.645938 0.652778 0.645469 0.650833 0.645938 0.648889 0.647708 0.648056 0.660156 0.650648 0.673438 0.649907 0.681146 0.651944
1 0.616563 0.648426 0.616979 0.646481 0.619792 0.644722 0.629792 0.644722 0.633854 0.645648 0.636406 0.650833 0.635938 0.652778 0.633177 0.653611 0.627448 0.651481 0.616979 0.650370
1 0.526823 0.642130 0.534687 0.642685 0.544323 0.640556 0.561250 0.641481 0.568594 0.644907 0.570729 0.649907 0.569167 0.652685 0.531615 0.651481 0.526823 0.649167 0.524323 0.645556 0.524583 0.642222 0.526667 0.642037
1 0.544479 0.646296 0.551823 0.646574 0.544323 0.646296
1 0.518646 0.643333 0.517083 0.646111 0.507917 0.645833 0.506667 0.644630 0.505417 0.645833 0.486302 0.644815 0.482708 0.645833 0.475208 0.644537 0.471979 0.642593 0.471042 0.640000 0.472604 0.637222 0.476719 0.639352 0.486302 0.641204 0.487448 0.640278 0.517604 0.640741
1 0.463750 0.635741 0.465312 0.638519 0.463750 0.641296 0.456823 0.640370 0.454323 0.641296 0.452760 0.638519 0.454323 0.635741 0.456823 0.636667 0.463542 0.635741
1 0.448854 0.638519 0.450417 0.635741 0.451979 0.638519 0.451510 0.640463 0.449323 0.640463
1 0.447188 0.635741 0.448281 0.636574 0.448281 0.640463 0.443281 0.641296 0.441771 0.638796 0.440260 0.640648 0.427396 0.639167 0.418281 0.635556 0.416719 0.632778 0.417135 0.630833 0.420104 0.630000 0.431823 0.634907 0.440260 0.635093 0.441823 0.637685 0.443281 0.635741 0.446354 0.636204
1 0.410781 0.632407 0.412344 0.635185 0.410625 0.638241 0.404740 0.637685 0.403177 0.634907 0.404740 0.632130 0.409948 0.632870
1 0.398073 0.633704 0.399635 0.630926 0.401198 0.633704 0.400729 0.635648 0.398542 0.635648
1 0.394844 0.633704 0.396406 0.630926 0.397969 0.633704 0.397552 0.635648 0.395313 0.635648
1 0.392344 0.630926 0.393906 0.633704 0.392344 0.636481 0.385260 0.635556 0.374948 0.631852 0.364271 0.629907 0.362708 0.627130 0.364271 0.624352 0.367344 0.624352 0.384531 0.630370 0.391667 0.631204
1 0.356510 0.624907 0.358073 0.627685 0.356510 0.630463 0.335833 0.629537 0.322135 0.623519 0.313854 0.624444 0.312292 0.621667 0.313333 0.619074 0.315729 0.617963 0.322135 0.617963 0.337031 0.624074 0.356146 0.625000
1 0.305208 0.617685 0.310052 0.620278 0.310052 0.624259 0.293021 0.623241 0.278594 0.617222 0.267500 0.615741 0.265573 0.612315 0.267500 0.608981 0.272083 0.608704 0.281406 0.613148 0.295729 0.615926 0.297240 0.617778 0.298438 0.616759 0.304948 0.617685
1 0.179115 0.671019 0.180417 0.663796 0.182552 0.660093 0.187813 0.660093 0.192292 0.663889 0.192760 0.665926 0.191198 0.668704 0.188490 0.667963 0.188073 0.670278 0.186979 0.671111 0.183750 0.671667 0.182448 0.670370 0.180677 0.673796 0.179583 0.672963
1 0.190312 0.645463 0.190729 0.643426 0.192708 0.642685 0.194740 0.638889 0.198437 0.636019 0.202500 0.636944 0.207760 0.641204 0.209010 0.643889 0.208542 0.645926 0.203698 0.649722 0.190729 0.647407
1 0.215990 0.607222 0.217552 0.604444 0.226875 0.604167 0.231094 0.605926 0.234844 0.605648 0.236406 0.608426 0.235833 0.612037 0.234323 0.613333 0.228177 0.610648 0.216458 0.609167