0 0.494570 0.640833 0.493984 0.641736 0.493867 0.640833
0 0.493984 0.641736 0.518437 0.900903 0.467227 0.950139 0.448281 0.709444
0 0.446992 0.708889 0.464805 0.952639 0.422422 0.990069 0.407227 0.764444 0.446406 0.709931
0 0.405156 0.766528 0.420391 0.993125 0.411328 0.999931 0.381484 0.999931 0.370977 0.813819 0.405156 0.767569
0 0.339375 0.854931 0.370078 0.816458 0.380312 0.999931 0.345820 1.000000 0.339102 0.854375
0 0.472187 0.411736 0.492891 0.630625 0.447305 0.697986 0.432188 0.485972 0.471836 0.411736
0 0.431406 0.487847 0.445078 0.700972 0.406562 0.755972 0.396094 0.552361 0.431172 0.487361
0 0.394219 0.555625 0.404570 0.759097 0.370664 0.806389 0.363125 0.611597 0.393594 0.555972
0 0.361328 0.613056 0.368867 0.807986 0.338906 0.848264 0.333047 0.664653 0.361328 0.613958
0 0.457305 0.233333 0.471953 0.404861 0.432227 0.478056 0.422227 0.304375 0.457070 0.233333
0 0.420937 0.307014 0.430000 0.480069 0.394922 0.544028 0.389062 0.372986 0.420625 0.307500
0 0.388008 0.375764 0.393828 0.547222 0.362656 0.602222 0.358984 0.434653
0 0.333164 0.655556 0.330000 0.494444 0.357031 0.438542 0.360938 0.607500 0.332930 0.656875
0 0.445703 0.099583 0.457148 0.228681 0.421836 0.299236 0.415000 0.165903 0.445703 0.100486
0 0.356016 0.295069 0.356758 0.431528 0.329961 0.487361 0.330937 0.348750
0 0.446328 0.094514 0.415234 0.161458 0.410586 0.056597 0.437891 0.000000
0 0.409180 0.059375 0.414023 0.164028 0.385273 0.223819 0.382578 0.117292
0 0.381680 0.119097 0.383516 0.227292 0.356719 0.285764 0.357109 0.174236
0 0.355703 0.178542 0.355078 0.290486 0.330742 0.344583 0.332539 0.232708
0 0.406875 0.000417 0.435625 0.000000 0.409453 0.054167
0 0.393789 0.000417 0.405781 0.000000 0.408203 0.056319 0.382422 0.114097 0.380820 0.029236 0.393594 0.000000
0 0.380195 0.031458 0.381016 0.116250 0.356641 0.170417 0.357656 0.082292 0.380000 0.030694
0 0.355820 0.173264 0.332695 0.225625 0.335117 0.133542 0.356836 0.082292
0 0.357461 0.007708 0.357070 0.080486 0.335117 0.130347 0.337344 0.054514
0 0.361133 0.000417 0.378984 0.000000 0.379805 0.027431 0.357656 0.076528 0.357852 0.007222 0.361289 0.000000
0 0.380117 0.000347 0.392266 0.000000 0.380977 0.025417
1 0.449336 0.717500 0.455000 0.756111 0.452969 0.757917 0.458242 0.822153 0.459687 0.826111 0.459687 0.843472 0.465781 0.905903 0.467187 0.909861 0.467383 0.913125 0.464570 0.910903 0.449336 0.717847
1 0.406914 0.765417 0.407305 0.771389 0.406484 0.765417
1 0.407305 0.771389 0.410742 0.796875 0.413203 0.803681 0.413789 0.807292 0.413398 0.813472 0.411172 0.814167 0.412188 0.818472 0.421094 0.943403 0.423750 0.945556 0.424961 0.950208 0.424570 0.953472 0.422930 0.957431 0.419688 0.954931
1 0.371133 0.816389 0.374180 0.846806 0.375469 0.847500 0.377109 0.853056 0.375391 0.863125 0.382578 0.977986 0.385039 0.982847 0.385352 0.992014 0.383516 0.993681 0.381953 0.992361 0.384023 0.999514 0.381094 0.998264 0.371016 0.815903
1 0.339961 0.858819 0.342344 0.885903 0.343906 0.889167 0.344180 0.907986 0.345586 0.924514 0.344609 0.938819 0.346133 0.943333 0.345430 0.943819 0.345586 0.948333 0.346719 0.951806 0.346445 0.956806 0.347148 0.962569 0.348281 0.966111 0.347422 0.977639 0.348672 0.988403 0.348828 0.999931 0.346836 0.999444 0.339648 0.858611
1 0.333359 0.668542 0.336211 0.695278 0.336406 0.724167 0.337227 0.746528 0.338242 0.755208 0.339023 0.802083 0.340859 0.814722 0.338438 0.837083 0.333164 0.666736
1 0.362852 0.614236 0.366016 0.639306 0.367305 0.642222 0.367891 0.647014 0.366719 0.653750 0.365547 0.654583 0.366719 0.658542 0.367305 0.675208 0.368789 0.686181 0.369258 0.683681 0.371133 0.683681 0.372188 0.689097 0.370547 0.692014 0.368789 0.690347 0.368203 0.693681 0.369844 0.731736 0.371719 0.730903 0.372188 0.734861 0.370781 0.737986 0.369492 0.738403 0.369023 0.742153 0.370664 0.750694 0.370898 0.758264 0.372422 0.761597 0.373125 0.765972 0.373125 0.770139 0.371523 0.774375 0.370312 0.774375 0.370312 0.777986 0.371523 0.778681 0.372344 0.790556 0.373750 0.798889 0.370312 0.805000 0.362773 0.614444
1 0.396250 0.553958 0.400391 0.583403 0.401602 0.588125 0.398672 0.593750 0.400156 0.592917 0.405977 0.699861 0.406953 0.713333 0.408437 0.717639 0.407461 0.723681 0.405742 0.725000 0.409414 0.751458 0.406484 0.751875 0.395742 0.552639
1 0.433789 0.509306 0.437422 0.525764 0.436211 0.526597 0.436445 0.530486 0.440625 0.568194 0.446953 0.650486 0.449609 0.659167 0.447422 0.659167 0.445977 0.661736 0.446445 0.669097 0.448633 0.679514 0.450352 0.693819 0.447930 0.697708 0.433789 0.509722
1 0.434922 0.471667 0.432383 0.476181 0.431016 0.461111 0.423242 0.328819 0.424453 0.329722 0.425625 0.336042 0.424609 0.340833 0.426133 0.358889 0.427500 0.364931 0.429336 0.361319 0.431016 0.364306 0.431016 0.367014 0.429844 0.367639 0.429492 0.370625 0.428164 0.368194 0.426641 0.373889 0.428672 0.384722 0.432227 0.431667 0.431875 0.435278 0.430703 0.438264 0.432383 0.442222 0.433398 0.442222 0.433555 0.443681 0.431875 0.444306 0.432031 0.454514 0.434922 0.471389
1 0.398086 0.538194 0.394844 0.544722 0.389766 0.403194 0.392188 0.422708 0.392813 0.447222 0.395430 0.448333 0.395664 0.457708 0.392617 0.457708 0.392617 0.463472 0.394414 0.466736 0.397070 0.468889 0.397266 0.477222 0.394023 0.478264 0.394414 0.484444 0.396250 0.493472 0.396250 0.505694 0.398477 0.508958 0.395664 0.515069 0.397461 0.525556 0.397891 0.538194
1 0.393633 0.425556 0.395664 0.420972 0.397227 0.422361 0.396641 0.426181 0.394414 0.426944
1 0.395078 0.381528 0.395859 0.380139 0.396484 0.380764 0.398477 0.385139 0.397070 0.386319 0.395078 0.381736
1 0.398320 0.380486 0.399727 0.377986 0.400898 0.379375 0.399102 0.381875
1 0.401172 0.381944 0.403750 0.379097 0.404766 0.380486 0.402969 0.383681 0.401484 0.383056
1 0.403984 0.375069 0.406602 0.371528 0.407383 0.372917 0.406406 0.375347 0.404766 0.376458
1 0.411094 0.357361 0.411875 0.355972 0.413516 0.355972 0.414297 0.357361 0.413516 0.358750 0.411875 0.358750
1 0.359141 0.453542 0.360391 0.460903 0.361797 0.464931 0.361484 0.467778 0.360156 0.469306 0.361055 0.491042 0.360078 0.492639 0.361172 0.493889 0.360898 0.498125 0.363320 0.504167 0.361563 0.510903 0.362266 0.516250 0.361914 0.517708 0.364805 0.521597 0.363203 0.530208 0.361992 0.529097 0.361211 0.530486 0.362734 0.532847 0.363516 0.559583 0.366055 0.564097 0.366367 0.566736 0.365586 0.569931 0.363398 0.573819 0.363867 0.583889 0.364492 0.585208 0.364023 0.587361 0.364609 0.587986 0.364453 0.593125 0.365781 0.597292 0.362266 0.603194 0.359023 0.453264
1 0.364102 0.476458 0.364883 0.477847 0.364727 0.482847 0.363789 0.484514 0.363008 0.483125 0.363008 0.477847 0.364023 0.476458
1 0.366641 0.447153 0.367773 0.444931 0.368789 0.445347 0.370078 0.447986 0.370078 0.449861 0.368359 0.451250 0.366992 0.449375 0.366641 0.447222
1 0.370273 0.435625 0.371406 0.434028 0.372773 0.436181 0.373594 0.440000 0.372812 0.441806 0.371055 0.437014
1 0.375312 0.433333 0.376094 0.431736 0.376875 0.433125 0.376094 0.434722
1 0.343164 0.600417 0.343945 0.599028 0.344727 0.600417 0.343945 0.601806
1 0.345820 0.513403 0.346602 0.512014 0.347383 0.513403 0.346602 0.514792
1 0.432266 0.255833 0.429805 0.255208 0.429805 0.249722 0.434297 0.249722 0.434453 0.253472 0.432969 0.255417
1 0.435078 0.265000 0.435937 0.265625 0.435937 0.268958 0.433867 0.270625 0.432695 0.268542 0.433359 0.266181 0.434414 0.265347
1 0.425352 0.284167 0.426523 0.286250 0.425352 0.289375 0.423711 0.288819 0.423359 0.287292 0.424414 0.284931
1 0.421328 0.249792 0.422070 0.246528 0.423945 0.246528 0.423828 0.250694 0.422695 0.252222 0.421797 0.251389
1 0.427813 0.236042 0.428164 0.234583 0.430000 0.233611 0.432461 0.234236 0.432812 0.235694 0.431641 0.237778 0.428164 0.237569
1 0.420742 0.235000 0.420742 0.227431 0.421914 0.225347 0.423086 0.227431 0.423086 0.235000 0.422734 0.236458 0.421055 0.236458
1 0.422461 0.219097 0.421289 0.221181 0.420039 0.220556 0.419727 0.219097 0.419531 0.206319 0.416250 0.193819 0.416602 0.192014 0.417422 0.191389 0.419766 0.196181 0.421641 0.204583 0.422031 0.217500
1 0.412188 0.077708 0.410977 0.075208 0.410977 0.071597 0.412148 0.069514 0.413320 0.071597 0.413164 0.076181 0.414258 0.076111 0.416563 0.079375 0.416953 0.081319 0.415781 0.083403 0.413047 0.079722
1 0.413203 0.086736 0.414375 0.084653 0.415391 0.085278 0.415742 0.086736 0.418594 0.108403 0.418242 0.112778 0.417422 0.113403 0.416250 0.111319 0.415625 0.102431 0.413789 0.093264 0.413398 0.087917
1 0.416797 0.125833 0.417930 0.127292 0.419453 0.127500 0.420625 0.132222 0.419531 0.135347 0.417812 0.135764 0.416680 0.134583 0.415742 0.130694 0.415391 0.134792 0.413750 0.134792 0.413008 0.125764 0.413320 0.123542 0.414180 0.122917 0.415742 0.127222 0.416094 0.126250
1 0.418828 0.142778 0.420195 0.145208 0.418633 0.147639 0.416563 0.147083 0.416563 0.143750 0.418008 0.143403
1 0.396484 0.107083 0.397656 0.109167 0.395469 0.111944 0.394297 0.109861 0.395820 0.107431
1 0.391875 0.114514 0.392227 0.113056 0.393867 0.113056 0.393867 0.116042 0.392227 0.116042
1 0.390234 0.123194 0.391094 0.121181 0.394297 0.119722 0.392539 0.123750 0.390547 0.124444
1 0.387344 0.125486 0.388945 0.128264 0.388359 0.130069 0.386875 0.132778 0.384922 0.132639 0.384766 0.127083 0.387266 0.125486
1 0.387305 0.144167 0.386953 0.145625 0.385430 0.145764 0.384258 0.142917 0.384375 0.160903 0.385469 0.162917 0.386484 0.171181 0.386484 0.178125 0.387148 0.177778 0.388320 0.179861 0.387969 0.182431 0.387148 0.183056 0.383672 0.182431 0.383359 0.180972 0.383984 0.179306 0.383125 0.173403 0.383125 0.162917 0.383633 0.162014 0.382617 0.156389 0.382305 0.121875 0.384492 0.125347 0.384883 0.137292 0.383672 0.139375 0.383867 0.140417 0.384023 0.141111 0.384922 0.139514 0.386875 0.142500
1 0.385156 0.148472 0.386328 0.146389 0.387500 0.148472 0.387305 0.152917 0.386133 0.154861 0.384961 0.152778 0.385195 0.148681
1 0.388359 0.186806 0.389531 0.188889 0.388594 0.192153 0.387773 0.192778 0.386953 0.192153 0.386602 0.189653 0.388164 0.186875
1 0.384766 0.219583 0.385430 0.217222 0.384375 0.213472 0.384141 0.204444 0.384687 0.202639 0.383555 0.199375 0.383125 0.191389 0.383125 0.186389 0.384297 0.184306 0.385469 0.186389 0.386094 0.198958 0.388203 0.200069 0.388516 0.201528 0.388086 0.203542 0.386484 0.205625 0.386719 0.211944 0.387734 0.214167 0.387734 0.219236 0.386602 0.221319 0.385117 0.221042
1 0.332891 0.281736 0.333867 0.292569 0.332813 0.300903 0.333477 0.304028 0.332500 0.337083 0.332891 0.338472 0.332695 0.340069 0.331914 0.340208 0.331914 0.300208 0.332813 0.282292
1 0.332773 0.249583 0.332500 0.245208 0.333359 0.243819 0.334141 0.245000 0.334453 0.253333 0.333672 0.254722 0.332773 0.253194
1 0.360039 0.186944 0.361211 0.189028 0.359766 0.192847 0.358281 0.194236 0.357695 0.197917 0.358359 0.199306 0.358867 0.255069 0.360156 0.254514 0.361328 0.256597 0.358867 0.262500 0.358047 0.262847 0.358555 0.264375 0.357812 0.265903 0.359648 0.272361 0.358984 0.283681 0.357812 0.285764 0.356641 0.283681 0.356250 0.265208 0.357070 0.262778 0.356133 0.261111 0.356875 0.256806 0.356133 0.199861 0.356641 0.198125 0.356328 0.194583 0.357187 0.192639 0.356328 0.184722 0.356680 0.179028 0.358203 0.179028 0.357305 0.181736 0.357734 0.186181 0.358789 0.187500 0.360000 0.186944
1 0.337891 0.197917 0.338203 0.194931 0.341406 0.191111 0.342187 0.192500 0.341953 0.194653 0.339492 0.196597 0.338672 0.199306
1 0.346914 0.177708 0.347695 0.179097 0.346211 0.182361 0.345430 0.180139 0.346836 0.177708
1 0.343203 0.185972 0.344805 0.182500 0.345469 0.184653 0.343984 0.187361
1 0.340625 0.176389 0.341250 0.173403 0.342695 0.172500 0.343477 0.173889 0.343477 0.175764 0.342461 0.177778 0.341406 0.177778
1 0.336484 0.176389 0.336484 0.173472 0.337266 0.172083 0.338164 0.174097 0.338164 0.176389 0.337266 0.177778
1 0.347305 0.152153 0.348438 0.148681 0.349883 0.150069 0.350156 0.152153 0.349375 0.153542 0.348008 0.153542
1 0.341367 0.155903 0.340469 0.157292 0.338594 0.154861 0.339375 0.153472 0.341094 0.154861
1 0.337930 0.147986 0.336562 0.149375 0.336172 0.148542 0.335117 0.153542 0.335898 0.155347 0.335117 0.160625 0.335117 0.198472 0.334258 0.204722 0.334336 0.222847 0.333477 0.224722 0.332695 0.223333 0.332539 0.219653 0.333281 0.215903 0.332578 0.214514 0.333555 0.210139 0.333203 0.204375 0.333789 0.203056 0.333437 0.185208 0.334336 0.166250 0.333750 0.162847 0.334766 0.151736 0.334570 0.135764 0.335469 0.137361 0.336055 0.145556 0.336797 0.144514 0.337812 0.147222
1 0.341602 0.137361 0.340820 0.138750 0.337188 0.134861 0.337969 0.133472 0.341289 0.136250
1 0.344609 0.136528 0.346328 0.132639 0.348125 0.133958 0.347891 0.137431 0.345391 0.137917
1 0.342383 0.130625 0.343164 0.129236 0.343945 0.130625 0.343164 0.132014
1 0.341680 0.123542 0.342461 0.122153 0.343242 0.123542 0.342461 0.124931
1 0.342734 0.121875 0.344102 0.119444 0.345352 0.121042 0.347383 0.119236 0.348164 0.120625 0.348047 0.123472 0.346445 0.125556 0.343438 0.123264
1 0.352070 0.108819 0.352969 0.110625 0.351367 0.114097 0.350352 0.112500 0.350352 0.110208 0.352031 0.108819
1 0.349258 0.109861 0.350039 0.111250 0.349258 0.112639 0.347539 0.111250 0.349219 0.109861
1 0.351406 0.105139 0.352187 0.103333 0.352969 0.104722 0.352187 0.106528
1 0.357578 0.087708 0.359766 0.084444 0.360547 0.085833 0.360469 0.094097 0.359609 0.096250 0.358555 0.094861 0.358281 0.089097
1 0.362461 0.077014 0.363594 0.076458 0.364375 0.077847 0.362383 0.080833 0.361602 0.079444 0.362148 0.077500
1 0.361758 0.083264 0.363086 0.080417 0.364453 0.081806 0.364453 0.085278 0.363359 0.087569 0.362227 0.086181 0.362070 0.084375
1 0.365352 0.087014 0.366133 0.085625 0.366992 0.087708 0.365039 0.091319 0.364258 0.089028 0.365352 0.087153
1 0.357969 0.095486 0.358750 0.096875 0.358906 0.100903 0.361797 0.098819 0.362578 0.101806 0.361797 0.103194 0.361055 0.102292 0.359687 0.103750 0.357930 0.103125 0.357109 0.099167 0.357109 0.096875 0.357930 0.095486
1 0.357109 0.110208 0.357891 0.108819 0.359570 0.112222 0.360859 0.124306 0.360703 0.127639 0.358789 0.129583 0.358008 0.128194 0.358164 0.113889 0.357109 0.110347
1 0.360039 0.132361 0.360625 0.142222 0.362539 0.144583 0.359258 0.150139 0.358477 0.148750 0.358320 0.132014 0.359102 0.130625 0.359883 0.132014
1 0.372266 0.115903 0.373047 0.114514 0.373828 0.115903 0.373477 0.119306 0.372656 0.120833 0.371445 0.118056 0.372266 0.115972
1 0.361875 0.122222 0.362656 0.120833 0.363437 0.122222 0.362656 0.123611
1 0.364375 0.121250 0.365156 0.119861 0.365937 0.121250 0.365156 0.122639
1 0.370156 0.101736 0.372305 0.098333 0.373164 0.099722 0.370938 0.103125
1 0.365273 0.106597 0.368203 0.104236 0.368984 0.105625 0.368281 0.107500 0.365781 0.107917
1 0.363633 0.096875 0.364414 0.095486 0.365195 0.096875 0.364414 0.098264
1 0.365586 0.096042 0.366367 0.094653 0.367148 0.096042 0.366367 0.097431
1 0.372344 0.092222 0.373125 0.090833 0.373906 0.092222 0.373125 0.093611
1 0.372070 0.096181 0.372852 0.094792 0.373633 0.096181 0.372852 0.097569
1 0.372461 0.085694 0.373242 0.084306 0.374023 0.085694 0.373242 0.087083
1 0.370703 0.083264 0.371172 0.078403 0.372500 0.077014 0.373281 0.078403 0.371484 0.084653
1 0.368984 0.079514 0.368867 0.077778 0.369648 0.076389 0.370898 0.079028 0.369766 0.080903
1 0.366719 0.075556 0.367500 0.076944 0.366250 0.079306 0.365195 0.077778 0.366211 0.076458
1 0.367422 0.071875 0.369453 0.068333 0.370938 0.067847 0.371719 0.069236 0.368477 0.074236 0.367734 0.072431
1 0.368125 0.060417 0.368906 0.059028 0.370039 0.061389 0.370664 0.060833 0.371445 0.062222 0.370391 0.065069 0.368320 0.062847 0.368750 0.061597
1 0.374141 0.052708 0.374922 0.054097 0.373437 0.055625 0.372422 0.055764 0.371641 0.054375 0.372422 0.052500 0.374063 0.052847
1 0.375391 0.053750 0.376172 0.052361 0.376953 0.054931 0.376172 0.056319 0.375508 0.053958
1 0.361680 0.114792 0.363086 0.112431 0.363867 0.113819 0.362461 0.116181
1 0.389336 0.022778 0.391992 0.018056 0.393516 0.016597 0.394297 0.017986 0.391406 0.023125 0.390234 0.024375 0.389609 0.023889
1 0.394727 0.013194 0.396563 0.011597 0.397344 0.012986 0.395508 0.014583
1 0.398242 0.006667 0.399023 0.005278 0.399805 0.006667 0.399023 0.008056
1 0.383281 0.032431 0.384961 0.034306 0.385664 0.033264 0.386445 0.034653 0.385430 0.037431 0.382969 0.037569 0.382383 0.038819 0.383008 0.042500 0.381797 0.044722 0.381016 0.043333 0.381992 0.041181 0.381445 0.040139 0.382070 0.038819 0.381328 0.036250 0.383164 0.032708
1 0.399844 0.058333 0.400625 0.059722 0.399609 0.062778 0.398008 0.061181 0.399492 0.059028
1 0.392383 0.036944 0.393164 0.035556 0.394766 0.038889 0.393984 0.040278 0.392891 0.037917
1 0.382344 0.048889 0.383594 0.047361 0.384531 0.049028 0.385352 0.067153 0.384570 0.068542 0.383711 0.067014 0.383203 0.062361 0.382969 0.050208
1 0.383320 0.073056 0.384180 0.071667 0.385430 0.074653 0.385508 0.079167 0.384727 0.080556 0.383945 0.079167 0.383633 0.074236
1 0.382734 0.088056 0.383516 0.086667 0.384414 0.088125 0.386211 0.085903 0.387422 0.085764 0.388203 0.087153 0.386133 0.091458 0.384805 0.092292 0.383398 0.090694 0.382734 0.088264
1 0.389258 0.083403 0.390430 0.080694 0.391211 0.082083 0.390039 0.084792
1 0.388398 0.074167 0.389180 0.075556 0.388164 0.079583 0.386641 0.076875 0.388320 0.074583
1 0.393672 0.072222 0.394453 0.070833 0.395391 0.072639 0.394609 0.074028 0.393828 0.072500
1 0.383281 0.103194 0.385430 0.105139 0.383203 0.110139 0.381992 0.105417
1 0.410977 0.040278 0.411758 0.038611 0.414180 0.038889 0.414961 0.040278 0.414180 0.041667 0.411758 0.041667
1 0.383437 0.000000 0.385117 0.000556 0.384531 0.003264 0.385313 0.003125 0.386094 0.004514 0.384648 0.008056 0.383984 0.007361 0.383281 0.008194 0.382500 0.006806 0.382852 0.003403 0.381836 0.000972 0.382930 0.000000
1 0.383281 0.010069 0.384063 0.011458 0.384453 0.014931 0.383672 0.016458 0.382227 0.014167 0.382617 0.010694
1 0.358047 0.072222 0.358320 0.071111 0.357031 0.067569 0.356953 0.063403 0.359023 0.055556 0.360469 0.058333 0.358516 0.063681 0.359805 0.072222 0.358906 0.073819 0.358320 0.073333
1 0.360586 0.055347 0.362031 0.051528 0.362812 0.054167 0.362109 0.056528 0.361367 0.056736
1 0.361055 0.050000 0.364961 0.046458 0.366641 0.049444 0.364883 0.052778 0.361836 0.051389
1 0.359102 0.054861 0.358203 0.054861 0.357734 0.053125 0.356445 0.052083 0.357578 0.049028 0.357227 0.042639 0.357852 0.037639 0.356953 0.033750 0.357852 0.021667 0.357812 0.008194 0.358594 0.006806 0.359375 0.008194 0.359336 0.022708 0.360391 0.022292 0.359492 0.015486 0.360664 0.014306 0.359414 0.004028 0.360195 0.002639 0.360977 0.004583 0.360977 0.001250 0.362227 0.000000 0.363398 0.000000 0.364102 0.001944 0.364297 0.006597 0.363477 0.008403 0.364883 0.009792 0.363750 0.011875 0.364687 0.014097 0.363906 0.016042 0.362422 0.015208 0.361719 0.017014 0.363633 0.016042 0.365352 0.021319 0.365898 0.021389 0.365859 0.017569 0.366641 0.016181 0.367422 0.017569 0.367422 0.023819 0.368516 0.019653 0.370156 0.022847 0.370352 0.025278 0.369375 0.026875 0.370859 0.030486 0.370078 0.032014 0.369258 0.031528 0.367305 0.025417 0.365234 0.026042 0.363437 0.029306 0.363125 0.034444 0.362344 0.035833 0.360078 0.035833 0.359297 0.034444 0.359883 0.031181 0.361641 0.028889 0.360859 0.027500 0.361641 0.026111 0.363828 0.026111 0.364844 0.022083 0.363320 0.022431 0.361953 0.020556 0.361641 0.024931 0.360195 0.025417 0.359219 0.024444 0.358516 0.034583 0.360547 0.041667 0.361875 0.039583 0.360391 0.037986 0.361172 0.036597 0.363203 0.037569 0.363789 0.030972 0.364766 0.029236 0.365547 0.030625 0.365039 0.034306 0.365859 0.035694 0.366250 0.044722 0.365469 0.046111 0.364883 0.045625 0.364375 0.040486 0.363984 0.046667 0.363203 0.047847 0.362344 0.046944 0.361055 0.049097 0.360273 0.047986 0.360078 0.045556 0.358750 0.045139 0.358789 0.046944 0.359883 0.048889 0.359414 0.050556 0.360469 0.052431 0.359883 0.053750
1 0.359102 0.050694 0.358750 0.051181 0.359258 0.050625
1 0.361055 0.017708 0.361602 0.017153 0.361055 0.016181
1 0.366758 0.043194 0.367539 0.041597 0.368320 0.042986 0.367539 0.044583
1 0.369492 0.039028 0.368320 0.041806 0.367148 0.040417 0.367539 0.034653 0.368594 0.032917 0.371094 0.033125 0.371641 0.036389 0.369453 0.038681
1 0.369961 0.035625 0.369062 0.035694 0.370078 0.035694
1 0.372500 0.013264 0.373281 0.014653 0.373203 0.018125 0.374766 0.019653 0.373906 0.021597 0.374414 0.023056 0.375156 0.022153 0.375937 0.023542 0.376055 0.026111 0.374297 0.030139 0.372617 0.027847 0.374375 0.025278 0.374375 0.023472 0.373945 0.024861 0.372500 0.023681 0.372930 0.021250 0.371055 0.019514 0.371836 0.018125 0.371758 0.014375
1 0.372891 0.011667 0.372031 0.010139 0.373477 0.008056 0.374961 0.012222 0.374180 0.013611 0.373008 0.011667
1 0.374570 0.009236 0.375352 0.007847 0.376133 0.008333 0.376445 0.009444 0.375273 0.010625
1 0.366563 0.002292 0.367344 0.000694 0.369688 0.002986 0.368398 0.005069 0.369375 0.008542 0.369375 0.012569 0.368594 0.013958 0.367812 0.012569 0.367812 0.010000 0.367148 0.010972 0.366172 0.009097 0.366172 0.005069 0.367383 0.003889
1 0.367578 0.004306 0.367617 0.005486 0.368047 0.005069
1 0.369883 0.001597 0.370664 0.000208 0.371523 0.002431 0.372695 0.001250 0.373477 0.002639 0.370859 0.006806 0.369961 0.005208 0.369961 0.002222
1 0.342930 0.095486 0.344453 0.097014 0.343438 0.100278 0.341250 0.097500 0.340117 0.092361 0.343242 0.088264 0.342617 0.088403 0.341914 0.086181 0.340508 0.084861 0.342031 0.082153 0.343711 0.083611 0.344023 0.087292 0.348008 0.087847 0.348281 0.090208 0.346367 0.092292 0.344961 0.089861 0.344102 0.089861 0.343672 0.091528 0.342187 0.092778 0.342852 0.095486
1 0.338477 0.106597 0.339258 0.105208 0.340391 0.106597 0.339336 0.109167 0.338555 0.107222
1 0.336602 0.108472 0.337383 0.107083 0.338164 0.108472 0.337383 0.109861
1 0.338242 0.114583 0.339023 0.113194 0.339805 0.114583 0.340039 0.117292 0.339258 0.118681 0.338281 0.115000
1 0.349727 0.087708 0.350781 0.084167 0.352813 0.085694 0.352461 0.087708 0.350508 0.089097
1 0.348281 0.083681 0.347031 0.082222 0.347539 0.080972 0.348477 0.080556 0.349961 0.082083 0.350508 0.083681 0.349062 0.085069
1 0.352617 0.075486 0.353906 0.076736 0.351094 0.079722 0.350469 0.078611 0.349883 0.079097 0.347969 0.075556 0.346211 0.080347 0.345117 0.078819 0.344336 0.072847 0.343555 0.074514 0.343633 0.077361 0.344180 0.076944 0.344961 0.078333 0.342695 0.081458 0.341797 0.080278 0.339570 0.084444 0.341914 0.089028 0.341133 0.090417 0.340352 0.089931 0.339609 0.092014 0.337500 0.089931 0.338320 0.086528 0.337188 0.085278 0.338906 0.082014 0.338438 0.080694 0.338711 0.077361 0.339492 0.076042 0.340273 0.077431 0.340078 0.079792 0.342656 0.074861 0.340273 0.074028 0.339609 0.072639 0.340391 0.071250 0.342734 0.072083 0.343477 0.070139 0.342266 0.069306 0.341484 0.070000 0.340703 0.068611 0.341211 0.066736 0.342539 0.066389 0.342578 0.063611 0.342148 0.063472 0.341406 0.065278 0.340078 0.064306 0.340273 0.069722 0.339492 0.071111 0.338516 0.069236 0.337891 0.055208 0.340703 0.048333 0.344453 0.045694 0.343164 0.045625 0.342383 0.044236 0.345195 0.038333 0.348633 0.039653 0.349219 0.038611 0.350859 0.040833 0.351602 0.038611 0.352383 0.039931 0.354258 0.039792 0.355039 0.041181 0.354336 0.042500 0.355352 0.047847 0.354570 0.049236 0.353008 0.047708 0.352930 0.049444 0.353555 0.048889 0.354336 0.050278 0.353906 0.052778 0.355039 0.055347 0.353828 0.058889 0.353945 0.062083 0.353125 0.063472 0.354258 0.065556 0.353281 0.067083 0.351992 0.066319 0.352617 0.067569 0.351875 0.070625 0.349688 0.073125 0.350664 0.077917
1 0.345742 0.044792 0.346523 0.046181 0.346055 0.047917 0.346602 0.049722 0.347891 0.051042 0.348477 0.050069 0.350039 0.052014 0.349727 0.050833 0.351562 0.049028 0.350586 0.047153 0.350898 0.047986 0.350117 0.049375 0.347852 0.048958 0.346758 0.046806 0.346523 0.043889 0.347305 0.042500 0.348281 0.046181 0.350312 0.046667 0.348164 0.042569 0.345664 0.041736 0.345000 0.045278
1 0.348828 0.055486 0.347891 0.054931 0.347852 0.059028 0.348984 0.062083 0.347187 0.067778 0.348672 0.071875 0.349766 0.069792 0.348828 0.064514 0.352383 0.062361 0.352344 0.055208 0.351367 0.053889 0.351602 0.052431 0.349844 0.055278 0.348906 0.055417
1 0.345234 0.056806 0.346328 0.057639 0.345938 0.055625 0.345117 0.055278
1 0.340547 0.054583 0.341641 0.055556 0.342227 0.053125 0.341367 0.051875
1 0.344687 0.070347 0.344375 0.072708 0.345352 0.069167 0.344492 0.070000
1 0.346523 0.064097 0.345703 0.062708 0.345156 0.063611 0.346250 0.064653
1 0.343945 0.061597 0.343828 0.063194 0.344687 0.065347 0.344922 0.063958
1 0.344219 0.058750 0.344766 0.060139 0.345078 0.059306
1 0.350703 0.074792 0.352031 0.072153 0.352773 0.068333 0.353555 0.067222 0.354141 0.067708 0.354883 0.072917 0.351484 0.076181
1 0.345781 0.082153 0.347305 0.083681 0.346289 0.086528 0.344141 0.084861 0.343711 0.082778 0.344805 0.079931 0.345664 0.082153
1 0.353516 0.020347 0.354297 0.021736 0.353672 0.024097 0.355039 0.025486 0.355039 0.029583 0.352734 0.032292 0.352187 0.034722 0.354492 0.037083 0.352539 0.039306 0.351289 0.037847 0.349492 0.038264 0.348008 0.037014 0.347109 0.038125 0.346406 0.036042 0.349336 0.028681 0.349453 0.026667 0.351797 0.024097 0.352891 0.020903
1 0.352539 0.029028 0.353398 0.027083 0.352187 0.028333 0.352227 0.029375
1 0.353398 0.032986 0.354180 0.031597 0.355313 0.032986 0.354180 0.034375
1 0.351797 0.042917 0.351133 0.041597 0.353047 0.046875 0.354180 0.045486 0.352305 0.042917
1 0.350430 0.061667 0.348945 0.061111 0.348164 0.058958 0.351055 0.054167 0.351836 0.055556 0.351914 0.058333 0.351172 0.060694
1 0.341367 0.058611 0.341641 0.060625 0.341289 0.057986