0 0.832969 0.653611 0.872292 0.684907 0.840313 0.686019 0.801979 0.655093
0 0.918125 0.718889 0.887396 0.722963 0.841146 0.686481 0.872083 0.685370 0.918333 0.718889
0 0.800260 0.653889 0.838594 0.685648 0.804063 0.686944 0.766094 0.653148 0.800573 0.653889
0 0.885417 0.723519 0.849844 0.727500 0.805365 0.687870 0.839010 0.686852 0.885208 0.723519
0 0.807448 0.731204 0.763177 0.687222 0.803281 0.686852 0.848073 0.727500
0 0.801458 0.685556 0.761927 0.686296 0.726771 0.651481 0.764583 0.652963
0 0.723646 0.650648 0.760156 0.686574 0.716823 0.685278 0.683698 0.649167 0.723958 0.650648
0 0.804010 0.730370 0.758177 0.730926 0.717708 0.686296 0.761146 0.686944 0.804219 0.730370
0 0.713385 0.684444 0.666146 0.682593 0.637917 0.645370 0.681667 0.648519 0.713594 0.684444
0 0.754635 0.730463 0.702604 0.730463 0.666667 0.683611 0.714271 0.685185
0 0.664010 0.682222 0.612552 0.679722 0.590052 0.641296 0.635417 0.645000 0.663125 0.681574
0 0.699948 0.730278 0.641354 0.729907 0.613281 0.680926 0.664687 0.683426 0.700260 0.730556
0 0.569427 0.640926 0.589635 0.679074 0.534010 0.675370 0.521146 0.638148
0 0.615833 0.728426 0.552188 0.727407 0.534740 0.677222 0.589844 0.680370 0.616146 0.728704
0 0.518021 0.636852 0.530469 0.675278 0.474479 0.670833 0.468698 0.634167
0 0.547760 0.725278 0.480729 0.723426 0.473698 0.672130 0.531198 0.676111
0 0.416458 0.627500 0.466198 0.632870 0.470208 0.669907 0.412969 0.664537 0.416198 0.627037
0 0.407917 0.715926 0.412969 0.665463 0.470208 0.669907 0.476354 0.722500
0 0.364583 0.621852 0.413802 0.628148 0.409167 0.663519 0.352500 0.657963
0 0.403750 0.713704 0.336771 0.706296 0.352708 0.658333 0.409167 0.664630 0.403333 0.713333
0 0.295208 0.649907 0.313854 0.616481 0.361198 0.621481 0.349375 0.656852
0 0.349323 0.657407 0.333281 0.705463 0.269792 0.697222 0.294479 0.650833
0 0.265990 0.607593 0.311406 0.615000 0.292656 0.649259 0.241302 0.640833 0.266094 0.607407
0 0.208021 0.686759 0.240990 0.641852 0.292552 0.650093 0.266510 0.697315
0 0.239948 0.606111 0.213802 0.640278 0.168385 0.629630 0.198177 0.599352
0 0.212708 0.641111 0.178594 0.684907 0.129688 0.670370 0.167187 0.630741
0 0.164792 0.630741 0.127187 0.669352 0.083698 0.655370 0.123646 0.621019 0.165000 0.630741
0 0.166198 0.630463 0.125052 0.620370 0.157344 0.592685 0.195469 0.599722
0 0.120156 0.585185 0.155260 0.592685 0.122865 0.620000 0.086354 0.609907 0.120260 0.585000
0 0.043854 0.641574 0.085677 0.610741 0.121875 0.620741 0.081719 0.655370 0.043958 0.641759
0 0.118958 0.584537 0.084062 0.610000 0.052969 0.600278 0.086771 0.578241 0.118333 0.584352
0 0.083177 0.610556 0.042083 0.641481 0.010313 0.630000 0.051354 0.601204 0.083333 0.610556
0 0.057917 0.571019 0.085156 0.577963 0.050260 0.600741 0.022812 0.592315 0.058021 0.571204
0 0.008698 0.628981 0.000208 0.625741 0.000208 0.606389 0.022500 0.592778 0.049740 0.601019
1 0.917396 0.719444 0.887656 0.724630 0.842813 0.686481 0.873542 0.685648 0.917604 0.719444
1 0.872083 0.684815 0.842083 0.687407 0.804323 0.654907 0.832604 0.655370
1 0.805781 0.687407 0.841146 0.686481 0.886458 0.724630 0.850156 0.728056
1 0.766354 0.652685 0.800937 0.654444 0.839427 0.686111 0.803594 0.687407 0.765625 0.652685
1 0.848802 0.728056 0.807604 0.731944 0.762552 0.688241 0.802969 0.687407 0.848542 0.728056
1 0.801302 0.686111 0.761563 0.687778 0.726719 0.651019 0.764740 0.652685 0.801042 0.686111
1 0.804427 0.731111 0.757448 0.732870 0.718229 0.686481 0.760365 0.686944 0.803958 0.731111
1 0.685052 0.649259 0.726250 0.651389 0.759375 0.686481 0.716771 0.685185 0.685312 0.650093
1 0.666406 0.682593 0.714896 0.685185 0.755833 0.731574 0.701979 0.731111
1 0.639375 0.645370 0.681302 0.648426 0.714427 0.684815 0.665469 0.681759 0.638646 0.644907
1 0.665208 0.682593 0.700313 0.730648 0.641562 0.729352 0.612344 0.679167
1 0.589948 0.641481 0.637188 0.646667 0.663750 0.681296 0.611615 0.679537
1 0.589063 0.679537 0.616094 0.728056 0.551302 0.726296 0.534375 0.676111
1 0.520573 0.638981 0.567865 0.639815 0.589531 0.678426 0.533750 0.675833 0.520104 0.638148
1 0.474531 0.671019 0.531042 0.675833 0.547135 0.725648 0.480417 0.723056 0.474062 0.671481
1 0.518802 0.638611 0.530573 0.674722 0.473542 0.670000 0.468646 0.635000 0.518802 0.638241
1 0.416458 0.628519 0.466615 0.633889 0.470260 0.671111 0.413646 0.665278 0.416458 0.628889
1 0.412813 0.665648 0.470260 0.671852 0.475781 0.719444 0.408542 0.713704 0.412813 0.665000
1 0.364115 0.622778 0.413021 0.628148 0.408750 0.664259 0.352708 0.657778 0.363698 0.622407
1 0.408854 0.665278 0.403073 0.712963 0.336667 0.705370 0.351719 0.659907
1 0.313333 0.615556 0.360833 0.622778 0.348646 0.658796 0.294635 0.650926
1 0.348646 0.659537 0.333646 0.706111 0.269687 0.697037 0.294063 0.651204 0.348646 0.659167
1 0.265000 0.608981 0.311719 0.615185 0.292031 0.649444 0.240625 0.642222 0.264792 0.608981
1 0.291615 0.650556 0.266406 0.696019 0.208750 0.685556 0.239635 0.642963 0.291406 0.650556
1 0.240521 0.607593 0.213125 0.640741 0.168229 0.631019 0.197500 0.600000 0.240521 0.607222
1 0.212448 0.640741 0.179219 0.684815 0.129271 0.670741 0.167240 0.631759
1 0.158021 0.592130 0.194844 0.600000 0.164583 0.629907 0.124583 0.620556
1 0.165000 0.631019 0.127448 0.669630 0.083177 0.655926 0.124583 0.621667 0.164583 0.631019
1 0.086198 0.610463 0.119896 0.585556 0.156042 0.591667 0.122969 0.619444 0.086198 0.610833
1 0.120937 0.620556 0.080729 0.654815 0.044375 0.642593 0.085625 0.612222 0.121146 0.620556
1 0.117604 0.584630 0.083594 0.610463 0.050469 0.602130 0.087656 0.579074
1 0.010469 0.629259 0.050260 0.603241 0.083594 0.611204 0.042135 0.641111 0.010104 0.629630
1 0.086198 0.578333 0.049271 0.601759 0.021458 0.593519 0.055781 0.571111
1 0.048542 0.602130 0.008542 0.629630 0.000208 0.626296 0.000000 0.607593 0.020417 0.593889 0.048438 0.602130