0 0.832969 0.653611 0.872292 0.684907 0.840313 0.686019 0.801979 0.655093
0 0.918125 0.718889 0.887396 0.722963 0.841146 0.686481 0.872083 0.685370 0.918333 0.718889
0 0.800260 0.653889 0.838594 0.685648 0.804063 0.686944 0.766094 0.653148 0.800573 0.653889
0 0.885417 0.723519 0.849844 0.727500 0.805365 0.687870 0.839010 0.686852 0.885208 0.723519
0 0.807448 0.731204 0.763177 0.687222 0.803281 0.686852 0.848073 0.727500
0 0.801458 0.685556 0.761927 0.686296 0.726771 0.651481 0.764583 0.652963
0 0.723646 0.650648 0.760156 0.686574 0.716823 0.685278 0.683698 0.649167 0.723958 0.650648
0 0.804010 0.730370 0.758177 0.730926 0.717708 0.686296 0.761146 0.686944 0.804219 0.730370
0 0.713385 0.684444 0.666146 0.682593 0.637917 0.645370 0.681667 0.648519 0.713594 0.684444
0 0.754635 0.730463 0.702604 0.730463 0.666667 0.683611 0.714271 0.685185
0 0.664010 0.682222 0.612552 0.679722 0.590052 0.641296 0.635417 0.645000 0.663125 0.681574
0 0.699948 0.730278 0.641354 0.729907 0.613281 0.680926 0.664687 0.683426 0.700260 0.730556
0 0.569427 0.640926 0.589635 0.679074 0.534010 0.675370 0.521146 0.638148
0 0.615833 0.728426 0.552188 0.727407 0.534740 0.677222 0.589844 0.680370 0.616146 0.728704
0 0.518021 0.636852 0.530469 0.675278 0.474479 0.670833 0.468698 0.634167
0 0.547760 0.725278 0.480729 0.723426 0.473698 0.672130 0.531198 0.676111
0 0.416458 0.627500 0.466198 0.632870 0.470208 0.669907 0.412969 0.664537 0.416198 0.627037
0 0.407917 0.715926 0.412969 0.665463 0.470208 0.669907 0.476354 0.722500
0 0.364583 0.621852 0.413802 0.628148 0.409167 0.663519 0.352500 0.657963
0 0.403750 0.713704 0.336771 0.706296 0.352708 0.658333 0.409167 0.664630 0.403333 0.713333
0 0.295208 0.649907 0.313854 0.616481 0.361198 0.621481 0.349375 0.656852
0 0.349323 0.657407 0.333281 0.705463 0.269792 0.697222 0.294479 0.650833
0 0.265990 0.607593 0.311406 0.615000 0.292656 0.649259 0.241302 0.640833 0.266094 0.607407
0 0.208021 0.686759 0.240990 0.641852 0.292552 0.650093 0.266510 0.697315
0 0.239948 0.606111 0.213802 0.640278 0.168385 0.629630 0.198177 0.599352
0 0.212708 0.641111 0.178594 0.684907 0.129688 0.670370 0.167187 0.630741
0 0.164792 0.630741 0.127187 0.669352 0.083698 0.655370 0.123646 0.621019 0.165000 0.630741
0 0.166198 0.630463 0.125052 0.620370 0.157344 0.592685 0.195469 0.599722
0 0.120156 0.585185 0.155260 0.592685 0.122865 0.620000 0.086354 0.609907 0.120260 0.585000
0 0.043854 0.641574 0.085677 0.610741 0.121875 0.620741 0.081719 0.655370 0.043958 0.641759
0 0.118958 0.584537 0.084062 0.610000 0.052969 0.600278 0.086771 0.578241 0.118333 0.584352
0 0.083177 0.610556 0.042083 0.641481 0.010313 0.630000 0.051354 0.601204 0.083333 0.610556
0 0.057917 0.571019 0.085156 0.577963 0.050260 0.600741 0.022812 0.592315 0.058021 0.571204
0 0.008698 0.628981 0.000208 0.625741 0.000208 0.606389 0.022500 0.592778 0.049740 0.601019
1 0.849740 0.686204 0.853646 0.691759 0.854010 0.693796 0.852969 0.695648 0.850312 0.695000 0.844635 0.688056 0.845677 0.686204 0.849688 0.686204
1 0.769219 0.691111 0.770260 0.689259 0.774115 0.689259 0.781615 0.700093 0.780417 0.701944 0.778490 0.699537 0.775937 0.698981 0.772604 0.692870 0.770260 0.692963
1 0.798281 0.678426 0.799323 0.676574 0.800365 0.678426 0.799323 0.680278
1 0.813750 0.667037 0.812708 0.668889 0.810208 0.667593 0.809792 0.666111 0.810833 0.664259 0.813021 0.665278
1 0.792083 0.655926 0.791042 0.657778 0.788177 0.658333 0.772083 0.658056 0.770573 0.655000 0.771615 0.652870 0.774167 0.653704 0.775156 0.652500 0.786146 0.652500 0.791354 0.654074
1 0.733177 0.651667 0.740469 0.653519 0.761979 0.652222 0.763021 0.654074 0.761094 0.656019 0.748594 0.655278 0.744531 0.656296 0.742292 0.654630 0.738594 0.656667 0.735052 0.656574 0.732396 0.655185 0.732396 0.652315
1 0.680208 0.648056 0.681250 0.649907 0.680208 0.651759 0.678177 0.650093 0.669219 0.650093 0.667188 0.651481 0.666771 0.649815 0.667240 0.647500 0.668906 0.646852 0.675156 0.646481 0.676198 0.648056 0.680156 0.648056
1 0.590833 0.642963 0.591875 0.641111 0.595625 0.641111 0.596667 0.642963 0.593750 0.642593 0.591875 0.644815
1 0.531667 0.636296 0.554583 0.638426 0.565521 0.637222 0.569271 0.645093 0.567187 0.646944 0.561771 0.644167 0.560729 0.642315 0.561042 0.641111 0.550990 0.641667 0.549948 0.643333 0.539271 0.643333 0.537917 0.640926 0.535573 0.642407 0.530990 0.640926 0.529948 0.639074 0.531146 0.637222
1 0.409948 0.630000 0.412031 0.627870 0.414062 0.630648 0.412031 0.635741 0.409948 0.633889 0.410208 0.631204
1 0.353125 0.623426 0.356510 0.620093 0.358542 0.620000 0.360625 0.624630 0.359271 0.629907 0.358229 0.630926 0.356667 0.629074 0.357500 0.623704 0.354167 0.625278
1 0.287135 0.652593 0.283438 0.653796 0.278490 0.651296 0.273229 0.651667 0.272552 0.649259 0.273594 0.647407 0.278490 0.647593 0.289219 0.650185 0.288021 0.651759
1 0.197448 0.600556 0.198333 0.599444 0.205260 0.602130 0.227969 0.605093 0.232969 0.607407 0.234688 0.611111 0.233646 0.612963 0.231302 0.612963 0.228281 0.611389 0.226302 0.608148 0.221406 0.606204 0.206771 0.605370 0.205260 0.607778 0.201198 0.607500 0.200156 0.605370 0.201563 0.603056 0.198490 0.602407
1 0.159375 0.594259 0.160417 0.592407 0.172083 0.593889 0.187135 0.597500 0.189010 0.600556 0.187500 0.601759 0.186458 0.605741 0.185052 0.601944 0.181250 0.601296 0.180208 0.603333 0.179271 0.600556 0.176615 0.599444 0.174427 0.600556 0.172917 0.597963 0.172083 0.600926 0.168542 0.600926 0.161771 0.598796 0.160312 0.596111
1 0.133646 0.615926 0.134688 0.614074 0.135260 0.615093 0.136198 0.614074 0.138281 0.616759 0.136042 0.620741 0.135156 0.619815 0.134167 0.621019 0.133125 0.619167 0.134115 0.616759
1 0.149427 0.631296 0.141458 0.627407 0.136042 0.627685 0.135000 0.625833 0.137552 0.623333 0.143490 0.623981 0.151094 0.626667 0.152135 0.628519 0.150313 0.630370
1 0.117448 0.638426 0.118490 0.640278 0.117448 0.642130 0.107604 0.642130 0.106562 0.640278 0.107604 0.636296 0.111250 0.638426 0.117344 0.638426
1 0.110156 0.618333 0.118542 0.620833 0.114375 0.625370 0.110573 0.621944 0.104219 0.622500 0.101823 0.620370 0.102865 0.618519 0.110052 0.618333
1 0.098958 0.637222 0.100000 0.635370 0.102448 0.635370 0.114740 0.625185 0.115417 0.626204 0.111771 0.630278 0.107188 0.632407 0.101250 0.638704 0.100000 0.639352 0.098958 0.637407
1 0.090677 0.611111 0.088854 0.611389 0.087813 0.608981 0.092552 0.603519 0.094583 0.603796 0.095625 0.605648 0.094427 0.608981 0.091667 0.610000
1 0.082448 0.613148 0.081042 0.615000 0.078385 0.613148 0.067500 0.611296 0.066354 0.612593 0.060365 0.608148 0.059010 0.605370 0.060052 0.603519 0.067292 0.607407 0.070208 0.607130 0.081667 0.611389