0 0.832969 0.653611 0.872292 0.684907 0.840313 0.686019 0.801979 0.655093
0 0.918125 0.718889 0.887396 0.722963 0.841146 0.686481 0.872083 0.685370 0.918333 0.718889
0 0.800260 0.653889 0.838594 0.685648 0.804063 0.686944 0.766094 0.653148 0.800573 0.653889
0 0.885417 0.723519 0.849844 0.727500 0.805365 0.687870 0.839010 0.686852 0.885208 0.723519
0 0.807448 0.731204 0.763177 0.687222 0.803281 0.686852 0.848073 0.727500
0 0.801458 0.685556 0.761927 0.686296 0.726771 0.651481 0.764583 0.652963
0 0.723646 0.650648 0.760156 0.686574 0.716823 0.685278 0.683698 0.649167 0.723958 0.650648
0 0.804010 0.730370 0.758177 0.730926 0.717708 0.686296 0.761146 0.686944 0.804219 0.730370
0 0.713385 0.684444 0.666146 0.682593 0.637917 0.645370 0.681667 0.648519 0.713594 0.684444
0 0.754635 0.730463 0.702604 0.730463 0.666667 0.683611 0.714271 0.685185
0 0.664010 0.682222 0.612552 0.679722 0.590052 0.641296 0.635417 0.645000 0.663125 0.681574
0 0.699948 0.730278 0.641354 0.729907 0.613281 0.680926 0.664687 0.683426 0.700260 0.730556
0 0.569427 0.640926 0.589635 0.679074 0.534010 0.675370 0.521146 0.638148
0 0.615833 0.728426 0.552188 0.727407 0.534740 0.677222 0.589844 0.680370 0.616146 0.728704
0 0.518021 0.636852 0.530469 0.675278 0.474479 0.670833 0.468698 0.634167
0 0.547760 0.725278 0.480729 0.723426 0.473698 0.672130 0.531198 0.676111
0 0.416458 0.627500 0.466198 0.632870 0.470208 0.669907 0.412969 0.664537 0.416198 0.627037
0 0.407917 0.715926 0.412969 0.665463 0.470208 0.669907 0.476354 0.722500
0 0.364583 0.621852 0.413802 0.628148 0.409167 0.663519 0.352500 0.657963
0 0.403750 0.713704 0.336771 0.706296 0.352708 0.658333 0.409167 0.664630 0.403333 0.713333
0 0.295208 0.649907 0.313854 0.616481 0.361198 0.621481 0.349375 0.656852
0 0.349323 0.657407 0.333281 0.705463 0.269792 0.697222 0.294479 0.650833
0 0.265990 0.607593 0.311406 0.615000 0.292656 0.649259 0.241302 0.640833 0.266094 0.607407
0 0.208021 0.686759 0.240990 0.641852 0.292552 0.650093 0.266510 0.697315
0 0.239948 0.606111 0.213802 0.640278 0.168385 0.629630 0.198177 0.599352
0 0.212708 0.641111 0.178594 0.684907 0.129688 0.670370 0.167187 0.630741
0 0.164792 0.630741 0.127187 0.669352 0.083698 0.655370 0.123646 0.621019 0.165000 0.630741
0 0.166198 0.630463 0.125052 0.620370 0.157344 0.592685 0.195469 0.599722
0 0.120156 0.585185 0.155260 0.592685 0.122865 0.620000 0.086354 0.609907 0.120260 0.585000
0 0.043854 0.641574 0.085677 0.610741 0.121875 0.620741 0.081719 0.655370 0.043958 0.641759
0 0.118958 0.584537 0.084062 0.610000 0.052969 0.600278 0.086771 0.578241 0.118333 0.584352
0 0.083177 0.610556 0.042083 0.641481 0.010313 0.630000 0.051354 0.601204 0.083333 0.610556
0 0.057917 0.571019 0.085156 0.577963 0.050260 0.600741 0.022812 0.592315 0.058021 0.571204
0 0.008698 0.628981 0.000208 0.625741 0.000208 0.606389 0.022500 0.592778 0.049740 0.601019
1 0.845208 0.688796 0.846250 0.686944 0.850000 0.687130 0.855625 0.692778 0.854583 0.694630 0.851094 0.694630 0.846250 0.690648
1 0.807500 0.658056 0.808542 0.656204 0.815104 0.662315 0.813229 0.664074 0.807865 0.659537
1 0.815937 0.666019 0.816979 0.664167 0.819219 0.664352 0.828385 0.670556 0.832292 0.669167 0.847917 0.668796 0.856823 0.672963 0.867760 0.683796 0.866719 0.685648 0.839323 0.684630 0.826094 0.673148 0.816979 0.667870
1 0.850625 0.681111 0.849583 0.682963 0.850625 0.685000 0.852604 0.684630 0.853750 0.682500 0.852708 0.680648 0.851094 0.681296
1 0.863750 0.685000 0.864792 0.683148 0.862708 0.680093 0.861667 0.681944 0.863021 0.683704
1 0.782500 0.665093 0.785052 0.664722 0.794948 0.669074 0.795938 0.667963 0.816302 0.668704 0.831927 0.679167 0.835990 0.683704 0.834948 0.685556 0.829062 0.686667 0.803437 0.685556 0.794167 0.679259 0.787917 0.671759 0.782187 0.667222 0.781771 0.665278 0.782396 0.665093
1 0.775729 0.661759 0.771563 0.658704 0.770885 0.656944 0.774479 0.654352 0.784687 0.656111 0.797760 0.654907 0.798802 0.656759 0.797812 0.658611 0.795781 0.657037 0.794844 0.658241 0.790885 0.657685 0.789479 0.659537 0.780625 0.658704 0.777760 0.656481 0.776042 0.658519 0.776458 0.660556
1 0.729115 0.653796 0.742135 0.654815 0.741146 0.656111 0.741927 0.657315 0.746823 0.658333 0.746563 0.661481 0.757240 0.668241 0.779531 0.668981 0.779427 0.666481 0.800417 0.686389 0.761510 0.685833 0.728802 0.653981
1 0.835365 0.690741 0.835729 0.689352 0.837500 0.688704 0.843438 0.694167 0.842187 0.696019 0.836406 0.692593
1 0.831458 0.687685 0.832500 0.689537 0.830833 0.693889 0.827448 0.694630 0.826042 0.696389 0.823906 0.696204 0.822865 0.694352 0.823698 0.691389 0.826198 0.689167 0.830885 0.687963
1 0.820156 0.686944 0.821823 0.686944 0.822865 0.688796 0.818958 0.694167 0.814219 0.694630 0.813229 0.696019 0.805729 0.688796 0.806771 0.686759 0.809010 0.686759 0.814531 0.690926 0.817865 0.690926 0.819375 0.687593
1 0.775208 0.687778 0.776563 0.690093 0.788958 0.689444 0.793802 0.690093 0.794687 0.691667 0.801615 0.690463 0.806354 0.695278 0.803385 0.697222 0.779896 0.695093 0.788385 0.704907 0.793229 0.708056 0.795000 0.712778 0.800312 0.715926 0.801146 0.718241 0.806042 0.720463 0.801927 0.725000 0.763437 0.688241 0.775104 0.687778
1 0.710417 0.652593 0.711458 0.650741 0.717813 0.651111 0.721198 0.652407 0.722396 0.654722 0.721250 0.656574 0.717865 0.654815 0.711094 0.654352
1 0.667135 0.650833 0.668177 0.648981 0.677188 0.648148 0.683281 0.655278 0.684688 0.658333 0.683646 0.660185 0.675260 0.654815 0.668177 0.652685
1 0.642708 0.644630 0.643854 0.646481 0.643073 0.648426 0.648802 0.656667 0.652813 0.655463 0.656406 0.657778 0.661563 0.668056 0.660521 0.669907 0.659062 0.669907 0.651823 0.664352 0.646927 0.658704 0.639531 0.647037 0.640573 0.644630 0.642656 0.644630
1 0.574063 0.649537 0.573021 0.651389 0.571979 0.650741 0.569010 0.645093 0.562969 0.646019 0.561979 0.644537 0.556615 0.644722 0.555573 0.642870 0.556719 0.640833 0.568542 0.640463 0.570417 0.641852 0.573333 0.647778
1 0.529687 0.652870 0.527813 0.650648 0.526771 0.651667 0.524167 0.647963 0.523177 0.642407 0.524219 0.640556 0.543906 0.640741 0.544948 0.642593 0.543906 0.644444 0.532865 0.645185 0.532865 0.650000 0.530260 0.652500
1 0.532813 0.660000 0.533854 0.658148 0.535052 0.660093 0.533490 0.661667
1 0.533958 0.669444 0.535677 0.667685 0.540521 0.672870 0.539427 0.674722 0.534896 0.671204
1 0.474687 0.651019 0.475729 0.649167 0.479271 0.648796 0.481615 0.648796 0.482656 0.650648 0.481615 0.652500 0.475729 0.652870
1 0.475833 0.665463 0.477917 0.663241 0.481615 0.663889 0.483542 0.665463 0.484271 0.667778 0.482240 0.669907 0.478542 0.669444 0.476667 0.667315
1 0.483854 0.710370 0.489948 0.718333 0.488646 0.720185 0.484010 0.717222 0.482552 0.712870 0.483750 0.710370
1 0.413437 0.658519 0.416615 0.652870 0.421563 0.652500 0.424792 0.655093 0.425729 0.658704 0.427187 0.659630 0.428802 0.663981 0.427760 0.665833 0.425990 0.665833 0.420208 0.663333 0.414635 0.663333 0.413177 0.659167
1 0.443125 0.675741 0.442083 0.677778 0.438490 0.672963 0.439531 0.671111 0.442708 0.674167
1 0.428802 0.670648 0.427760 0.672500 0.422552 0.671759 0.421667 0.695556 0.419063 0.702963 0.418906 0.708704 0.420104 0.711204 0.419740 0.712778 0.414948 0.713519 0.412344 0.711019 0.411354 0.707130 0.410260 0.708704 0.409219 0.706852 0.409219 0.704352 0.410625 0.690741 0.412031 0.687870 0.413229 0.687963 0.414740 0.678333 0.412969 0.676574 0.414010 0.674074 0.415938 0.673889 0.415938 0.670741 0.413229 0.667963 0.414635 0.666111 0.416979 0.665741 0.428438 0.669259
1 0.368906 0.660648 0.369948 0.662500 0.368906 0.664352 0.365781 0.664352 0.364740 0.662500 0.365781 0.660463 0.368854 0.660648
1 0.357656 0.677778 0.357448 0.678889 0.359063 0.678889 0.360104 0.680741 0.359063 0.682593 0.357396 0.682593 0.356563 0.679630 0.355052 0.681759 0.349062 0.680833 0.348281 0.682870 0.352812 0.684352 0.354115 0.686574 0.354219 0.689722 0.350417 0.701019 0.348958 0.702222 0.347552 0.700926 0.346146 0.704537 0.343542 0.704259 0.341979 0.702407 0.341979 0.698519 0.344271 0.697500 0.343333 0.691759 0.345625 0.686481 0.345000 0.685278 0.347760 0.676389 0.356719 0.675926
1 0.345625 0.660463 0.346667 0.662500 0.343854 0.668148 0.342813 0.666296 0.344635 0.661667
1 0.336615 0.620370 0.337656 0.618519 0.338698 0.620370 0.337656 0.622222
1 0.352604 0.624352 0.354323 0.622222 0.355677 0.623426 0.356927 0.622037 0.359479 0.624907 0.359375 0.627037 0.352969 0.643981 0.353385 0.645648 0.349948 0.655556 0.350417 0.656667 0.347969 0.657870 0.346927 0.655648 0.347344 0.654167 0.349010 0.652685 0.348854 0.651204 0.349844 0.652685 0.350885 0.650833 0.350313 0.647315 0.351354 0.646019 0.350781 0.644167 0.351615 0.645000 0.352656 0.643148 0.351979 0.639167 0.352656 0.636389 0.354323 0.634722 0.356771 0.627037 0.353646 0.626204
1 0.288229 0.654444 0.283333 0.666389 0.273594 0.683611 0.269687 0.687778 0.268646 0.685926 0.280469 0.666481 0.284740 0.656204 0.272240 0.653148 0.269323 0.650833 0.266615 0.651019 0.265573 0.648981 0.267031 0.647500 0.273177 0.648333 0.289167 0.654259
1 0.308542 0.617222 0.309583 0.619074 0.309115 0.620648 0.297031 0.642037 0.293906 0.649352 0.292917 0.650648 0.291823 0.649259 0.290365 0.650370 0.289323 0.648519 0.293385 0.642685 0.294479 0.638333 0.303073 0.625463 0.304427 0.621111 0.308490 0.617222
1 0.136510 0.668611 0.136875 0.666574 0.140417 0.663333 0.141719 0.663704 0.142708 0.666296 0.142187 0.669444 0.140417 0.671574 0.136979 0.670556
1 0.145937 0.664259 0.143698 0.664074 0.142031 0.660833 0.144323 0.655278 0.160156 0.639259 0.162604 0.640370 0.165052 0.639074 0.163646 0.636019 0.164115 0.633796 0.168125 0.630741 0.191042 0.638056 0.196302 0.638056 0.197813 0.640185 0.197031 0.641574 0.195104 0.641574 0.192917 0.640000 0.190729 0.641019 0.186823 0.639815 0.185781 0.641667 0.186823 0.643519 0.188958 0.643519 0.188646 0.646574 0.184688 0.647315 0.182552 0.645278 0.176719 0.643333 0.168750 0.644815 0.167240 0.642870 0.165781 0.645463 0.161667 0.648148 0.158125 0.647963 0.156875 0.654352 0.153490 0.656111 0.149115 0.662963 0.147083 0.663333
1 0.225677 0.612778 0.226146 0.610833 0.229896 0.607593 0.236094 0.606667 0.237656 0.609444 0.237187 0.611389 0.235417 0.611944 0.232552 0.615926 0.230885 0.613148 0.228542 0.615556 0.226146 0.614722
1 0.169479 0.628981 0.197760 0.600926 0.228021 0.606667 0.223021 0.612593 0.220208 0.613333 0.215208 0.611852 0.210885 0.613333 0.208958 0.610000 0.204167 0.610370 0.203490 0.613148 0.199740 0.614815 0.198281 0.619722 0.191146 0.625833 0.192188 0.629259 0.191615 0.630833 0.186615 0.630741 0.180573 0.633148 0.169010 0.629630
1 0.178281 0.625370 0.179323 0.623519 0.178281 0.621667 0.177240 0.623519
1 0.135104 0.622130 0.125312 0.620741 0.157135 0.592407 0.195312 0.600370 0.166354 0.630741 0.146354 0.624907 0.147135 0.622870 0.152865 0.624074 0.156354 0.620741 0.169479 0.622315 0.172500 0.619074 0.160208 0.619167 0.158542 0.618333 0.158542 0.615370 0.153906 0.617130 0.155104 0.614722 0.157448 0.613426 0.162240 0.613426 0.162917 0.612222 0.162135 0.611389 0.151458 0.609444 0.151979 0.612222 0.149583 0.617315 0.145521 0.616759 0.146198 0.618889 0.144896 0.620556 0.137396 0.621481
1 0.136198 0.615648 0.137240 0.613796 0.136198 0.611944 0.135156 0.613796
1 0.155781 0.605741 0.158750 0.605556 0.160365 0.607963 0.166563 0.607963 0.172240 0.607130 0.173437 0.605093 0.169896 0.602037 0.157240 0.601852 0.154740 0.603889
1 0.185990 0.607500 0.184375 0.605833 0.180000 0.609815 0.181042 0.611667 0.182708 0.611481 0.185990 0.607593
1 0.142187 0.649259 0.111771 0.641204 0.105573 0.646944 0.102865 0.645185 0.101302 0.647685 0.096510 0.650278 0.096094 0.655278 0.094115 0.654259 0.092448 0.651204 0.095260 0.647963 0.092448 0.648241 0.122760 0.621667 0.164219 0.631204 0.142500 0.652778
1 0.119115 0.629259 0.120156 0.627407 0.119115 0.625556 0.118073 0.627407
1 0.072448 0.620833 0.085938 0.611852 0.120260 0.621852 0.098177 0.640278 0.099219 0.633796 0.104844 0.632130 0.104531 0.625000 0.105677 0.624167 0.108854 0.626019 0.111302 0.624815 0.100260 0.620000 0.099115 0.621296 0.095937 0.618981 0.092656 0.619815 0.091354 0.621852 0.087604 0.622315 0.083698 0.621296 0.076406 0.622315 0.074323 0.620833
1 0.117552 0.591481 0.114479 0.591852 0.101667 0.600185 0.099479 0.604352 0.099792 0.608611 0.096510 0.609167 0.094896 0.613148 0.086979 0.610833 0.118750 0.587222
1 0.135208 0.606389 0.137969 0.602315 0.140104 0.604352 0.137865 0.608241 0.136250 0.608241
1 0.026979 0.617500 0.028229 0.619537 0.027396 0.622315 0.022344 0.625370 0.021302 0.623519 0.023802 0.618426 0.026927 0.617500
1 0.028802 0.617037 0.033021 0.613148 0.037292 0.613519 0.039010 0.616481 0.037969 0.618333 0.032760 0.618241 0.031406 0.620000 0.029844 0.618889
1 0.038229 0.610833 0.039271 0.608981 0.042604 0.608333 0.047917 0.604630 0.048906 0.602037 0.051146 0.602037 0.063437 0.607222 0.075573 0.609815 0.078958 0.611389 0.079687 0.613148 0.076510 0.616204 0.075156 0.613519 0.069219 0.615185 0.064427 0.611574 0.055000 0.609907 0.049167 0.607130 0.044323 0.611111 0.039271 0.612685
1 0.053021 0.600370 0.067187 0.589630 0.086146 0.578704 0.087188 0.580556 0.082760 0.585093 0.077396 0.586759 0.069635 0.592500 0.066771 0.593056 0.058021 0.600926 0.054062 0.602222
1 0.104948 0.580556 0.105990 0.582407 0.104948 0.584259 0.102135 0.584259 0.092031 0.582407 0.090885 0.580278 0.092031 0.578426 0.104844 0.580556
1 0.042552 0.602407 0.044792 0.600185 0.047708 0.603333 0.045260 0.606852 0.042656 0.607685 0.041615 0.605833 0.042969 0.603889