0 0.494570 0.640833 0.493984 0.641736 0.493867 0.640833
0 0.493984 0.641736 0.518437 0.900903 0.467227 0.950139 0.448281 0.709444
0 0.446992 0.708889 0.464805 0.952639 0.422422 0.990069 0.407227 0.764444 0.446406 0.709931
0 0.405156 0.766528 0.420391 0.993125 0.411328 0.999931 0.381484 0.999931 0.370977 0.813819 0.405156 0.767569
0 0.339375 0.854931 0.370078 0.816458 0.380312 0.999931 0.345820 1.000000 0.339102 0.854375
0 0.472187 0.411736 0.492891 0.630625 0.447305 0.697986 0.432188 0.485972 0.471836 0.411736
0 0.431406 0.487847 0.445078 0.700972 0.406562 0.755972 0.396094 0.552361 0.431172 0.487361
0 0.394219 0.555625 0.404570 0.759097 0.370664 0.806389 0.363125 0.611597 0.393594 0.555972
0 0.361328 0.613056 0.368867 0.807986 0.338906 0.848264 0.333047 0.664653 0.361328 0.613958
0 0.457305 0.233333 0.471953 0.404861 0.432227 0.478056 0.422227 0.304375 0.457070 0.233333
0 0.420937 0.307014 0.430000 0.480069 0.394922 0.544028 0.389062 0.372986 0.420625 0.307500
0 0.388008 0.375764 0.393828 0.547222 0.362656 0.602222 0.358984 0.434653
0 0.333164 0.655556 0.330000 0.494444 0.357031 0.438542 0.360938 0.607500 0.332930 0.656875
0 0.445703 0.099583 0.457148 0.228681 0.421836 0.299236 0.415000 0.165903 0.445703 0.100486
0 0.356016 0.295069 0.356758 0.431528 0.329961 0.487361 0.330937 0.348750
0 0.446328 0.094514 0.415234 0.161458 0.410586 0.056597 0.437891 0.000000
0 0.409180 0.059375 0.414023 0.164028 0.385273 0.223819 0.382578 0.117292
0 0.381680 0.119097 0.383516 0.227292 0.356719 0.285764 0.357109 0.174236
0 0.355703 0.178542 0.355078 0.290486 0.330742 0.344583 0.332539 0.232708
0 0.406875 0.000417 0.435625 0.000000 0.409453 0.054167
0 0.393789 0.000417 0.405781 0.000000 0.408203 0.056319 0.382422 0.114097 0.380820 0.029236 0.393594 0.000000
0 0.380195 0.031458 0.381016 0.116250 0.356641 0.170417 0.357656 0.082292 0.380000 0.030694
0 0.355820 0.173264 0.332695 0.225625 0.335117 0.133542 0.356836 0.082292
0 0.357461 0.007708 0.357070 0.080486 0.335117 0.130347 0.337344 0.054514
0 0.361133 0.000417 0.378984 0.000000 0.379805 0.027431 0.357656 0.076528 0.357852 0.007222 0.361289 0.000000
0 0.380117 0.000347 0.392266 0.000000 0.380977 0.025417