0 0.327422 0.335000 0.337969 0.333194 0.306094 0.423333 0.295781 0.421528 0.327422 0.334028
0 0.350547 0.330972 0.317734 0.423889 0.306953 0.423056 0.338281 0.332778 0.350547 0.330278
0 0.330313 0.426111 0.317891 0.424861 0.351172 0.330278 0.365156 0.327917
0 0.380938 0.325139 0.344609 0.428333 0.331016 0.426806 0.365859 0.327222
0 0.398516 0.322639 0.360078 0.431111 0.344766 0.429167 0.381562 0.324722
0 0.418359 0.320278 0.377812 0.432361 0.360938 0.430833 0.398828 0.322917
0 0.439063 0.318194 0.397109 0.436528 0.378516 0.434167 0.418750 0.320556
0 0.463047 0.314583 0.420937 0.438889 0.398828 0.436528 0.440000 0.317639
0 0.491719 0.312222 0.446641 0.443750 0.421016 0.441667 0.464375 0.314861
0 0.523047 0.309028 0.475781 0.450000 0.447500 0.445694 0.492344 0.311806
0 0.559297 0.306250 0.509922 0.457778 0.477500 0.450972 0.524766 0.308750 0.559063 0.305972
0 0.598906 0.303472 0.549375 0.465694 0.511484 0.458611 0.560000 0.306528
0 0.643047 0.302778 0.594922 0.475000 0.551328 0.466389 0.600313 0.304306
0 0.693984 0.301667 0.646953 0.486944 0.596953 0.476111 0.645234 0.302361 0.694219 0.301250
0 0.749141 0.300556 0.706484 0.500278 0.648984 0.488056 0.695156 0.301250 0.748750 0.300139
0 0.644453 0.747083 0.586562 0.713750 0.647344 0.492639 0.705156 0.506111
0 0.595078 0.481111 0.645547 0.491944 0.584375 0.711806 0.535234 0.684722
0 0.549687 0.471389 0.593750 0.481667 0.532344 0.683472 0.491797 0.657778 0.549687 0.470139
0 0.509687 0.463750 0.547500 0.470139 0.489297 0.656528 0.454922 0.634583
0 0.474844 0.456111 0.508594 0.463194 0.453437 0.633472 0.423672 0.615833 0.474844 0.455694
0 0.445703 0.451250 0.474062 0.456250 0.422109 0.615139 0.395937 0.599444
0 0.419531 0.445972 0.444688 0.450833 0.395703 0.598194 0.372578 0.584306
0 0.418828 0.445000 0.372344 0.583472 0.352813 0.570000 0.396953 0.441944
0 0.395859 0.441667 0.351875 0.570694 0.335625 0.560139 0.376797 0.438333 0.396094 0.441667
0 0.360156 0.434028 0.376094 0.436667 0.334219 0.558750 0.320234 0.548611 0.359922 0.434028
0 0.343438 0.433194 0.358516 0.434861 0.319453 0.549028 0.306641 0.541111
0 0.329453 0.429861 0.342578 0.432361 0.305703 0.539722 0.294297 0.533056
0 0.328281 0.429861 0.293359 0.532222 0.283828 0.525417 0.316172 0.428194
0 0.305469 0.426528 0.316172 0.427778 0.282891 0.524583 0.273828 0.518611
0 0.304063 0.426944 0.272891 0.519028 0.263594 0.514028 0.294922 0.424861
1 0.337500 0.336389 0.305625 0.423333 0.296797 0.422083 0.326953 0.335694
1 0.349688 0.334444 0.316875 0.423750 0.307500 0.423333 0.338906 0.335417 0.349688 0.334306
1 0.363672 0.332222 0.329375 0.427222 0.318828 0.425833 0.351328 0.333750 0.363672 0.332083
1 0.379688 0.328611 0.343984 0.427778 0.331875 0.426944 0.365469 0.331111 0.379766 0.328333
1 0.397656 0.326111 0.359687 0.430833 0.345391 0.429583 0.381719 0.328056
1 0.399609 0.326111 0.416563 0.324167 0.376953 0.435694 0.361563 0.432778 0.399297 0.325833
1 0.396094 0.436806 0.379844 0.435417 0.418750 0.322917 0.437109 0.321250
1 0.462266 0.319167 0.419141 0.442222 0.399766 0.439306 0.441094 0.320972 0.462578 0.318611
1 0.490234 0.316250 0.445781 0.446806 0.422891 0.443056 0.465547 0.318056
1 0.521953 0.313056 0.475703 0.451528 0.448672 0.447639 0.493984 0.314444
1 0.525703 0.311528 0.558047 0.310556 0.509219 0.460000 0.477891 0.452917 0.525781 0.312361
1 0.596953 0.308611 0.548281 0.466389 0.512344 0.460278 0.561172 0.309583
1 0.643047 0.305000 0.593906 0.476111 0.552578 0.469028 0.601641 0.306528 0.642500 0.305556
1 0.693594 0.303611 0.646953 0.488750 0.597813 0.478056 0.645781 0.304583
1 0.748594 0.304028 0.706953 0.493750 0.705547 0.488194 0.700078 0.480278 0.701406 0.469444 0.704531 0.460694 0.708828 0.453889 0.711328 0.445278 0.710703 0.435556 0.711875 0.427639 0.718516 0.415833 0.720625 0.405139 0.720625 0.391667 0.719297 0.386528 0.720156 0.382083 0.725078 0.376806 0.732578 0.355556 0.736719 0.331806 0.738750 0.329306 0.741250 0.319028 0.740156 0.314167 0.736563 0.309444 0.737266 0.304167
1 0.650078 0.489722 0.655234 0.469444 0.671016 0.446667 0.672813 0.446250 0.676250 0.449861 0.678906 0.449306 0.681250 0.454722 0.681250 0.468056 0.669844 0.484028 0.668906 0.488611 0.669766 0.494028
1 0.687266 0.333194 0.688828 0.330417 0.690391 0.335278 0.687109 0.343194 0.685547 0.340417 0.687266 0.333750
1 0.664453 0.425139 0.666016 0.422361 0.667812 0.425139 0.666719 0.435694 0.660313 0.450139 0.658750 0.445972 0.664609 0.426389
1 0.704063 0.511806 0.655781 0.696667 0.658125 0.657778 0.661094 0.655139 0.664844 0.646944 0.668438 0.622639 0.673750 0.612222 0.675547 0.597639 0.682031 0.580000 0.690859 0.544722 0.694531 0.537917 0.695078 0.524444 0.700625 0.510833
1 0.643828 0.496667 0.583359 0.713333 0.535703 0.685972 0.594844 0.484583
1 0.591641 0.483611 0.532500 0.683056 0.492031 0.659306 0.549844 0.475417
1 0.546484 0.474028 0.489609 0.657917 0.455391 0.636667 0.510469 0.466250
1 0.475859 0.459722 0.507188 0.466111 0.452656 0.635556 0.423672 0.617222 0.475859 0.459028
1 0.473672 0.458889 0.422031 0.616250 0.397422 0.599861 0.446406 0.453611
1 0.443906 0.452917 0.395000 0.598889 0.374141 0.584861 0.420078 0.448611
1 0.397500 0.444028 0.417969 0.448194 0.371328 0.584167 0.353672 0.572361 0.397500 0.443472
1 0.395313 0.444028 0.351562 0.571250 0.336016 0.561528 0.377031 0.440833
1 0.375156 0.440000 0.334375 0.559722 0.320469 0.550694 0.359531 0.437083
1 0.357266 0.437222 0.319141 0.549583 0.307031 0.541667 0.343828 0.435000
1 0.341875 0.434444 0.305703 0.540694 0.294531 0.533889 0.329922 0.432500
1 0.317109 0.430278 0.328125 0.432500 0.293281 0.532361 0.283828 0.526806
1 0.305547 0.428611 0.315703 0.430139 0.282422 0.525556 0.273984 0.519722 0.305781 0.428889
1 0.303594 0.428194 0.272266 0.518750 0.265469 0.514306 0.294687 0.426667