0 0.015104 0.100185 0.061146 0.377500 0.113958 0.606296 0.000625 0.700278 0.000625 0.105926
0 0.000469 0.825000 0.053021 0.997963 0.000469 1.000000 0.000000 0.826296
0 0.000469 0.713889 0.116979 0.615370 0.243385 0.997963 0.057292 0.997963 0.000469 0.808611
0 0.078594 0.120833 0.178021 0.090556 0.226354 0.300185 0.277500 0.494630 0.164531 0.565278 0.114844 0.345648 0.076458 0.119630
0 0.180885 0.089259 0.270365 0.072870 0.374063 0.428981 0.278906 0.492130
0 0.274531 0.074537 0.349427 0.064444 0.454583 0.385185 0.377865 0.429352
0 0.352448 0.064167 0.416563 0.060741 0.515729 0.349167 0.457031 0.385185 0.352969 0.064167
0 0.564740 0.320463 0.518385 0.347593 0.419219 0.060000 0.471510 0.060833 0.563281 0.320463
0 0.473021 0.061759 0.517396 0.065278 0.603698 0.302037 0.567240 0.321296
0 0.519375 0.064630 0.554896 0.066389 0.597812 0.173426 0.636771 0.283056 0.606198 0.299722 0.565729 0.183889 0.518385 0.062963
0 0.587344 0.069815 0.625052 0.164167 0.661667 0.268333 0.637708 0.281667 0.594896 0.163519 0.556875 0.067407
0 0.589115 0.069907 0.615000 0.072870 0.655938 0.178148 0.683073 0.256852 0.662604 0.267407 0.632604 0.182778 0.606458 0.113056 0.588854 0.069907
0 0.616458 0.072407 0.638333 0.075370 0.702083 0.247500 0.683542 0.256852
0 0.658802 0.078796 0.717083 0.239907 0.702813 0.246667 0.639792 0.076296
0 0.659948 0.078796 0.675885 0.081296 0.729635 0.233148 0.717760 0.239074 0.659635 0.078796
0 0.691146 0.084259 0.742031 0.227222 0.730156 0.233611 0.677135 0.081852
0 0.704427 0.086852 0.752240 0.221296 0.742760 0.226759 0.691354 0.084259 0.704688 0.086852
0 0.760833 0.216667 0.752969 0.220833 0.705156 0.087222 0.716094 0.089352
0 0.762292 0.220000 0.804167 0.355278 0.797656 0.367963 0.753437 0.225556
0 0.753021 0.225185 0.797812 0.367222 0.790677 0.381296 0.743594 0.230463
0 0.742917 0.231204 0.790677 0.382037 0.782969 0.397500 0.732240 0.237407
0 0.719167 0.243889 0.731615 0.237500 0.783177 0.397222 0.773646 0.415185
0 0.718542 0.244630 0.747865 0.330926 0.772969 0.415463 0.762708 0.435370 0.732187 0.337037 0.704010 0.252037
0 0.703490 0.252778 0.734010 0.344167 0.762552 0.438519 0.749427 0.461019 0.722031 0.368611 0.686406 0.261759
0 0.663802 0.272685 0.684948 0.261019 0.718333 0.361019 0.749427 0.461481 0.734010 0.489907 0.698646 0.373148 0.664115 0.272685
0 0.639688 0.286574 0.664271 0.273333 0.733906 0.490000 0.715625 0.523981
0 0.607448 0.304259 0.638542 0.287037 0.715052 0.525556 0.692240 0.566759 0.607708 0.304444
0 0.569427 0.325741 0.606250 0.304444 0.691875 0.567315 0.663333 0.617593 0.569115 0.325093
0 0.520365 0.355000 0.567604 0.326481 0.662135 0.618056 0.626823 0.679444 0.520781 0.355741
0 0.458698 0.390093 0.517865 0.355000 0.625156 0.680185 0.577917 0.757870 0.458698 0.390278
0 0.380365 0.438796 0.455313 0.391389 0.576146 0.759722 0.514531 0.854352 0.378854 0.439630
0 0.282708 0.501574 0.283125 0.502870 0.282187 0.503426
0 0.375937 0.441204 0.512552 0.856667 0.434115 0.969815 0.283125 0.502870
0 0.277969 0.504167 0.431875 0.971204 0.409635 1.000000 0.296719 0.999259 0.164531 0.584630
1 0.007917 0.137130 0.009479 0.130556 0.013125 0.127870 0.017344 0.130556 0.018854 0.137130 0.047083 0.312963 0.097240 0.540463 0.101562 0.551759 0.106771 0.577407 0.105208 0.580370 0.102240 0.577778 0.101667 0.580370 0.097969 0.583056 0.094479 0.581944 0.082552 0.565000 0.081771 0.562222 0.078490 0.559259 0.077240 0.555648 0.077240 0.552130 0.079063 0.551667 0.079583 0.543148 0.081198 0.539907 0.080990 0.536019 0.078490 0.532685 0.077552 0.526019 0.073125 0.519722 0.067448 0.506852 0.065104 0.498611 0.062917 0.494259 0.056719 0.472315 0.050208 0.457778 0.047396 0.440463 0.047396 0.433056 0.043958 0.417685 0.045469 0.411204 0.042240 0.408796 0.039531 0.397500 0.039583 0.382593 0.037552 0.357500 0.030781 0.332315 0.024063 0.315741 0.020365 0.298241 0.018802 0.277407 0.018802 0.265556 0.012865 0.212963 0.011302 0.207407 0.008385 0.202222 0.006979 0.195463 0.002396 0.193241 0.000000 0.180926 0.000000 0.164259 0.000000 0.159167 0.006302 0.147778 0.008333 0.140648
1 0.094792 0.543981 0.094010 0.542222 0.094323 0.544815 0.092552 0.551852 0.090833 0.554074 0.097344 0.562130 0.098854 0.559722 0.099687 0.560093 0.095260 0.543704
1 0.085573 0.599630 0.086667 0.593889 0.089531 0.590648 0.094896 0.587963 0.098854 0.590648 0.100365 0.597222 0.099479 0.602315 0.094896 0.607407 0.090781 0.608889 0.087083 0.606204
1 0.002865 0.663241 0.004063 0.658333 0.006667 0.654259 0.015156 0.647222 0.024219 0.649352 0.033542 0.647593 0.036823 0.651759 0.034167 0.657593 0.027656 0.665370 0.007188 0.681389 0.003385 0.681111 0.002031 0.678519 0.000729 0.671111 0.002604 0.664074
1 0.047969 0.632593 0.049531 0.635185 0.053021 0.637222 0.053021 0.641296 0.049115 0.643611 0.045521 0.648241 0.041979 0.648056 0.041562 0.644444 0.042813 0.637963 0.047917 0.632593
1 0.018802 0.684352 0.017344 0.683519 0.016875 0.681574 0.017865 0.678981 0.022031 0.677315 0.024844 0.674537 0.026250 0.671019 0.033281 0.667130 0.038385 0.660185 0.044896 0.658241 0.047813 0.651852 0.051302 0.650833 0.054062 0.654537 0.048281 0.661667 0.038854 0.666204 0.031094 0.675185 0.019375 0.683981
1 0.024479 0.911667 0.053333 1.000000 0.030469 1.000000 0.030208 0.993889 0.024792 0.980741 0.025052 0.977685 0.021927 0.969537 0.022500 0.961389 0.020781 0.956852 0.021927 0.942130 0.026198 0.949259 0.028750 0.964444 0.032500 0.979722 0.033073 0.988333 0.035625 0.988796 0.040469 0.975093 0.033906 0.974074 0.031042 0.964444 0.026198 0.944167 0.026198 0.925926 0.021094 0.930463 0.015938 0.927407 0.013385 0.918333 0.013073 0.910648 0.013385 0.899537 0.015625 0.898519 0.011667 0.885278 0.008229 0.883241 0.007656 0.879259 0.005677 0.875648 0.004219 0.879259 0.000208 0.879259 0.000000 0.825463
1 0.079010 0.139167 0.079167 0.140370 0.079010 0.139352
1 0.079167 0.140370 0.081198 0.150648 0.083490 0.157130 0.083490 0.161204 0.085000 0.164815 0.084844 0.172130 0.086823 0.177222 0.086563 0.184630 0.087396 0.188056 0.091146 0.193148 0.094479 0.201389 0.092760 0.216852 0.095625 0.221111 0.094375 0.225185 0.097760 0.230648 0.098958 0.235000 0.097187 0.240093 0.099271 0.243241 0.101354 0.251389 0.100781 0.257778 0.107448 0.278148 0.110417 0.283426 0.111615 0.290833 0.113073 0.293704 0.112760 0.298148 0.110104 0.298704 0.110417 0.303148 0.112760 0.302870 0.113750 0.299352 0.116042 0.304630 0.114219 0.321574 0.114583 0.328889 0.120365 0.329444 0.120677 0.334722 0.119844 0.345000 0.117031 0.348889 0.117865 0.356481 0.125990 0.382870 0.125469 0.392315 0.135417 0.437037 0.138906 0.438796 0.140729 0.441481 0.145677 0.459907 0.146198 0.466667 0.150625 0.468426 0.159375 0.466389 0.162500 0.476944 0.164844 0.476944 0.166823 0.481389 0.167813 0.481667 0.170937 0.467593 0.174583 0.457593 0.179063 0.454074 0.185833 0.452593 0.192448 0.445833 0.197240 0.445556 0.199531 0.448241 0.206146 0.464074 0.210781 0.469352 0.220521 0.485741 0.218021 0.486389 0.220833 0.486389 0.222344 0.488704 0.222969 0.490463 0.222500 0.507222 0.224167 0.511019 0.224948 0.511019 0.226302 0.507500 0.232552 0.509907 0.235885 0.505741 0.242969 0.503148 0.241667 0.500185 0.237187 0.495741 0.237500 0.492222 0.242135 0.494630 0.244271 0.501667 0.246094 0.503981 0.250052 0.502222 0.251563 0.499259 0.256198 0.498704 0.260000 0.493426 0.263646 0.491111 0.264635 0.486389 0.272188 0.488981 0.272708 0.486944 0.275990 0.496389 0.212396 0.537778 0.211823 0.535093 0.214948 0.530093 0.215781 0.523056 0.214792 0.506944 0.211823 0.499907 0.210156 0.500741 0.206510 0.511944 0.197083 0.514537 0.195104 0.513704 0.194115 0.519259 0.190000 0.524815 0.182552 0.527778 0.167552 0.538056 0.162760 0.533981 0.161927 0.529815 0.157604 0.525463 0.156146 0.528056 0.156615 0.533611 0.158802 0.539537 0.159115 0.544259 0.160781 0.547500 0.161250 0.559167 0.149010 0.511852 0.120417 0.378519 0.100677 0.275093
1 0.220000 0.469074 0.221562 0.471852 0.221302 0.477593 0.222031 0.478981 0.230208 0.483148 0.230625 0.486574 0.229844 0.488704 0.232865 0.490463 0.235000 0.495648 0.235313 0.501204 0.234323 0.503796 0.230156 0.504537 0.228177 0.502222 0.227500 0.492407 0.229167 0.488981 0.223542 0.487130 0.219219 0.482037 0.218177 0.478241 0.218437 0.471481
1 0.148698 0.481481 0.146875 0.482870 0.146094 0.487407 0.147760 0.493889 0.149427 0.495000 0.151250 0.493611 0.152031 0.490370 0.150521 0.482778
1 0.198646 0.479352 0.196823 0.480741 0.196042 0.483981 0.199531 0.497315 0.201771 0.499630 0.203594 0.498241 0.204375 0.494537 0.202917 0.485556 0.201042 0.482130
1 0.177240 0.096389 0.204427 0.204259 0.239323 0.354722 0.259062 0.432222 0.251250 0.426389 0.250417 0.423426 0.250417 0.416852 0.244896 0.411574 0.242604 0.411111 0.235781 0.415370 0.232188 0.415648 0.227396 0.410648 0.227344 0.404907 0.229271 0.390185 0.230156 0.387778 0.232656 0.386667 0.233542 0.383796 0.237448 0.382407 0.238542 0.379630 0.238802 0.372593 0.234271 0.358519 0.233802 0.352500 0.229010 0.340926 0.228802 0.329444 0.226615 0.324259 0.223906 0.323981 0.224115 0.310185 0.221510 0.309259 0.217500 0.304722 0.214948 0.297593 0.215208 0.274722 0.214062 0.273704 0.213490 0.270000 0.208594 0.263981 0.207552 0.264537 0.202396 0.261481 0.200677 0.262222 0.198073 0.260000 0.195208 0.256481 0.191250 0.248333 0.191250 0.240278 0.192656 0.237685 0.197396 0.210648 0.199792 0.215370 0.199740 0.218981 0.200521 0.215741 0.200260 0.206481 0.195729 0.191852 0.194167 0.183241 0.188385 0.167685 0.187500 0.153981 0.184531 0.140741 0.184583 0.135000 0.178646 0.112870 0.177552 0.102222
1 0.194635 0.153889 0.198906 0.157222 0.201042 0.162685 0.205312 0.167963 0.209635 0.176204 0.222188 0.191574 0.223385 0.205648 0.221979 0.213426 0.223958 0.214074 0.225938 0.217593 0.226354 0.228241 0.230677 0.237685 0.231510 0.249722 0.234271 0.260278 0.236667 0.264167 0.239792 0.274352 0.238542 0.281204 0.236875 0.280741 0.233750 0.289259 0.230417 0.295185 0.228750 0.295185 0.194271 0.153519
1 0.249375 0.378426 0.250052 0.373981 0.251823 0.371296 0.255677 0.368889 0.258646 0.371111 0.260417 0.380463 0.269063 0.377685 0.271458 0.381296 0.278646 0.387315 0.281458 0.385648 0.286042 0.390093 0.293333 0.391296 0.303906 0.399167 0.308490 0.399259 0.309792 0.396481 0.311510 0.396204 0.314479 0.399444 0.329583 0.405185 0.333750 0.403056 0.335312 0.400833 0.336458 0.401759 0.339010 0.400463 0.339948 0.397130 0.342240 0.394074 0.344219 0.396204 0.343802 0.392222 0.345365 0.389444 0.346458 0.390185 0.347083 0.392963 0.352969 0.395370 0.354687 0.390926 0.351771 0.376296 0.352240 0.371574 0.347292 0.362222 0.345625 0.350463 0.342969 0.345185 0.342917 0.337407 0.326250 0.282037 0.322656 0.266296 0.318333 0.256019 0.312708 0.231111 0.308750 0.222222 0.307344 0.212870 0.305000 0.206944 0.304479 0.202130 0.302656 0.196574 0.299687 0.191481 0.299063 0.183611 0.298177 0.182407 0.295833 0.184444 0.294167 0.183426 0.293333 0.179722 0.291198 0.177315 0.285521 0.163148 0.285990 0.161204 0.288021 0.161296 0.292240 0.156852 0.289479 0.153704 0.289896 0.149259 0.286458 0.146111 0.285260 0.141574 0.286562 0.138519 0.283750 0.133796 0.276198 0.105278 0.276250 0.102963 0.271094 0.086574 0.268542 0.086574 0.268073 0.084630 0.270000 0.079722 0.271979 0.079352 0.275260 0.088148 0.373802 0.430926 0.370833 0.432593 0.367240 0.426019 0.364427 0.423981 0.356302 0.426667 0.355469 0.435370 0.356719 0.441759 0.341771 0.451574 0.343802 0.446481 0.345885 0.444630 0.348750 0.444444 0.343698 0.441019 0.341302 0.441019 0.337760 0.444259 0.331354 0.446944 0.320365 0.444630 0.315990 0.448796 0.310990 0.449815 0.306302 0.456852 0.303125 0.457407 0.301719 0.459630 0.292187 0.454537 0.287292 0.454537 0.280990 0.466389 0.278906 0.472037 0.276979 0.481852 0.250000 0.382407
1 0.291406 0.163611 0.291615 0.164537 0.291771 0.163333
1 0.417083 0.373981 0.419792 0.377222 0.420469 0.380370 0.420469 0.387778 0.419583 0.391204 0.414896 0.392685 0.409167 0.385926 0.408750 0.383981 0.407135 0.393333 0.405156 0.394815 0.400677 0.394537 0.399063 0.400833 0.395833 0.402222 0.384635 0.397963 0.382135 0.401574 0.376823 0.403056 0.372656 0.408241 0.370625 0.406852 0.369844 0.403611 0.372708 0.397130 0.371302 0.394630 0.366719 0.395185 0.364896 0.393796 0.364271 0.389907 0.355365 0.365185 0.335104 0.290370 0.338229 0.294722 0.340573 0.302870 0.340573 0.307685 0.345521 0.323611 0.351979 0.337870 0.354010 0.338611 0.357656 0.348333 0.357240 0.354722 0.355573 0.356389 0.358021 0.360556 0.362344 0.364074 0.369896 0.373611 0.384375 0.377870 0.386510 0.380370 0.390521 0.389722 0.393802 0.392037 0.395833 0.390000 0.396823 0.387130 0.394375 0.382870 0.391250 0.381481 0.390469 0.378241 0.391250 0.374907 0.393073 0.373611 0.400469 0.376019 0.400885 0.381574 0.402292 0.384259 0.403542 0.382407 0.404167 0.373796 0.410938 0.369352 0.413750 0.372778
1 0.329271 0.256574 0.327448 0.257963 0.325573 0.256574 0.280052 0.103333 0.279635 0.101111 0.280365 0.097870 0.281302 0.097222 0.283229 0.103519 0.286250 0.107130 0.290885 0.118889 0.291458 0.123148 0.293906 0.124444 0.297604 0.130185 0.299635 0.138148 0.307865 0.149815 0.311771 0.163148 0.312240 0.167500 0.311563 0.173241 0.324583 0.199259 0.325104 0.202222 0.323021 0.208056 0.325313 0.219907 0.330885 0.223519 0.334167 0.229722 0.335000 0.233981 0.334844 0.241759 0.333073 0.249259 0.330052 0.253333
1 0.350937 0.070463 0.356823 0.085648 0.376771 0.145926 0.445260 0.364167 0.440156 0.353611 0.439896 0.349444 0.439219 0.349907 0.438906 0.354074 0.437135 0.352593 0.436198 0.341111 0.434531 0.340833 0.433125 0.337870 0.433958 0.334444 0.433698 0.330278 0.431510 0.329352 0.430937 0.324444 0.423802 0.311019 0.423229 0.301667 0.421042 0.291852 0.418125 0.282778 0.413854 0.274722 0.410573 0.261296 0.408229 0.259537 0.407969 0.253148 0.406562 0.252963 0.403698 0.244167 0.398594 0.221574 0.394323 0.213519 0.393177 0.206389 0.391146 0.202500 0.389635 0.194444 0.387031 0.190278 0.386719 0.187037 0.384531 0.181667 0.383021 0.180463 0.383177 0.175278 0.381250 0.168981 0.376250 0.161574 0.373802 0.153519 0.365677 0.137870 0.363333 0.135093 0.363594 0.131019 0.365000 0.128241 0.364687 0.131019 0.365104 0.128981 0.364687 0.117963 0.361667 0.106759 0.358646 0.102870 0.356458 0.094722 0.354948 0.095278 0.352865 0.090370 0.352448 0.085926 0.353438 0.083241 0.351510 0.077870 0.350781 0.069815
1 0.362448 0.117500 0.361927 0.120278 0.357656 0.125556 0.352135 0.123796 0.350521 0.119167 0.350937 0.114907 0.352656 0.111944 0.357917 0.110370 0.361094 0.113426
1 0.484948 0.340556 0.491510 0.346204 0.491042 0.350926 0.489219 0.352315 0.486719 0.348889 0.480937 0.349444 0.479583 0.354259 0.480156 0.357130 0.474479 0.359444 0.472656 0.358148 0.471875 0.354815 0.472344 0.352222 0.475885 0.349352 0.473802 0.343426 0.474115 0.339722 0.480417 0.333889 0.482969 0.335556 0.483333 0.338426
1 0.353438 0.069537 0.358490 0.083796 0.361719 0.087222 0.364479 0.095556 0.375729 0.112222 0.382604 0.128611 0.383177 0.135741 0.384948 0.141111 0.390729 0.149630 0.395156 0.153796 0.395833 0.166019 0.396927 0.167037 0.397240 0.171481 0.399948 0.176574 0.400104 0.173611 0.405625 0.184259 0.404219 0.187870 0.404792 0.192315 0.403698 0.195463 0.404531 0.201111 0.407813 0.207963 0.410312 0.207963 0.410729 0.217778 0.410000 0.222593 0.407344 0.227870 0.408021 0.232500 0.414479 0.250833 0.421927 0.277315 0.427135 0.290833 0.426979 0.292963 0.430573 0.306204 0.438021 0.316019 0.439792 0.325093 0.439531 0.330648 0.440365 0.336111 0.443646 0.340926 0.444323 0.345648 0.449740 0.356389 0.450104 0.368148 0.379010 0.147778
1 0.488750 0.362037 0.494375 0.356759 0.494531 0.349722 0.496042 0.350000 0.497552 0.353519 0.499688 0.349444 0.507760 0.349444 0.509583 0.344444 0.508906 0.338889 0.506094 0.333333 0.505938 0.329815 0.501979 0.325926 0.501146 0.319167 0.498646 0.314444 0.498542 0.309259 0.496354 0.304444 0.494635 0.295000 0.490625 0.288889 0.489479 0.279167 0.479375 0.251574 0.476615 0.240185 0.469479 0.221574 0.465000 0.206667 0.462500 0.202222 0.458021 0.185556 0.453698 0.176019 0.452760 0.170370 0.439948 0.138426 0.436979 0.128426 0.433281 0.120741 0.433281 0.117870 0.431615 0.116204 0.430313 0.109630 0.426406 0.098426 0.425990 0.092963 0.422760 0.092500 0.420156 0.088889 0.419323 0.082130 0.417187 0.079259 0.417187 0.074259 0.418542 0.072222 0.416146 0.068148 0.414219 0.062037 0.416510 0.061852 0.451354 0.159444 0.500521 0.303981 0.515312 0.350463 0.487656 0.366574
1 0.379115 0.073981 0.380677 0.071204 0.381823 0.072037 0.384219 0.078426 0.383958 0.081944 0.382865 0.082778 0.381406 0.081111 0.379427 0.075648
1 0.418333 0.063426 0.424167 0.073056 0.423906 0.076852 0.424844 0.078241 0.427344 0.077037 0.436250 0.092778 0.441875 0.106019 0.444375 0.108611 0.448177 0.117500 0.447708 0.120093 0.461354 0.162685 0.461458 0.168796 0.460260 0.173333 0.462187 0.181389 0.471354 0.209074 0.472917 0.210741 0.484844 0.248148 0.489635 0.258704 0.489740 0.262778 0.492083 0.265833 0.492083 0.271389 0.499271 0.291759 0.503437 0.299537 0.505833 0.313426 0.512240 0.318704 0.513490 0.323611 0.515573 0.327222 0.522813 0.330093 0.521875 0.336389 0.517292 0.336204 0.515208 0.332130 0.513854 0.331759 0.513385 0.338056 0.464531 0.193426 0.436875 0.115185
1 0.531563 0.333148 0.533698 0.333981 0.533594 0.338056 0.531406 0.339907 0.530313 0.339074 0.530104 0.335000
1 0.548333 0.327685 0.550208 0.324537 0.555104 0.323426 0.556146 0.320648 0.558021 0.319352 0.559792 0.320185 0.559792 0.324074 0.556042 0.325833 0.554583 0.328426 0.550260 0.330463 0.548802 0.329630
1 0.524375 0.336759 0.525937 0.333981 0.527083 0.334815 0.527083 0.338796 0.524844 0.338796
1 0.549635 0.289815 0.550000 0.285741 0.550990 0.284352 0.548750 0.282130 0.548646 0.278056 0.546979 0.277222 0.543802 0.267315 0.541979 0.264352 0.540313 0.255185 0.535677 0.240926 0.533698 0.237500 0.527188 0.217963 0.524323 0.212593 0.524271 0.209259 0.506250 0.158333 0.504219 0.156111 0.504323 0.152685 0.501719 0.148241 0.500469 0.143241 0.499219 0.142407 0.497917 0.136111 0.493281 0.126667 0.489583 0.115093 0.487187 0.111204 0.484792 0.101204 0.482500 0.097963 0.482500 0.095648 0.478906 0.085093 0.472292 0.068796 0.472396 0.066204 0.504323 0.148611 0.551667 0.283704 0.552656 0.284444 0.552969 0.287500 0.563906 0.319907 0.563385 0.320648 0.559531 0.313519 0.552760 0.288889 0.552344 0.291759 0.550104 0.291759
1 0.475208 0.066852 0.477604 0.072407 0.480000 0.073426 0.481042 0.076481 0.483333 0.075185 0.484583 0.076852 0.489323 0.092315 0.490104 0.102593 0.494688 0.116204 0.496510 0.117870 0.495625 0.119074 0.497812 0.127222 0.473125 0.063981
1 0.525885 0.201944 0.544844 0.252130 0.548698 0.257778 0.551198 0.263889 0.554792 0.286852 0.558490 0.297593 0.560000 0.298148 0.560260 0.303519 0.563021 0.310556 0.563281 0.314537 0.525729 0.201944
1 0.558490 0.253241 0.562604 0.253796 0.566354 0.257870 0.567135 0.260556 0.566667 0.264907 0.561510 0.265093 0.556458 0.261667 0.554635 0.255463 0.556042 0.252685 0.557552 0.252407
1 0.597917 0.285648 0.592865 0.278333 0.592604 0.274630 0.595729 0.279722 0.595521 0.277315 0.590781 0.270185 0.590469 0.268056 0.591146 0.267037 0.587917 0.261019 0.587344 0.254722 0.585052 0.251019 0.577552 0.230093 0.574219 0.216759 0.599219 0.285278
1 0.574219 0.216759 0.572708 0.212685 0.574063 0.216111
1 0.572708 0.212685 0.569531 0.203981 0.572708 0.212222
1 0.569479 0.203796 0.568385 0.200833 0.569479 0.203519
1 0.568125 0.200278 0.562604 0.188611 0.559531 0.177685 0.541875 0.129259 0.532708 0.110093 0.531094 0.101296 0.522969 0.082778 0.521927 0.078241 0.518594 0.072130 0.517083 0.064815 0.534167 0.107222 0.568333 0.200648
1 0.596562 0.289259 0.598125 0.286481 0.599688 0.289259 0.599688 0.297593 0.598125 0.302593 0.586458 0.309352 0.584896 0.308519 0.584531 0.305278 0.586771 0.299907 0.596562 0.295648 0.596562 0.289352
1 0.621823 0.269259 0.623906 0.268611 0.626563 0.271111 0.629271 0.275833 0.630052 0.279537 0.631979 0.280926 0.632031 0.282685 0.630833 0.283519 0.629583 0.282407 0.626875 0.277407 0.626146 0.279630 0.624688 0.279630 0.624219 0.278333 0.619010 0.277222 0.619010 0.273333 0.620885 0.270833
1 0.617812 0.280926 0.619375 0.278148 0.620938 0.280926 0.620469 0.282870 0.618229 0.282870
1 0.618281 0.283426 0.619427 0.284167 0.619427 0.288148 0.617083 0.287685 0.617188 0.291944 0.616198 0.294537 0.611406 0.297593 0.607187 0.298241 0.603646 0.293333 0.602656 0.289259 0.603594 0.288611 0.606354 0.295093 0.610052 0.296111 0.611354 0.295463 0.611302 0.291667 0.613958 0.288704 0.613125 0.284074 0.613542 0.281852 0.614688 0.281019 0.616042 0.282500 0.616979 0.285741
1 0.629167 0.271204 0.630365 0.270926 0.632396 0.276111 0.631979 0.277593 0.630677 0.276389 0.629531 0.272130
1 0.627604 0.261667 0.626667 0.262222 0.625417 0.259630 0.626250 0.258889 0.627396 0.260926
1 0.597500 0.276667 0.598125 0.275741 0.600677 0.281389 0.601615 0.287222 0.601094 0.288148 0.597917 0.277500
1 0.629271 0.266944 0.627656 0.260185 0.623125 0.252593 0.620469 0.245556 0.619635 0.240000 0.618333 0.238426 0.616302 0.229722 0.611563 0.219907 0.609844 0.211759 0.598802 0.182963 0.593802 0.167315 0.588854 0.157500 0.581094 0.134444 0.569688 0.107870 0.569115 0.103796 0.565052 0.098333 0.560208 0.087037 0.560365 0.083796 0.558802 0.080370 0.559375 0.078889 0.558490 0.077315 0.557187 0.080000 0.556406 0.079074 0.556979 0.071296 0.594010 0.163981 0.597552 0.176944 0.616510 0.225833 0.623854 0.249167 0.628490 0.259167 0.630313 0.266481 0.629792 0.267870
1 0.563177 0.090833 0.563646 0.091481 0.563281 0.090556
1 0.650104 0.273981 0.656198 0.270278 0.659479 0.270741 0.650625 0.274907
1 0.646250 0.254907 0.650156 0.259722 0.651875 0.254815 0.653646 0.252963 0.655156 0.253704 0.656719 0.257963 0.655677 0.265741 0.653490 0.268611 0.648854 0.267778 0.644115 0.258611 0.644687 0.256019 0.646198 0.255000
1 0.629219 0.228333 0.629792 0.225741 0.631354 0.224630 0.637135 0.230000 0.638542 0.233981 0.637917 0.236667 0.636146 0.237685 0.631771 0.234352 0.630000 0.231204
1 0.588229 0.082037 0.589271 0.080185 0.590104 0.081296 0.587604 0.072778 0.588021 0.071296 0.591250 0.077593 0.602292 0.106111 0.601354 0.108889 0.599375 0.105463 0.594740 0.091759 0.588802 0.084722 0.588229 0.082130
1 0.670885 0.259167 0.671406 0.257130 0.672760 0.258889 0.671927 0.262130 0.670885 0.259352
1 0.679844 0.250000 0.678958 0.251759 0.677500 0.250000 0.677240 0.247315 0.678073 0.246389 0.679688 0.249259
1 0.601146 0.079259 0.602187 0.077407 0.608333 0.078426 0.609687 0.080741 0.609479 0.078704 0.610521 0.076852 0.613646 0.082685 0.611927 0.085370 0.609792 0.081481 0.609844 0.083611 0.608594 0.085741 0.602083 0.081019
1 0.615365 0.078426 0.617969 0.085185 0.616927 0.087130 0.614948 0.083333 0.614583 0.079074
1 0.616719 0.076852 0.619948 0.080556 0.620938 0.086019 0.622812 0.086389 0.633542 0.106759 0.633542 0.111204 0.636042 0.113981 0.639688 0.128611 0.639792 0.133519 0.662708 0.192222 0.666927 0.206667 0.673490 0.223241 0.674479 0.229167 0.676979 0.235833 0.679531 0.237222 0.679115 0.241389 0.680469 0.247315 0.640156 0.136574 0.616510 0.076389
1 0.634323 0.090093 0.635365 0.088241 0.636406 0.090093 0.635365 0.091944
1 0.645417 0.116667 0.646458 0.114815 0.647500 0.116667 0.646458 0.118519
1 0.652500 0.132222 0.653542 0.130370 0.656198 0.136944 0.657135 0.141389 0.656094 0.143241 0.654010 0.140833 0.653958 0.136759 0.652500 0.132407
1 0.667604 0.188333 0.669167 0.185556 0.670521 0.186944 0.677500 0.199907 0.677344 0.202500 0.682292 0.217315 0.682187 0.219722 0.680625 0.221944 0.678073 0.218889 0.675990 0.208056 0.673542 0.212315 0.672031 0.210370 0.670156 0.200741 0.667396 0.194074 0.667604 0.188519
1 0.686979 0.239259 0.686979 0.236019 0.689583 0.235370 0.690521 0.232870 0.692240 0.233333 0.696458 0.237500 0.698385 0.243611 0.696823 0.246389 0.693594 0.244722 0.691562 0.246111 0.688750 0.239722
1 0.700729 0.248611 0.697552 0.251111 0.696771 0.250185 0.698542 0.245833 0.700573 0.247963
1 0.694583 0.230370 0.691510 0.221574 0.688646 0.216759 0.685312 0.205185 0.681458 0.198426 0.679427 0.189630 0.677500 0.187500 0.676302 0.182315 0.673333 0.177037 0.672187 0.169630 0.668333 0.162500 0.667604 0.157963 0.664427 0.152037 0.663333 0.146574 0.661146 0.143241 0.654271 0.122685 0.651667 0.118889 0.649844 0.112037 0.646198 0.106389 0.642917 0.098241 0.638125 0.077037 0.675937 0.175556 0.694688 0.230556
1 0.639375 0.078056 0.652031 0.102315 0.661146 0.131296 0.672865 0.160556 0.678229 0.177870 0.683958 0.188426 0.686146 0.200000 0.688177 0.202222 0.691406 0.213611 0.699635 0.229722 0.699271 0.231296 0.695156 0.223796 0.695365 0.230000 0.663802 0.141944 0.639271 0.077870
1 0.716250 0.240463 0.706719 0.244907 0.703177 0.248056 0.701979 0.246019 0.704740 0.245648 0.705885 0.243519 0.705990 0.240093 0.708125 0.242130 0.710156 0.242130 0.712344 0.240556 0.713281 0.236389 0.714427 0.237037
1 0.711458 0.236852 0.710521 0.238148 0.709115 0.236296 0.707708 0.230556 0.708438 0.229259 0.709427 0.228519 0.711771 0.235278 0.711406 0.236574
1 0.711615 0.228333 0.713177 0.232407 0.712292 0.233704 0.710417 0.229815 0.711406 0.228889
1 0.706250 0.212037 0.705729 0.212963 0.704271 0.211667 0.704115 0.210185 0.704792 0.210000 0.700365 0.198704 0.699375 0.194074 0.699896 0.192963 0.705990 0.209630 0.705677 0.211019
1 0.690260 0.170648 0.687031 0.159907 0.687188 0.157130 0.690365 0.166111 0.691302 0.170185 0.690781 0.171574
1 0.684115 0.151574 0.685781 0.155278 0.685469 0.158148 0.683854 0.155370 0.684063 0.151574
1 0.687344 0.157407 0.681042 0.145093 0.680990 0.142315 0.674635 0.126944 0.674167 0.123796 0.672500 0.121574 0.670312 0.113981 0.663906 0.099352 0.660208 0.084630 0.687552 0.157037
1 0.692813 0.175093 0.693854 0.175093 0.697344 0.186574 0.699948 0.191759 0.699427 0.192685 0.695260 0.186204
1 0.660729 0.082963 0.668750 0.100093 0.669583 0.104259 0.672344 0.109537 0.673438 0.116019 0.678021 0.124074 0.680052 0.132315 0.683490 0.138056 0.684115 0.143704 0.687865 0.151759 0.689375 0.157407 0.692187 0.161944 0.692865 0.167963 0.696875 0.177315 0.697344 0.181019 0.700625 0.186481 0.700833 0.189630 0.703333 0.195648 0.703542 0.199167 0.705677 0.202037 0.710938 0.216852 0.713646 0.218519 0.719323 0.228333 0.719635 0.232407 0.718125 0.233426 0.717656 0.236019 0.716823 0.236019 0.714531 0.230648 0.714688 0.226852 0.711719 0.219444 0.710208 0.219444 0.660729 0.083056
1 0.723854 0.224630 0.722969 0.219630 0.721927 0.221111 0.719271 0.215648 0.718542 0.211019 0.719271 0.209167 0.720781 0.210556 0.719010 0.203519 0.718698 0.207222 0.714583 0.206296 0.709948 0.193611 0.707031 0.182870 0.708490 0.183148 0.710417 0.187407 0.715677 0.194074 0.707135 0.170185 0.704844 0.167222 0.702344 0.156389 0.692083 0.130648 0.691615 0.126759 0.687292 0.117222 0.685260 0.110000 0.682813 0.106389 0.682500 0.102037 0.677552 0.090833 0.676719 0.086019 0.693594 0.129444 0.723958 0.216296 0.724010 0.219074 0.726406 0.225370 0.726146 0.227593 0.723958 0.222222
1 0.728281 0.233704 0.717396 0.240093 0.725729 0.231574 0.727813 0.232778
1 0.678021 0.087407 0.685052 0.101759 0.692240 0.119907 0.720938 0.202500 0.724167 0.206852 0.725052 0.211759 0.723073 0.210556 0.727969 0.222963 0.730156 0.230463 0.729948 0.232778
1 0.725000 0.205370 0.726094 0.204444 0.727865 0.207685 0.728906 0.204167 0.730208 0.204630 0.733073 0.210093 0.732760 0.213519 0.730990 0.213981 0.728385 0.209630 0.729062 0.212778 0.728542 0.213704 0.725312 0.208519 0.725000 0.205556
1 0.726927 0.218796 0.728021 0.217500 0.729271 0.219630 0.727917 0.220833 0.726927 0.218889
1 0.728333 0.222037 0.729375 0.220185 0.730677 0.220648 0.733750 0.227315 0.732708 0.229167 0.731667 0.228889 0.730156 0.227500 0.729375 0.223889
1 0.736042 0.217778 0.735521 0.215556 0.736563 0.213704 0.740000 0.222037 0.740000 0.225185 0.738750 0.227037 0.733750 0.219907 0.734792 0.216944 0.735729 0.218056
1 0.734896 0.206296 0.735938 0.208148 0.734896 0.210000 0.733021 0.208889 0.732031 0.206574 0.728646 0.193056 0.729271 0.191944 0.734844 0.206296
1 0.723490 0.190556 0.714219 0.169444 0.713802 0.167593 0.714844 0.165741 0.716094 0.168611 0.714948 0.158704 0.715729 0.157870 0.711146 0.142500 0.705573 0.130556 0.704115 0.129537 0.702188 0.124074 0.702396 0.121111 0.701354 0.120741 0.694688 0.099352 0.696094 0.099352 0.714948 0.148611 0.717187 0.156389 0.716250 0.159259 0.718750 0.169722 0.718594 0.173241 0.724219 0.189259
1 0.725938 0.183333 0.725156 0.184259 0.723021 0.181481 0.721927 0.173704 0.721042 0.172870 0.720781 0.168981 0.718594 0.162778 0.719010 0.161667 0.722969 0.171296 0.722448 0.173981 0.725104 0.181481
1 0.697865 0.102963 0.699010 0.101111 0.701927 0.105926 0.709531 0.129907 0.713229 0.138333 0.715365 0.138056 0.717031 0.140741 0.719219 0.141296 0.721771 0.150278 0.723490 0.151389 0.724010 0.155000 0.729115 0.166204 0.729219 0.169444 0.731927 0.175741 0.732969 0.175278 0.722708 0.146296 0.722344 0.144815 0.723385 0.142963 0.724219 0.143611 0.746302 0.206389 0.744896 0.210741 0.746354 0.214074 0.747552 0.212685 0.750104 0.216574 0.749792 0.220648 0.748490 0.221296 0.746354 0.217037 0.745677 0.219259 0.747031 0.221019 0.745990 0.222870 0.744792 0.222222 0.743750 0.220370 0.744010 0.213333 0.740260 0.204722 0.741250 0.207963 0.739896 0.209722 0.741823 0.215926 0.740781 0.217778 0.738385 0.214259 0.730573 0.193611 0.728646 0.185463 0.721771 0.165278 0.719792 0.163704 0.715000 0.147685 0.707031 0.129444 0.698542 0.104722
1 0.732396 0.184722 0.732240 0.181852 0.727083 0.170185 0.725990 0.171204 0.730208 0.184352 0.732083 0.185648 0.735312 0.197130 0.739896 0.203796 0.737604 0.197963 0.736406 0.197500 0.736354 0.194815
1 0.722396 0.158796 0.719062 0.149537 0.718854 0.151111
1 0.752292 0.211204 0.753333 0.209352 0.754375 0.211019 0.754167 0.217407 0.753125 0.219259 0.750937 0.214907
1 0.760104 0.224537 0.761146 0.222685 0.762760 0.224352 0.764688 0.230463 0.763646 0.232315 0.762760 0.231296
1 0.755938 0.226574 0.756979 0.224722 0.759063 0.224167 0.760781 0.228241 0.760990 0.233056 0.758958 0.233056 0.757188 0.231111 0.756667 0.228333
1 0.764271 0.236389 0.764792 0.235463 0.765885 0.237778 0.765885 0.241296 0.764479 0.239074 0.764271 0.236574
1 0.768958 0.248981 0.769583 0.247778 0.771042 0.249907 0.770729 0.252037 0.770260 0.251296
1 0.761979 0.234537 0.762604 0.235463 0.761146 0.237037 0.760417 0.235463 0.761406 0.235185
1 0.766354 0.252500 0.767344 0.251667 0.769792 0.257222 0.769635 0.259815 0.771667 0.264815 0.771146 0.267407 0.767604 0.263056 0.768802 0.258426 0.767396 0.260185 0.766198 0.257593 0.766823 0.256389 0.766042 0.254722 0.766510 0.252778
1 0.772135 0.271759 0.772813 0.270185 0.774375 0.272037 0.774688 0.276852 0.773125 0.276019 0.772292 0.271759
1 0.780729 0.298333 0.781250 0.296759 0.782500 0.297315 0.783021 0.301204 0.781458 0.301296 0.780729 0.298426
1 0.787396 0.317870 0.787760 0.315463 0.789010 0.314537 0.791667 0.318148 0.792292 0.319907 0.791510 0.322407 0.791979 0.325000 0.791458 0.325926 0.788802 0.323611 0.787604 0.318519
1 0.797187 0.340741 0.798229 0.340741 0.802604 0.354630 0.802135 0.355926 0.800104 0.350000 0.799115 0.354722 0.796354 0.355000 0.795833 0.349630 0.798385 0.345185 0.797552 0.341667
1 0.773177 0.281296 0.772656 0.282222 0.771250 0.280278 0.770208 0.276667 0.770729 0.275185 0.773073 0.280741
1 0.746458 0.230463 0.750885 0.226852 0.752552 0.226852 0.753646 0.228981 0.752656 0.230463 0.752500 0.237500 0.751563 0.238519 0.749740 0.237870 0.746979 0.231389
1 0.756198 0.248889 0.757240 0.248889 0.758125 0.254352 0.757344 0.254352 0.756146 0.251019 0.756198 0.248981
1 0.767396 0.277222 0.768802 0.276296 0.770677 0.281111 0.770156 0.283241 0.768385 0.281389 0.767396 0.277315
1 0.770312 0.285926 0.771667 0.284907 0.773438 0.288889 0.773229 0.291204 0.771719 0.291667 0.770469 0.286481
1 0.767917 0.305833 0.768958 0.303981 0.769948 0.305556 0.772396 0.312593 0.771354 0.314444 0.768021 0.306667
1 0.773281 0.316574 0.774896 0.315000 0.777604 0.319352 0.777760 0.322963 0.776719 0.324815 0.775573 0.324074 0.774062 0.321852 0.773906 0.318241
1 0.777292 0.311759 0.778542 0.309537 0.782500 0.317778 0.780365 0.321204 0.778281 0.319352 0.777292 0.311852
1 0.783906 0.332407 0.784948 0.330556 0.785729 0.331111 0.788802 0.338889 0.791667 0.348796 0.791875 0.350370 0.790833 0.352222 0.784271 0.333796
1 0.789896 0.376296 0.790937 0.374444 0.792188 0.377685 0.791146 0.379537 0.789896 0.376389
1 0.738750 0.234907 0.739792 0.233056 0.740833 0.234907 0.739792 0.236759
1 0.737552 0.234722 0.740104 0.242222 0.741927 0.244815 0.740521 0.249074 0.737917 0.244537 0.735729 0.236667 0.737344 0.235093
1 0.755417 0.286944 0.756458 0.285093 0.759844 0.290741 0.759792 0.292870 0.760677 0.293796 0.759531 0.296944 0.757083 0.294352 0.756250 0.288426
1 0.761823 0.314630 0.764688 0.320741 0.764688 0.323333 0.763646 0.325185 0.759844 0.318611 0.760885 0.316296
1 0.768854 0.325000 0.769896 0.323148 0.770990 0.323611 0.774167 0.330556 0.771823 0.332407 0.770156 0.331389 0.769427 0.328889 0.769896 0.326852
1 0.774479 0.335741 0.775521 0.333889 0.777396 0.338704 0.776354 0.340556 0.775312 0.337222
1 0.764062 0.333426 0.765104 0.331574 0.767240 0.336852 0.766198 0.338704 0.764323 0.333889
1 0.768750 0.343241 0.770312 0.340463 0.772031 0.343056 0.772604 0.347037 0.770990 0.349259 0.769167 0.343981
1 0.771510 0.353611 0.772552 0.351759 0.775156 0.352315 0.776667 0.355648 0.777813 0.352778 0.780781 0.358796 0.779740 0.360648 0.777917 0.358333 0.779948 0.362593 0.778490 0.364630 0.775469 0.362870 0.772969 0.359444 0.772187 0.354815
1 0.781927 0.389815 0.782969 0.387963 0.784427 0.391389 0.783281 0.393981 0.782240 0.391204
1 0.784219 0.386019 0.785573 0.383056 0.786823 0.385463 0.784740 0.378241 0.785781 0.376389 0.787396 0.378519 0.788177 0.377870 0.790052 0.382037 0.786094 0.389537 0.784635 0.386759
1 0.723490 0.243796 0.727552 0.240278 0.728542 0.241481 0.728958 0.245648 0.730990 0.250648 0.730625 0.254167 0.727813 0.253889 0.724479 0.245648
1 0.745781 0.317130 0.747396 0.319907 0.752604 0.337870 0.751563 0.339722 0.749010 0.336481 0.746667 0.329630 0.746927 0.327130 0.744635 0.319167 0.745729 0.317222
1 0.752344 0.344259 0.753385 0.342407 0.756562 0.348611 0.757604 0.353889 0.756562 0.355926 0.752344 0.344352
1 0.763802 0.348704 0.764948 0.346852 0.768646 0.353981 0.770833 0.369167 0.769792 0.371019 0.768542 0.368981 0.767656 0.362500 0.764010 0.354444 0.763333 0.351019 0.763958 0.349352
1 0.763698 0.376759 0.766042 0.381111 0.771302 0.398148 0.773073 0.395926 0.775417 0.400648 0.775625 0.402778 0.774583 0.404630 0.773229 0.404444 0.772708 0.408333 0.765781 0.388611 0.765260 0.384444 0.763802 0.382870 0.760833 0.372037 0.759219 0.369444 0.760104 0.366944 0.763594 0.376852
1 0.772813 0.370000 0.773854 0.368148 0.775000 0.370000 0.778125 0.384167 0.780052 0.388981 0.779010 0.390833 0.776563 0.386574 0.772917 0.370926
1 0.775208 0.393704 0.776250 0.391852 0.778854 0.397500 0.780208 0.395648 0.781250 0.397500 0.778750 0.401481 0.775208 0.393796
1 0.708958 0.251852 0.710000 0.249722 0.713021 0.249259 0.716094 0.260000 0.715052 0.261852 0.714271 0.261204 0.710000 0.253704
1 0.735833 0.329722 0.736875 0.327870 0.738125 0.330370 0.740781 0.339722 0.739740 0.342037 0.735833 0.329815
1 0.750365 0.386296 0.751406 0.384444 0.752188 0.385093 0.755052 0.393519 0.753281 0.395000 0.750937 0.391111 0.750781 0.387778
1 0.766615 0.406944 0.768750 0.404259 0.771771 0.412870 0.772135 0.416574 0.770156 0.420370 0.768229 0.417315 0.766562 0.420370 0.764844 0.416667 0.764062 0.409537 0.764688 0.407870 0.766615 0.407222
1 0.697656 0.257407 0.700729 0.254815 0.702396 0.258148 0.700521 0.261481 0.698281 0.259074
1 0.690156 0.263611 0.691198 0.261759 0.694062 0.266574 0.699948 0.281389 0.699688 0.285833 0.698698 0.287222 0.696615 0.284352 0.693281 0.275833 0.690156 0.263796
1 0.701979 0.295741 0.703021 0.293889 0.705313 0.297222 0.706146 0.300926 0.705104 0.302778 0.702240 0.296944
1 0.707604 0.295000 0.709271 0.292407 0.711719 0.297130 0.711979 0.300926 0.710260 0.302315 0.707604 0.295185
1 0.732604 0.373056 0.735104 0.373056 0.740260 0.385370 0.741823 0.391204 0.740781 0.394722 0.738542 0.391204 0.735781 0.381574 0.733698 0.382870 0.732656 0.381389 0.731563 0.377963 0.731615 0.374259
1 0.742760 0.382593 0.749271 0.403796 0.749583 0.406204 0.748542 0.408056 0.746354 0.408241 0.744896 0.405463 0.741667 0.384444 0.742708 0.382593
1 0.758281 0.438056 0.759792 0.435000 0.760833 0.436852 0.760833 0.439352 0.759583 0.441204 0.758437 0.438981
1 0.750625 0.432130 0.751667 0.430278 0.756042 0.438981 0.754792 0.442500 0.750885 0.433333
1 0.747031 0.446204 0.748073 0.444352 0.749115 0.446204 0.752240 0.456019 0.751198 0.458519 0.747500 0.452870 0.747031 0.446481
1 0.674427 0.268241 0.675729 0.266944 0.677031 0.267870 0.682292 0.277685 0.684375 0.287870 0.684375 0.294907 0.683281 0.298333 0.681042 0.298056 0.676302 0.285278 0.672708 0.271852 0.673906 0.269167
1 0.683177 0.276574 0.684740 0.273796 0.686406 0.276111 0.687865 0.279537 0.687344 0.283981 0.685833 0.284907 0.684427 0.283333 0.683385 0.277963
1 0.729792 0.423426 0.731510 0.420648 0.735052 0.426759 0.741875 0.449907 0.742083 0.443796 0.744323 0.443796 0.744948 0.449444 0.748698 0.459815 0.747708 0.463796 0.745833 0.465463 0.740573 0.461574 0.739010 0.448426 0.736198 0.441574 0.734896 0.440741 0.733385 0.435833 0.733177 0.431852 0.730365 0.425463
1 0.735781 0.450463 0.737344 0.447685 0.738437 0.448426 0.738437 0.452407 0.736250 0.452407
1 0.727031 0.449907 0.728594 0.447130 0.730625 0.449815 0.733958 0.459352 0.733333 0.462315 0.734167 0.466296 0.736094 0.461111 0.737292 0.460278 0.740729 0.467500 0.740260 0.470463 0.736615 0.472685 0.737083 0.477315 0.734271 0.482870 0.731667 0.482130 0.725208 0.456944 0.725312 0.453241 0.726510 0.452500 0.728021 0.454537 0.731094 0.465000 0.727552 0.452037
1 0.650469 0.284815 0.650885 0.282778 0.653021 0.281019 0.655573 0.281296 0.656875 0.289537 0.664375 0.303704 0.662552 0.306481 0.661771 0.314259 0.660365 0.315000 0.658021 0.312778 0.656562 0.306852 0.654427 0.302500 0.650885 0.286759
1 0.719687 0.463241 0.722500 0.465278 0.725729 0.477315 0.725260 0.479352 0.724167 0.480093 0.721771 0.475926 0.718802 0.474167 0.717760 0.471481 0.717969 0.466019 0.719583 0.463241
1 0.726094 0.483148 0.727656 0.480370 0.728750 0.481204 0.730052 0.488426 0.729583 0.490370 0.728490 0.491204 0.726979 0.488981 0.726094 0.483519
1 0.719844 0.493333 0.721146 0.489815 0.724063 0.490185 0.725104 0.492870 0.725417 0.499259 0.722969 0.503796 0.722083 0.503241 0.722812 0.507130 0.721250 0.509907 0.719948 0.508796 0.717969 0.500093 0.719531 0.497037 0.720885 0.498426 0.720313 0.495278
1 0.709635 0.503519 0.711198 0.500741 0.714323 0.501667 0.716771 0.508056 0.716458 0.511296 0.713437 0.512685 0.711927 0.511389 0.709635 0.503611
1 0.580365 0.325648 0.579271 0.322407 0.590833 0.314722 0.592240 0.321759 0.592031 0.325833 0.589740 0.330741 0.594427 0.342870 0.594427 0.346111 0.593438 0.347593 0.586615 0.336111 0.583750 0.337315 0.582292 0.335833 0.580729 0.332685 0.580260 0.327778
1 0.586094 0.373611 0.588854 0.373796 0.593177 0.380185 0.594844 0.384907 0.595677 0.389630 0.594844 0.400463 0.596302 0.405000 0.600625 0.412222 0.612344 0.455185 0.583854 0.370833
1 0.637396 0.532407 0.647604 0.556389 0.652813 0.580370 0.656615 0.587130 0.656250 0.592593 0.659375 0.601852 0.660208 0.608889 0.637240 0.532407
1 0.672135 0.545000 0.672604 0.543056 0.674583 0.541574 0.677500 0.546574 0.677708 0.555741 0.673906 0.557870 0.672344 0.555093 0.672448 0.551759
1 0.681302 0.559722 0.682865 0.556944 0.684427 0.559352 0.685625 0.564074 0.685208 0.566019 0.682917 0.565833 0.681302 0.559907
1 0.665052 0.587685 0.665521 0.585741 0.667708 0.585741 0.669896 0.593889 0.669479 0.595833 0.668177 0.596667 0.666302 0.594167 0.665052 0.587870
1 0.670052 0.576296 0.671615 0.573519 0.672240 0.574722 0.674427 0.572685 0.676302 0.576019 0.676146 0.581389 0.675573 0.583056 0.673542 0.583611 0.673698 0.586759 0.672135 0.589537 0.671042 0.588796 0.670260 0.584907 0.670052 0.576481
1 0.667292 0.600648 0.667760 0.598704 0.670417 0.597222 0.671979 0.600000 0.669740 0.603704 0.669479 0.606852 0.668333 0.607685 0.666771 0.604907 0.667656 0.602130
1 0.672656 0.595093 0.672969 0.591019 0.675156 0.591019 0.675312 0.597037 0.673125 0.597037
1 0.677500 0.584352 0.684271 0.570556 0.688073 0.567685 0.689323 0.568519 0.689271 0.572593 0.686563 0.574722 0.681667 0.584537 0.679063 0.587130 0.677969 0.586296
1 0.713906 0.525741 0.691771 0.565556 0.658177 0.457593 0.630677 0.373611 0.608229 0.309259 0.619323 0.338426 0.631042 0.361481 0.653698 0.426296 0.666667 0.471852 0.666667 0.478148 0.674896 0.504815 0.685990 0.523241 0.685781 0.516759 0.682656 0.510093 0.682031 0.503148 0.685365 0.506481 0.683281 0.490185 0.690156 0.489815 0.689531 0.478426 0.693281 0.474722 0.703437 0.502778 0.707760 0.510463 0.712760 0.524907
1 0.637813 0.550556 0.638281 0.548241 0.640521 0.548241 0.641354 0.554537 0.646146 0.569352 0.645677 0.571296 0.644583 0.572130 0.642188 0.568241 0.638437 0.556111 0.637865 0.550926
1 0.652552 0.600000 0.654115 0.597222 0.655625 0.599167 0.661094 0.618426 0.660417 0.621481 0.657656 0.624167 0.656458 0.628148 0.655365 0.628981 0.654271 0.628148 0.654010 0.623611 0.655104 0.620556 0.657448 0.618241 0.652865 0.601574
1 0.632969 0.591296 0.634531 0.588519 0.635677 0.589537 0.640677 0.600833 0.645417 0.622963 0.646302 0.635185 0.648958 0.639167 0.648438 0.641574 0.647240 0.642130 0.626302 0.679074 0.579635 0.535185 0.599740 0.588611 0.604948 0.597222 0.609063 0.611019 0.619687 0.630278 0.621719 0.631481 0.620521 0.621852 0.617396 0.612222 0.618021 0.599444 0.620208 0.599444 0.627448 0.612685 0.627083 0.606944 0.629323 0.600185 0.630417 0.601019 0.640625 0.629352 0.640313 0.624444 0.635990 0.615278 0.632969 0.600833 0.633125 0.592037
1 0.564948 0.488519 0.563854 0.484722 0.565156 0.488519
1 0.531302 0.389630 0.548333 0.428704 0.563854 0.484722
1 0.486875 0.377315 0.489635 0.380370 0.494323 0.392315 0.497812 0.402037 0.498594 0.408704 0.500833 0.415741 0.503802 0.420648 0.505052 0.449444 0.509271 0.468426 0.513281 0.478148 0.514740 0.494537 0.517760 0.508241 0.519479 0.514444 0.522708 0.521111 0.530208 0.530370 0.533177 0.544537 0.533177 0.548519 0.531927 0.551667 0.522969 0.553426 0.517240 0.562315 0.516979 0.564907 0.524948 0.595926 0.463229 0.406481 0.465469 0.403796 0.465729 0.391019 0.484115 0.378148
1 0.572917 0.742685 0.556302 0.691574 0.557187 0.693981 0.562188 0.698889 0.565937 0.704630 0.568906 0.716111 0.571406 0.720556 0.576875 0.721481 0.577865 0.719259 0.579375 0.718796 0.582344 0.723241 0.584323 0.720185 0.587083 0.724167 0.587812 0.726296 0.587812 0.736111 0.581615 0.734722 0.577396 0.740926 0.575625 0.741852
1 0.539010 0.638241 0.548021 0.658611 0.554063 0.684722
1 0.554479 0.685833 0.556302 0.691574 0.554479 0.686944
1 0.581615 0.748056 0.582083 0.746111 0.584271 0.746111 0.583073 0.750093 0.582083 0.750093
1 0.584740 0.741296 0.586302 0.738519 0.587396 0.739352 0.587396 0.742037 0.585208 0.743241
1 0.587604 0.737870 0.588073 0.735926 0.590313 0.735926 0.588073 0.739815
1 0.590729 0.733333 0.605260 0.711019 0.604896 0.709074 0.606719 0.704074 0.608750 0.701574 0.609792 0.702315 0.610156 0.699630 0.613333 0.696667 0.614427 0.697500 0.614896 0.699444 0.613021 0.703056 0.611302 0.704352 0.609896 0.702870 0.610104 0.705833 0.607187 0.708796 0.591042 0.734537
1 0.618125 0.684630 0.620938 0.685093 0.621354 0.687037 0.618854 0.692870 0.615365 0.697500 0.613802 0.696667 0.613333 0.694722 0.617031 0.688148
1 0.624635 0.680000 0.619115 0.676667 0.608542 0.637685 0.604167 0.626759 0.601406 0.623426 0.600260 0.615741 0.592240 0.586667 0.554844 0.476296 0.540677 0.431852 0.535677 0.421852 0.529896 0.400093 0.523177 0.383426 0.516198 0.358241 0.517448 0.357407 0.548854 0.447685 0.598385 0.597222 0.624635 0.679907
1 0.379479 0.444167 0.382240 0.442315 0.384896 0.442963 0.390417 0.440648 0.392813 0.444074 0.404792 0.478426 0.409844 0.488426 0.410312 0.493981 0.415469 0.504907 0.417292 0.517870 0.419479 0.525556 0.428802 0.548056 0.430677 0.559815 0.435208 0.568333 0.439375 0.587500 0.436458 0.598241 0.439375 0.620370 0.456615 0.669815 0.465833 0.701296 0.472917 0.719444 0.481406 0.751852 0.484740 0.761481 0.496562 0.785093 0.497604 0.790926 0.511510 0.823426 0.512500 0.830833 0.511510 0.840000 0.513125 0.852222
1 0.513073 0.823333 0.515156 0.814167 0.517969 0.813148 0.521927 0.819537 0.522865 0.822778 0.522031 0.825278 0.526719 0.833796 0.523750 0.838889 0.520469 0.838333 0.518594 0.834815 0.516823 0.835278 0.514219 0.830463 0.515781 0.827685 0.517500 0.829352 0.519635 0.828704 0.517135 0.820463 0.515938 0.824907 0.514635 0.826111 0.513542 0.825278
1 0.462865 0.414537 0.509427 0.555370 0.574792 0.759167 0.571875 0.756296 0.569427 0.751111 0.545469 0.682778 0.537188 0.649630 0.532187 0.640741 0.529323 0.626759 0.507812 0.560463 0.504583 0.554722 0.503854 0.548333 0.500260 0.538796 0.497031 0.534352 0.493490 0.522870 0.485573 0.516481 0.478750 0.501852 0.480573 0.493519 0.480573 0.487778 0.474115 0.478889 0.474115 0.471204 0.470521 0.464815 0.469792 0.454630 0.468385 0.451481 0.468021 0.445741 0.465521 0.445093 0.462656 0.437407 0.462292 0.414537
1 0.282552 0.507130 0.286510 0.512685 0.286094 0.516389 0.293385 0.521574 0.295000 0.525278 0.303125 0.525278 0.318698 0.531852 0.320104 0.535556 0.322188 0.553611 0.328854 0.563611 0.329271 0.567315 0.331563 0.571759 0.333385 0.573241 0.338281 0.586111 0.338802 0.593056 0.349479 0.604444 0.356615 0.616574 0.358594 0.620093 0.357812 0.628241 0.360625 0.634630 0.364896 0.638704 0.372188 0.651667 0.371875 0.656667 0.375260 0.662130 0.380312 0.676667 0.379167 0.685556 0.382969 0.688796 0.386979 0.698611 0.385885 0.710463 0.387396 0.718889 0.386094 0.721481 0.388906 0.722593 0.392188 0.726111 0.396615 0.733426 0.400000 0.744352 0.399219 0.748241 0.397448 0.749444 0.394687 0.748056 0.393229 0.744167 0.389271 0.750278 0.389062 0.752593 0.390677 0.756019 0.395469 0.757222 0.399323 0.763796 0.401615 0.764444 0.403594 0.767870 0.404635 0.775278 0.404948 0.787870 0.397240 0.801759 0.397969 0.810185 0.398854 0.810185 0.404687 0.818889 0.407083 0.825648 0.412292 0.834352 0.412865 0.840278 0.411458 0.847037 0.419479 0.848981 0.426094 0.858241 0.427396 0.862315 0.429062 0.876944 0.422083 0.890833 0.421875 0.894352 0.422708 0.896574 0.422344 0.912130 0.425000 0.916389 0.430781 0.919630 0.435677 0.912130 0.440000 0.911481 0.443125 0.908519 0.444948 0.908704 0.450469 0.914907 0.458125 0.917870 0.463073 0.927037 0.434375 0.968704 0.367500 0.778333 0.347344 0.717778 0.310365 0.600185 0.282813 0.507593
1 0.334427 0.573241 0.338802 0.580556 0.333437 0.573241
1 0.377292 0.447407 0.399687 0.513796 0.487865 0.785833 0.487708 0.787222 0.481979 0.785370 0.476302 0.755185 0.466927 0.727130 0.465208 0.724074 0.457604 0.700648 0.454323 0.699167 0.452917 0.696389 0.452135 0.684537 0.446250 0.666944 0.445052 0.670370 0.441927 0.661111 0.441927 0.656852 0.440000 0.657778 0.438958 0.654352 0.441250 0.652500 0.438125 0.647593 0.436719 0.638056 0.434323 0.634722 0.429115 0.615000 0.424531 0.609722 0.420885 0.602963 0.419531 0.590093 0.417448 0.580833 0.413437 0.571574 0.412760 0.566667 0.409844 0.562685 0.409635 0.559352 0.407240 0.556574 0.405313 0.546111 0.401875 0.538426 0.398750 0.527037 0.397188 0.517500 0.394792 0.513056 0.392708 0.504444 0.390313 0.501667 0.387500 0.486944 0.381302 0.475833 0.381302 0.469352 0.379219 0.461111 0.377344 0.457407 0.376094 0.449722
1 0.505208 0.851019 0.506042 0.843241 0.511458 0.856204 0.509792 0.858796 0.509583 0.861389 0.507292 0.861389 0.505000 0.853241
1 0.493177 0.884259 0.487604 0.891204 0.489844 0.879815 0.490677 0.881296
1 0.166042 0.589167 0.175365 0.595556 0.181823 0.595556 0.186146 0.597500 0.192240 0.604444 0.195469 0.611481 0.201198 0.618519 0.203542 0.632685 0.195677 0.632037 0.192448 0.633333 0.192448 0.638426 0.193542 0.641574 0.195312 0.641574 0.200000 0.648611 0.205000 0.668981 0.206094 0.668981 0.208594 0.665185 0.215729 0.670926 0.215729 0.677963 0.210000 0.695833 0.212188 0.695833 0.222188 0.718056 0.222917 0.725741 0.224740 0.724444 0.227917 0.716204 0.232240 0.718704 0.236562 0.723796 0.235104 0.746759 0.228646 0.752500 0.237240 0.760185 0.243021 0.779907 0.241563 0.795185 0.235104 0.802870 0.239063 0.826481 0.243021 0.837315 0.245156 0.846204 0.268073 0.880648 0.275625 0.893981 0.278125 0.904815 0.276719 0.916296 0.270937 0.925278 0.224375 0.787593 0.164687 0.587407
1 0.256667 0.792037 0.258542 0.793426 0.260469 0.805185 0.259323 0.810093 0.260781 0.814167 0.260000 0.817500 0.256667 0.820926 0.252760 0.818519 0.251979 0.814722 0.255208 0.806019 0.253802 0.799352 0.254531 0.793426 0.256510 0.792037
1 0.279792 0.514259 0.342396 0.716204 0.402656 0.895926 0.393177 0.896667 0.390156 0.874537 0.376823 0.828611 0.348073 0.747593 0.336146 0.707222 0.333750 0.705093 0.327760 0.678519 0.326562 0.682222 0.323594 0.677407 0.316719 0.657222 0.307760 0.614259 0.300313 0.607315 0.301198 0.600926 0.297917 0.600926 0.294323 0.595093 0.289844 0.583981 0.288073 0.556389 0.284740 0.546296 0.284740 0.541481 0.279375 0.514907
1 0.118490 0.623796 0.169844 0.800463 0.242135 0.998611 0.232656 0.998611 0.230104 0.994722 0.217604 0.972500 0.215885 0.966389 0.216719 0.961019 0.211562 0.951111 0.200365 0.945741 0.196094 0.931204 0.190052 0.915926 0.188333 0.906759 0.188333 0.899074 0.171146 0.848611 0.169844 0.840185 0.153073 0.796574 0.143594 0.756852 0.137552 0.743056 0.133698 0.736944 0.130677 0.713981 0.126823 0.704074 0.125521 0.690278 0.123385 0.680370 0.118646 0.668148 0.114323 0.632963 0.117760 0.622963
1 0.002188 0.811667 0.011562 0.831574 0.012396 0.842685 0.009896 0.846389 0.000000 0.812778
1 0.142708 0.972593 0.143490 0.969352 0.145313 0.967963 0.147187 0.969352 0.147917 0.972593 0.147187 0.975926 0.145313 0.977222 0.143490 0.975926