0 0.015104 0.100185 0.061146 0.377500 0.113958 0.606296 0.000625 0.700278 0.000625 0.105926
0 0.000469 0.825000 0.053021 0.997963 0.000469 1.000000 0.000000 0.826296
0 0.000469 0.713889 0.116979 0.615370 0.243385 0.997963 0.057292 0.997963 0.000469 0.808611
0 0.078594 0.120833 0.178021 0.090556 0.226354 0.300185 0.277500 0.494630 0.164531 0.565278 0.114844 0.345648 0.076458 0.119630
0 0.180885 0.089259 0.270365 0.072870 0.374063 0.428981 0.278906 0.492130
0 0.274531 0.074537 0.349427 0.064444 0.454583 0.385185 0.377865 0.429352
0 0.352448 0.064167 0.416563 0.060741 0.515729 0.349167 0.457031 0.385185 0.352969 0.064167
0 0.564740 0.320463 0.518385 0.347593 0.419219 0.060000 0.471510 0.060833 0.563281 0.320463
0 0.473021 0.061759 0.517396 0.065278 0.603698 0.302037 0.567240 0.321296
0 0.519375 0.064630 0.554896 0.066389 0.597812 0.173426 0.636771 0.283056 0.606198 0.299722 0.565729 0.183889 0.518385 0.062963
0 0.587344 0.069815 0.625052 0.164167 0.661667 0.268333 0.637708 0.281667 0.594896 0.163519 0.556875 0.067407
0 0.589115 0.069907 0.615000 0.072870 0.655938 0.178148 0.683073 0.256852 0.662604 0.267407 0.632604 0.182778 0.606458 0.113056 0.588854 0.069907
0 0.616458 0.072407 0.638333 0.075370 0.702083 0.247500 0.683542 0.256852
0 0.658802 0.078796 0.717083 0.239907 0.702813 0.246667 0.639792 0.076296
0 0.659948 0.078796 0.675885 0.081296 0.729635 0.233148 0.717760 0.239074 0.659635 0.078796
0 0.691146 0.084259 0.742031 0.227222 0.730156 0.233611 0.677135 0.081852
0 0.704427 0.086852 0.752240 0.221296 0.742760 0.226759 0.691354 0.084259 0.704688 0.086852
0 0.760833 0.216667 0.752969 0.220833 0.705156 0.087222 0.716094 0.089352
0 0.762292 0.220000 0.804167 0.355278 0.797656 0.367963 0.753437 0.225556
0 0.753021 0.225185 0.797812 0.367222 0.790677 0.381296 0.743594 0.230463
0 0.742917 0.231204 0.790677 0.382037 0.782969 0.397500 0.732240 0.237407
0 0.719167 0.243889 0.731615 0.237500 0.783177 0.397222 0.773646 0.415185
0 0.718542 0.244630 0.747865 0.330926 0.772969 0.415463 0.762708 0.435370 0.732187 0.337037 0.704010 0.252037
0 0.703490 0.252778 0.734010 0.344167 0.762552 0.438519 0.749427 0.461019 0.722031 0.368611 0.686406 0.261759
0 0.663802 0.272685 0.684948 0.261019 0.718333 0.361019 0.749427 0.461481 0.734010 0.489907 0.698646 0.373148 0.664115 0.272685
0 0.639688 0.286574 0.664271 0.273333 0.733906 0.490000 0.715625 0.523981
0 0.607448 0.304259 0.638542 0.287037 0.715052 0.525556 0.692240 0.566759 0.607708 0.304444
0 0.569427 0.325741 0.606250 0.304444 0.691875 0.567315 0.663333 0.617593 0.569115 0.325093
0 0.520365 0.355000 0.567604 0.326481 0.662135 0.618056 0.626823 0.679444 0.520781 0.355741
0 0.458698 0.390093 0.517865 0.355000 0.625156 0.680185 0.577917 0.757870 0.458698 0.390278
0 0.380365 0.438796 0.455313 0.391389 0.576146 0.759722 0.514531 0.854352 0.378854 0.439630
0 0.282708 0.501574 0.283125 0.502870 0.282187 0.503426
0 0.375937 0.441204 0.512552 0.856667 0.434115 0.969815 0.283125 0.502870
0 0.277969 0.504167 0.431875 0.971204 0.409635 1.000000 0.296719 0.999259 0.164531 0.584630
1 0.042448 0.652870 0.049323 0.652870 0.050365 0.654722 0.045417 0.660926 0.041458 0.664444 0.039010 0.664259 0.036510 0.667963 0.035469 0.666111 0.038437 0.657315 0.041562 0.653704
1 0.042500 0.657315 0.040417 0.660741 0.041562 0.660741 0.045052 0.656481 0.042500 0.657130
1 0.094479 0.614074 0.096510 0.617778 0.095990 0.619907 0.089896 0.624352 0.086771 0.623889 0.086302 0.621852 0.087240 0.619352 0.094375 0.614167
1 0.026979 0.671481 0.027448 0.668056 0.029635 0.668056 0.030104 0.673519 0.029479 0.675833 0.023125 0.682222 0.019115 0.683981 0.017865 0.683148 0.017969 0.679074 0.023385 0.675926 0.026979 0.671667
3 0.149271 0.967963 0.149219 0.971296 0.150521 0.975278 0.149740 0.978611 0.146667 0.979907 0.143385 0.976759 0.142396 0.973148 0.142396 0.967963 0.143385 0.964352 0.146250 0.962685 0.148281 0.964352
3 0.010313 0.277407 0.011406 0.278241 0.013542 0.286111 0.014479 0.293333 0.014010 0.295741 0.012917 0.296481 0.011406 0.294537 0.008490 0.280648 0.009115 0.278426
3 0.013958 0.314444 0.015521 0.311667 0.016875 0.312500 0.017344 0.314444 0.017344 0.323333 0.016406 0.327407 0.015312 0.328241 0.013750 0.325463 0.014219 0.315926
3 0.018750 0.350000 0.020313 0.347222 0.021406 0.348056 0.022552 0.355463 0.022135 0.357407 0.019792 0.357222 0.019010 0.351574
3 0.021823 0.373704 0.022292 0.371667 0.024479 0.371667 0.027344 0.387222 0.026875 0.390000 0.024687 0.390000 0.021823 0.373889
3 0.017552 0.366019 0.019115 0.363241 0.020677 0.366019 0.022083 0.380000 0.020521 0.382778 0.019323 0.381759 0.018281 0.377222 0.017552 0.366296
1 0.272708 0.490185 0.274271 0.492963 0.273646 0.495185 0.267656 0.501204 0.261042 0.503889 0.243073 0.516019 0.233958 0.520648 0.230990 0.523611 0.229635 0.522870 0.229167 0.520833 0.233594 0.513056 0.240937 0.510556 0.252396 0.499352 0.259219 0.496759 0.267813 0.489167 0.270156 0.490741 0.272552 0.490185
3 0.279062 0.325278 0.280625 0.328056 0.278750 0.338148 0.277656 0.338889 0.276562 0.338148 0.276094 0.334074 0.277552 0.326296 0.278958 0.325278
3 0.265260 0.393981 0.266823 0.391204 0.268385 0.393981 0.267813 0.403611 0.265937 0.407407 0.264375 0.404630 0.265260 0.394352
3 0.261823 0.417870 0.263385 0.415093 0.264479 0.415926 0.264479 0.425926 0.262292 0.425926 0.261823 0.418056
3 0.269635 0.085278 0.271198 0.082500 0.272760 0.085278 0.271198 0.088056 0.270104 0.087222
3 0.521719 0.067222 0.523281 0.064444 0.524479 0.065370 0.526250 0.069352 0.526042 0.072778 0.524948 0.073611 0.523542 0.072037 0.521719 0.067315
3 0.380781 0.074537 0.382344 0.071759 0.383750 0.073426 0.385417 0.078611 0.385104 0.081944 0.382865 0.081852 0.380781 0.074630
1 0.699115 0.246667 0.700677 0.243889 0.701771 0.244722 0.701771 0.248704 0.699583 0.248704
1 0.715625 0.236574 0.717865 0.236574 0.717865 0.240556 0.716042 0.242593 0.714479 0.239815 0.715521 0.237130
3 0.307865 0.076944 0.309427 0.074167 0.310521 0.075000 0.310521 0.078981 0.308333 0.078981
3 0.120208 0.227315 0.121771 0.224537 0.122917 0.225370 0.122917 0.229259 0.120677 0.229259
3 0.123438 0.245463 0.125000 0.242685 0.126094 0.243519 0.126094 0.247500 0.123906 0.247500