0 0.322109 0.570139 0.369766 0.576806 0.329766 0.649028 0.278828 0.636667
0 0.371953 0.577500 0.424141 0.584306 0.389062 0.659722 0.331797 0.649583
0 0.277891 0.637500 0.328594 0.649583 0.279844 0.742222 0.224766 0.725000
0 0.498359 0.674861 0.467344 0.780139 0.395313 0.765694 0.434531 0.665833 0.498516 0.674583
0 0.501641 0.676389 0.565937 0.682917 0.546172 0.792778 0.470703 0.780694 0.501484 0.675694
0 0.524687 0.598611 0.580703 0.605556 0.566328 0.682222 0.501719 0.674444 0.524844 0.598056
0 0.331016 0.649583 0.388906 0.660278 0.345078 0.760000 0.281953 0.743889 0.331016 0.648333
0 0.521875 0.597917 0.499453 0.673333 0.435625 0.664028 0.466484 0.589167
0 0.569922 0.684583 0.633828 0.690833 0.625703 0.802500 0.549609 0.793056 0.569609 0.682639
0 0.583984 0.606667 0.638359 0.611667 0.634141 0.690139 0.569609 0.682639 0.583672 0.605417
0 0.674922 0.625694 0.726328 0.627222 0.735156 0.706528 0.677422 0.703472 0.674063 0.624167
0 0.677422 0.705833 0.735938 0.708750 0.748594 0.814306 0.679531 0.814306 0.677031 0.705000
0 0.727969 0.628611 0.776406 0.630833 0.794453 0.710139 0.738906 0.706389 0.727969 0.630139
0 0.813828 0.815278 0.750312 0.813750 0.738906 0.707500 0.795312 0.711250 0.813438 0.814583
0 0.779766 0.631944 0.825234 0.632639 0.846719 0.707500 0.795781 0.709028
0 0.872344 0.807778 0.816797 0.812222 0.797031 0.709722 0.847969 0.710556 0.872812 0.807083
1 0.369219 0.578194 0.330781 0.647361 0.279219 0.636389 0.321797 0.570833 0.369375 0.578056
1 0.372422 0.577778 0.423438 0.584722 0.390156 0.659028 0.331875 0.648056 0.372109 0.577778
1 0.224688 0.725278 0.278359 0.637361 0.330781 0.647778 0.280781 0.742917 0.225703 0.725278
1 0.282344 0.744722 0.331562 0.648750 0.390391 0.659444 0.346953 0.760556 0.282656 0.744167
1 0.465391 0.589583 0.521563 0.598750 0.499297 0.673750 0.435078 0.663472
1 0.498359 0.675278 0.467656 0.780278 0.394687 0.766389 0.434219 0.666806 0.498047 0.674722
1 0.524844 0.599306 0.580313 0.605694 0.566797 0.680694 0.501641 0.673750 0.524844 0.598194
1 0.566484 0.684444 0.546953 0.792500 0.469766 0.780833 0.500156 0.676944
1 0.582812 0.605972 0.639453 0.610278 0.634375 0.688472 0.569844 0.682083 0.582812 0.605000
1 0.625938 0.801389 0.549687 0.792778 0.569219 0.682500 0.634375 0.690417
1 0.675156 0.625833 0.726094 0.628056 0.735781 0.705139 0.677031 0.703472 0.674609 0.624722
1 0.728594 0.628333 0.776719 0.630972 0.794219 0.706528 0.738750 0.707083
1 0.824297 0.633194 0.846953 0.707083 0.796016 0.707639 0.778828 0.632083 0.824922 0.632639
1 0.748437 0.815833 0.678516 0.814722 0.677266 0.705417 0.736641 0.707083 0.748125 0.814167
1 0.814688 0.815278 0.749922 0.816389 0.739062 0.708194 0.794844 0.709167 0.815000 0.815278
1 0.873750 0.809444 0.816172 0.814722 0.797187 0.709722 0.846641 0.709167 0.873125 0.808889