0 0.327422 0.335000 0.337969 0.333194 0.306094 0.423333 0.295781 0.421528 0.327422 0.334028
0 0.350547 0.330972 0.317734 0.423889 0.306953 0.423056 0.338281 0.332778 0.350547 0.330278
0 0.330313 0.426111 0.317891 0.424861 0.351172 0.330278 0.365156 0.327917
0 0.380938 0.325139 0.344609 0.428333 0.331016 0.426806 0.365859 0.327222
0 0.398516 0.322639 0.360078 0.431111 0.344766 0.429167 0.381562 0.324722
0 0.418359 0.320278 0.377812 0.432361 0.360938 0.430833 0.398828 0.322917
0 0.439063 0.318194 0.397109 0.436528 0.378516 0.434167 0.418750 0.320556
0 0.463047 0.314583 0.420937 0.438889 0.398828 0.436528 0.440000 0.317639
0 0.491719 0.312222 0.446641 0.443750 0.421016 0.441667 0.464375 0.314861
0 0.523047 0.309028 0.475781 0.450000 0.447500 0.445694 0.492344 0.311806
0 0.559297 0.306250 0.509922 0.457778 0.477500 0.450972 0.524766 0.308750 0.559063 0.305972
0 0.598906 0.303472 0.549375 0.465694 0.511484 0.458611 0.560000 0.306528
0 0.643047 0.302778 0.594922 0.475000 0.551328 0.466389 0.600313 0.304306
0 0.693984 0.301667 0.646953 0.486944 0.596953 0.476111 0.645234 0.302361 0.694219 0.301250
0 0.749141 0.300556 0.706484 0.500278 0.648984 0.488056 0.695156 0.301250 0.748750 0.300139
0 0.644453 0.747083 0.586562 0.713750 0.647344 0.492639 0.705156 0.506111
0 0.595078 0.481111 0.645547 0.491944 0.584375 0.711806 0.535234 0.684722
0 0.549687 0.471389 0.593750 0.481667 0.532344 0.683472 0.491797 0.657778 0.549687 0.470139
0 0.509687 0.463750 0.547500 0.470139 0.489297 0.656528 0.454922 0.634583
0 0.474844 0.456111 0.508594 0.463194 0.453437 0.633472 0.423672 0.615833 0.474844 0.455694
0 0.445703 0.451250 0.474062 0.456250 0.422109 0.615139 0.395937 0.599444
0 0.419531 0.445972 0.444688 0.450833 0.395703 0.598194 0.372578 0.584306
0 0.418828 0.445000 0.372344 0.583472 0.352813 0.570000 0.396953 0.441944
0 0.395859 0.441667 0.351875 0.570694 0.335625 0.560139 0.376797 0.438333 0.396094 0.441667
0 0.360156 0.434028 0.376094 0.436667 0.334219 0.558750 0.320234 0.548611 0.359922 0.434028
0 0.343438 0.433194 0.358516 0.434861 0.319453 0.549028 0.306641 0.541111
0 0.329453 0.429861 0.342578 0.432361 0.305703 0.539722 0.294297 0.533056
0 0.328281 0.429861 0.293359 0.532222 0.283828 0.525417 0.316172 0.428194
0 0.305469 0.426528 0.316172 0.427778 0.282891 0.524583 0.273828 0.518611
0 0.304063 0.426944 0.272891 0.519028 0.263594 0.514028 0.294922 0.424861
1 0.269297 0.505139 0.271719 0.507778 0.271484 0.517361 0.265000 0.513194 0.268750 0.500972
1 0.276719 0.508472 0.273125 0.518056 0.271719 0.516389 0.274062 0.511528
1 0.278047 0.510000 0.276562 0.513889 0.277813 0.522222 0.273672 0.519028 0.278359 0.503194
1 0.286875 0.522222 0.288125 0.525417 0.292422 0.524167 0.294297 0.529028 0.293359 0.531528 0.283828 0.524167
1 0.295469 0.530556 0.296250 0.529167 0.297031 0.531667 0.305859 0.538333 0.305078 0.539722 0.298516 0.536111 0.295781 0.533611 0.295469 0.530694
1 0.307891 0.539306 0.309453 0.539306 0.308672 0.542639 0.307891 0.539583
1 0.310312 0.543472 0.313750 0.540972 0.318125 0.547222 0.317188 0.548611 0.313125 0.544306 0.311094 0.544861
1 0.321797 0.546667 0.323516 0.540417 0.324844 0.544306 0.323906 0.549861 0.332578 0.556528 0.331797 0.557917 0.321563 0.551528 0.320781 0.549583 0.321641 0.547083
1 0.336250 0.560000 0.338984 0.556667 0.339922 0.558056 0.339141 0.561806 0.337031 0.561389
1 0.342734 0.563889 0.344844 0.560139 0.345625 0.561528 0.343672 0.565556 0.342734 0.564028
1 0.356094 0.566528 0.357422 0.565139 0.358828 0.566806 0.357812 0.569861 0.358750 0.572500 0.363437 0.574861 0.365234 0.572639 0.366719 0.578194 0.365937 0.579583 0.357969 0.575139 0.356328 0.571806 0.356563 0.567917
1 0.424453 0.611389 0.426016 0.611389 0.427422 0.615694 0.426641 0.617083 0.423984 0.614861 0.424453 0.611528
1 0.458203 0.635278 0.457344 0.637222 0.455625 0.634028 0.457188 0.629028 0.457969 0.634306
1 0.651953 0.479028 0.654062 0.475694 0.656562 0.475694 0.660703 0.480833 0.660937 0.484722 0.659219 0.487778 0.652109 0.486944 0.650547 0.484167 0.651719 0.480278
1 0.600625 0.467361 0.602734 0.464306 0.606016 0.464306 0.607578 0.467639 0.607578 0.474028 0.605547 0.475972 0.600156 0.475278 0.599141 0.471111 0.600547 0.467917
1 0.564922 0.466806 0.567656 0.464028 0.569766 0.466806 0.566484 0.469583
1 0.329219 0.420556 0.330781 0.423333 0.329922 0.424861 0.318125 0.422917 0.322891 0.418889 0.329141 0.420556
1 0.310703 0.416389 0.316797 0.422500 0.315234 0.425278 0.308906 0.424861 0.307344 0.422083
1 0.301094 0.409306 0.302344 0.411528 0.300000 0.415972 0.300703 0.418889 0.305859 0.420833 0.304297 0.423611 0.298672 0.423194 0.297109 0.420417 0.300312 0.409722
1 0.465469 0.463611 0.467734 0.458333 0.469297 0.461111 0.467031 0.466389