0 0.015104 0.100185 0.061146 0.377500 0.113958 0.606296 0.000625 0.700278 0.000625 0.105926
0 0.000469 0.825000 0.053021 0.997963 0.000469 1.000000 0.000000 0.826296
0 0.000469 0.713889 0.116979 0.615370 0.243385 0.997963 0.057292 0.997963 0.000469 0.808611
0 0.078594 0.120833 0.178021 0.090556 0.226354 0.300185 0.277500 0.494630 0.164531 0.565278 0.114844 0.345648 0.076458 0.119630
0 0.180885 0.089259 0.270365 0.072870 0.374063 0.428981 0.278906 0.492130
0 0.274531 0.074537 0.349427 0.064444 0.454583 0.385185 0.377865 0.429352
0 0.352448 0.064167 0.416563 0.060741 0.515729 0.349167 0.457031 0.385185 0.352969 0.064167
0 0.564740 0.320463 0.518385 0.347593 0.419219 0.060000 0.471510 0.060833 0.563281 0.320463
0 0.473021 0.061759 0.517396 0.065278 0.603698 0.302037 0.567240 0.321296
0 0.519375 0.064630 0.554896 0.066389 0.597812 0.173426 0.636771 0.283056 0.606198 0.299722 0.565729 0.183889 0.518385 0.062963
0 0.587344 0.069815 0.625052 0.164167 0.661667 0.268333 0.637708 0.281667 0.594896 0.163519 0.556875 0.067407
0 0.589115 0.069907 0.615000 0.072870 0.655938 0.178148 0.683073 0.256852 0.662604 0.267407 0.632604 0.182778 0.606458 0.113056 0.588854 0.069907
0 0.616458 0.072407 0.638333 0.075370 0.702083 0.247500 0.683542 0.256852
0 0.658802 0.078796 0.717083 0.239907 0.702813 0.246667 0.639792 0.076296
0 0.659948 0.078796 0.675885 0.081296 0.729635 0.233148 0.717760 0.239074 0.659635 0.078796
0 0.691146 0.084259 0.742031 0.227222 0.730156 0.233611 0.677135 0.081852
0 0.704427 0.086852 0.752240 0.221296 0.742760 0.226759 0.691354 0.084259 0.704688 0.086852
0 0.760833 0.216667 0.752969 0.220833 0.705156 0.087222 0.716094 0.089352
0 0.762292 0.220000 0.804167 0.355278 0.797656 0.367963 0.753437 0.225556
0 0.753021 0.225185 0.797812 0.367222 0.790677 0.381296 0.743594 0.230463
0 0.742917 0.231204 0.790677 0.382037 0.782969 0.397500 0.732240 0.237407
0 0.719167 0.243889 0.731615 0.237500 0.783177 0.397222 0.773646 0.415185
0 0.718542 0.244630 0.747865 0.330926 0.772969 0.415463 0.762708 0.435370 0.732187 0.337037 0.704010 0.252037
0 0.703490 0.252778 0.734010 0.344167 0.762552 0.438519 0.749427 0.461019 0.722031 0.368611 0.686406 0.261759
0 0.663802 0.272685 0.684948 0.261019 0.718333 0.361019 0.749427 0.461481 0.734010 0.489907 0.698646 0.373148 0.664115 0.272685
0 0.639688 0.286574 0.664271 0.273333 0.733906 0.490000 0.715625 0.523981
0 0.607448 0.304259 0.638542 0.287037 0.715052 0.525556 0.692240 0.566759 0.607708 0.304444
0 0.569427 0.325741 0.606250 0.304444 0.691875 0.567315 0.663333 0.617593 0.569115 0.325093
0 0.520365 0.355000 0.567604 0.326481 0.662135 0.618056 0.626823 0.679444 0.520781 0.355741
0 0.458698 0.390093 0.517865 0.355000 0.625156 0.680185 0.577917 0.757870 0.458698 0.390278
0 0.380365 0.438796 0.455313 0.391389 0.576146 0.759722 0.514531 0.854352 0.378854 0.439630
0 0.282708 0.501574 0.283125 0.502870 0.282187 0.503426
0 0.375937 0.441204 0.512552 0.856667 0.434115 0.969815 0.283125 0.502870
0 0.277969 0.504167 0.431875 0.971204 0.409635 1.000000 0.296719 0.999259 0.164531 0.584630
1 0.179844 0.093241 0.181771 0.092870 0.184323 0.099259 0.186823 0.102685 0.191354 0.124537 0.191719 0.134815 0.195260 0.141481 0.196667 0.147315 0.196667 0.153981 0.197500 0.157315 0.200052 0.158611 0.202708 0.165463 0.206198 0.170833 0.223594 0.187130 0.223281 0.190185 0.226146 0.211667 0.230208 0.224352 0.229323 0.229815 0.232188 0.236852 0.233333 0.248333 0.235677 0.258981 0.240521 0.270000 0.243542 0.281204 0.241927 0.291481 0.242656 0.295370 0.239010 0.297963 0.237552 0.294444 0.235625 0.293056 0.232813 0.296574 0.231979 0.300278 0.236094 0.318611 0.236250 0.323241 0.241563 0.339167 0.243229 0.351667 0.245052 0.356944 0.244635 0.359444 0.224219 0.280926 0.180312 0.093241
1 0.261042 0.371759 0.263021 0.374722 0.269063 0.377037 0.279167 0.386667 0.302187 0.395741 0.307708 0.393241 0.317396 0.401852 0.327865 0.405741 0.332604 0.405463 0.339375 0.397500 0.347708 0.391574 0.350365 0.395093 0.353229 0.396111 0.355781 0.393056 0.354375 0.374259 0.354948 0.374352 0.350729 0.359630 0.349375 0.347222 0.346354 0.337130 0.333229 0.303611 0.326250 0.277778 0.323281 0.263148 0.316615 0.246667 0.314375 0.236296 0.307031 0.214444 0.302187 0.195463 0.299687 0.189907 0.293646 0.183426 0.292917 0.179907 0.288437 0.170648 0.287083 0.161852 0.290938 0.160185 0.291719 0.156852 0.287187 0.138056 0.281719 0.122222 0.281406 0.117130 0.276927 0.104352 0.272292 0.086389 0.270781 0.088796 0.269687 0.087963 0.269687 0.084074 0.271771 0.083889 0.270573 0.078148 0.272031 0.075741 0.375156 0.432593 0.279948 0.494907 0.248385 0.373796 0.248698 0.372315 0.252969 0.373241 0.257448 0.366852 0.259167 0.366481
1 0.276667 0.337130 0.277031 0.331852 0.279062 0.328611 0.280104 0.330833 0.277708 0.338981
1 0.188646 0.104444 0.190208 0.101667 0.193021 0.101667 0.194479 0.099815 0.196250 0.100463 0.197813 0.103611 0.196250 0.106389 0.194115 0.105278 0.192969 0.107222 0.189115 0.106389
1 0.199010 0.109352 0.200677 0.106574 0.203646 0.109259 0.204115 0.111296 0.202552 0.114074 0.199792 0.111852
1 0.224479 0.140000 0.226042 0.137222 0.227187 0.138056 0.227187 0.142037 0.224948 0.142037
1 0.454323 0.386389 0.377865 0.431759 0.342083 0.313704 0.279635 0.096852 0.278281 0.095093 0.274115 0.081296 0.274323 0.078426 0.273281 0.074815 0.274844 0.074630 0.274740 0.078056 0.275990 0.079259 0.277604 0.084537 0.279323 0.085833 0.281406 0.091481 0.281042 0.094907 0.283385 0.095833 0.286979 0.107222 0.292135 0.116667 0.294219 0.123611 0.299635 0.129815 0.301979 0.137130 0.308542 0.146667 0.309896 0.152130 0.311875 0.154352 0.313698 0.159444 0.318490 0.164167 0.318646 0.170648 0.317812 0.173611 0.318333 0.182685 0.320312 0.187685 0.328906 0.200000 0.329896 0.212963 0.336146 0.224352 0.336146 0.226389 0.337500 0.226111 0.339479 0.230833 0.341094 0.234907 0.341615 0.241019 0.345260 0.247500 0.346406 0.256296 0.350052 0.261574 0.350052 0.269537 0.349062 0.273333 0.350677 0.274537 0.352031 0.284815 0.356146 0.287407 0.357292 0.292685 0.354479 0.299630 0.354219 0.302593 0.349115 0.301667 0.345417 0.304352 0.343906 0.310926 0.345000 0.318981 0.344531 0.318241 0.348698 0.332222 0.351719 0.333704 0.355104 0.337870 0.361719 0.341574 0.366250 0.347500 0.375312 0.353704 0.384583 0.366759 0.392083 0.373519 0.395781 0.375185 0.401927 0.376389 0.408750 0.370463 0.413073 0.369074 0.418333 0.374167 0.427760 0.374352 0.434427 0.371574 0.437344 0.368704 0.439167 0.361296 0.437396 0.340463 0.436042 0.339537 0.434323 0.328426 0.430937 0.319074 0.430729 0.315926 0.425313 0.305185 0.421615 0.293796 0.420521 0.285926 0.414583 0.270741 0.413646 0.264815 0.411198 0.261481 0.405885 0.240833 0.405417 0.235741 0.431302 0.315278 0.432760 0.316944 0.436094 0.326296 0.438073 0.338889
1 0.392604 0.203333 0.391510 0.196574 0.389115 0.193241 0.382240 0.170093 0.370052 0.148981 0.367240 0.141389 0.364323 0.138241 0.363854 0.135833 0.365573 0.132593 0.366979 0.123611 0.366198 0.120370 0.364375 0.118981 0.362135 0.120556 0.359948 0.132315 0.358281 0.132870 0.356094 0.126667 0.351406 0.124259 0.350156 0.122037 0.349219 0.114352 0.351823 0.112407 0.358542 0.111759 0.360417 0.110370 0.361146 0.107130 0.360417 0.103796 0.358438 0.102500 0.357396 0.097963 0.353542 0.091481 0.354010 0.083611 0.351406 0.070000 0.395365 0.204907 0.392813 0.203611
1 0.295781 0.088241 0.296250 0.086296 0.298438 0.086296 0.298438 0.090278 0.296250 0.090278
1 0.301719 0.091204 0.304583 0.096019 0.303594 0.098611 0.302708 0.099074 0.300625 0.096481 0.299948 0.094259 0.300521 0.092130
1 0.307708 0.098981 0.309271 0.096204 0.310365 0.097037 0.311146 0.103148 0.310677 0.105185 0.309583 0.105926 0.308125 0.104167 0.307708 0.099444
1 0.312396 0.102037 0.312812 0.100000 0.315052 0.100000 0.315052 0.103981 0.312812 0.103981
1 0.315417 0.103796 0.316979 0.101019 0.318385 0.102685 0.318594 0.108981 0.317448 0.109815 0.315938 0.107500 0.315417 0.103889
1 0.320573 0.112685 0.322135 0.109907 0.324219 0.114259 0.322656 0.117037 0.320573 0.112870
1 0.342552 0.125556 0.344115 0.122778 0.345833 0.125833 0.344115 0.128611 0.342552 0.125648
1 0.354896 0.146667 0.353333 0.149815 0.349583 0.144352 0.351146 0.141574 0.353490 0.143981
1 0.330000 0.121667 0.331563 0.118889 0.334896 0.120093 0.338229 0.118333 0.339844 0.119074 0.340833 0.121667 0.339271 0.124444 0.335260 0.125648 0.330417 0.123611
1 0.307500 0.078148 0.309062 0.075370 0.310208 0.076204 0.310208 0.080093 0.307969 0.080093
1 0.436302 0.322222 0.431198 0.306759 0.432448 0.306389 0.437292 0.312407 0.438490 0.311852 0.440833 0.315556 0.446979 0.318241 0.450469 0.325370 0.459427 0.332500 0.464375 0.348611 0.471042 0.356296 0.472865 0.354907 0.474115 0.350278 0.473906 0.345926 0.477500 0.337870 0.482031 0.335741 0.483854 0.335741 0.487344 0.338889 0.489115 0.343056 0.492396 0.346019 0.502812 0.344074 0.504531 0.345000 0.506354 0.343611 0.508958 0.336389 0.508281 0.333241 0.505573 0.330000 0.498802 0.302407 0.495833 0.292593 0.493906 0.289259 0.493229 0.282963 0.490208 0.276019 0.484740 0.254722 0.497031 0.289630 0.499219 0.298981 0.516406 0.350463 0.456146 0.385370 0.435885 0.321574
1 0.352240 0.066759 0.353646 0.066852 0.354531 0.069444 0.359115 0.074444 0.359740 0.073889 0.360573 0.076944 0.362917 0.077685 0.363229 0.084722 0.365625 0.095093 0.367083 0.096204 0.370365 0.104259 0.375052 0.107500 0.385052 0.129352 0.388854 0.141944 0.392656 0.146759 0.397760 0.156481 0.402031 0.174167 0.408229 0.185926 0.408802 0.191019 0.409792 0.191481 0.410573 0.194722 0.412917 0.196019 0.417500 0.206574 0.418854 0.214722 0.424635 0.226111 0.428490 0.240648 0.430729 0.243333 0.433698 0.252407 0.435365 0.253704 0.436458 0.261481 0.438750 0.267778 0.435000 0.271759 0.434219 0.275000 0.434792 0.277870 0.432188 0.285556 0.432552 0.291111 0.428854 0.299630
1 0.381979 0.077130 0.392344 0.085185 0.400260 0.084537 0.404115 0.088241 0.403958 0.092500 0.399583 0.093889 0.398802 0.090926 0.397031 0.089630 0.392813 0.090926 0.377865 0.079907 0.377240 0.077870 0.378542 0.075741 0.381979 0.076944
1 0.420781 0.094444 0.420052 0.083889 0.418854 0.080926 0.419167 0.072130 0.428906 0.098796 0.426354 0.097315 0.424531 0.098611 0.423750 0.101759
1 0.444427 0.141296 0.442969 0.141574 0.433646 0.116389 0.434271 0.113426
1 0.406354 0.090741 0.407917 0.087963 0.409010 0.088796 0.410729 0.096852 0.410260 0.098796 0.409167 0.099630 0.407396 0.097593 0.406354 0.090926
1 0.409792 0.090000 0.411354 0.087222 0.412448 0.088056 0.412448 0.092037 0.410260 0.092037
1 0.414531 0.092778 0.416094 0.090000 0.420104 0.094815 0.420938 0.097315 0.419375 0.100093 0.416719 0.098426 0.415104 0.094907
1 0.662760 0.269259 0.637656 0.282963 0.559688 0.069722 0.576250 0.070556 0.583229 0.073148 0.588958 0.072685
1 0.618594 0.077870 0.624219 0.088426 0.626563 0.090185 0.629844 0.099444 0.634010 0.105926 0.635677 0.112500 0.641719 0.124259 0.646406 0.138704 0.650260 0.144074 0.656875 0.160741 0.658229 0.169630 0.663750 0.184167 0.666927 0.199259 0.672448 0.210463 0.673490 0.215741 0.676823 0.223333 0.677135 0.229815 0.681302 0.241667 0.685885 0.245556 0.687031 0.243056 0.687344 0.236204 0.690885 0.235741 0.690885 0.220093 0.690000 0.216481 0.701719 0.248889 0.684635 0.257315 0.647500 0.157870 0.645938 0.150926 0.643229 0.146389 0.616458 0.074815
1 0.639688 0.079630 0.651563 0.111389 0.646198 0.103426 0.642292 0.091296 0.639688 0.089259 0.639583 0.080463
1 0.676510 0.218148 0.672917 0.202407 0.669063 0.194167 0.669063 0.184815 0.671302 0.186296 0.673073 0.192685 0.676771 0.200741 0.683125 0.222500 0.682292 0.222963 0.682292 0.225463 0.681042 0.225463 0.679688 0.222315 0.678333 0.221574
1 0.632448 0.082130 0.634010 0.079352 0.635573 0.081296 0.640313 0.096574 0.641927 0.097407 0.643385 0.101019 0.646302 0.111944 0.653594 0.127963 0.660573 0.148704 0.657656 0.147500 0.648958 0.123148 0.647500 0.122407 0.646302 0.119444 0.640469 0.100926 0.638542 0.099259 0.638177 0.096204 0.636094 0.094630 0.632760 0.083611
1 0.638594 0.075463 0.640313 0.075741 0.643594 0.084074 0.648021 0.088241 0.650365 0.094630 0.652865 0.096852 0.655521 0.105463 0.658333 0.107870 0.672135 0.148796 0.675937 0.156759 0.678490 0.167130 0.682292 0.173519 0.684479 0.183426 0.689115 0.194722 0.688958 0.200000 0.690625 0.201759 0.690781 0.205370 0.692292 0.209537 0.694167 0.211204 0.694792 0.217130 0.697500 0.222963 0.698906 0.222685 0.701042 0.228889 0.702292 0.230093 0.706250 0.225093 0.706615 0.213611 0.705365 0.212315 0.704375 0.202685 0.717656 0.238889 0.701979 0.248981 0.639167 0.075926
1 0.669948 0.110741 0.659062 0.082222 0.657760 0.081389 0.657865 0.078333 0.658854 0.078519 0.670885 0.111389 0.669687 0.111296
1 0.688125 0.158426 0.685469 0.156759 0.684167 0.147500
1 0.693281 0.172407 0.690000 0.167222 0.690000 0.163426
1 0.699427 0.189167 0.697656 0.189444 0.694479 0.178148 0.694531 0.175833
1 0.723854 0.213704 0.726042 0.217222 0.730885 0.232778 0.724427 0.237685 0.718802 0.239259 0.708229 0.210370 0.716042 0.224907 0.715208 0.215463 0.717656 0.211667 0.717917 0.197685 0.718438 0.199074
1 0.660781 0.081204 0.666823 0.092037 0.670677 0.103426 0.671667 0.104167 0.671927 0.109907 0.673698 0.110463 0.674219 0.115000 0.676146 0.117407 0.676302 0.120093 0.677552 0.120093 0.680990 0.131667 0.684635 0.137963 0.685729 0.145556 0.686719 0.146296 0.688229 0.153611 0.689531 0.153611 0.690260 0.158148 0.691406 0.158148 0.698906 0.178333 0.699271 0.181204 0.702813 0.187130 0.703021 0.190556 0.705417 0.195926 0.706615 0.196852 0.706875 0.206759
1 0.705885 0.088519 0.707865 0.090556 0.710260 0.088889 0.711823 0.091759 0.712760 0.090093 0.716146 0.090370 0.762188 0.216852 0.754115 0.221852 0.705208 0.088519
1 0.753802 0.224907 0.762865 0.219352 0.804010 0.353056 0.797552 0.365741
1 0.744531 0.229537 0.753542 0.225278 0.797552 0.367407 0.790677 0.380463 0.743802 0.230370
1 0.731927 0.236389 0.743594 0.230000 0.790990 0.381204 0.783646 0.397407
1 0.720208 0.243796 0.732135 0.237407 0.783281 0.397778 0.774271 0.416389 0.719844 0.243796
1 0.705052 0.253519 0.719948 0.244537 0.773542 0.416204 0.763750 0.435556 0.705104 0.253611
1 0.703698 0.253981 0.763281 0.437037 0.750729 0.459630 0.685573 0.264167 0.703854 0.253704
1 0.749844 0.459444 0.735104 0.486944 0.665990 0.273333 0.684271 0.263148 0.749635 0.459074
1 0.664010 0.273796 0.734323 0.489444 0.715521 0.523426 0.639115 0.286759
1 0.000000 0.827315 0.052708 0.999352 0.046354 0.997593 0.045156 1.000000 0.042760 0.999074 0.039583 0.999722 0.036615 0.991944 0.035417 1.000000 0.034063 1.000000 0.030104 0.996204 0.026927 0.989907 0.025729 0.977222 0.020156 0.952130 0.019375 0.941574 0.021146 0.941944 0.025729 0.948241 0.026146 0.953889 0.029479 0.967315 0.030885 0.966944 0.031875 0.964537 0.031667 0.959537 0.025729 0.946481 0.024948 0.939815 0.015833 0.926481 0.013229 0.918333 0.011458 0.903519 0.011042 0.889815 0.008854 0.881019 0.007500 0.879259 0.005885 0.885185 0.000573 0.886944 0.000000 0.828148
1 0.000000 0.932407 0.003125 0.938426 0.007500 0.951852 0.007083 0.957778 0.002917 0.951111 0.000156 0.955370 0.000000 0.933148
1 0.080052 0.133241 0.082917 0.138981 0.085677 0.136574 0.087188 0.136574 0.089010 0.138981 0.088073 0.145741 0.085781 0.147778 0.085938 0.151852 0.082708 0.150741 0.084427 0.153611 0.084896 0.157593 0.086510 0.156204 0.086615 0.153981 0.090052 0.161667 0.089687 0.169815 0.090729 0.169259 0.090573 0.184630 0.088646 0.185648 0.096302 0.192778 0.099323 0.202685 0.099323 0.206759 0.096354 0.213241 0.096302 0.215278 0.098958 0.218611 0.101823 0.225648 0.103854 0.242593 0.109115 0.246019 0.111458 0.245463 0.115469 0.252685 0.115156 0.259815 0.113125 0.264630 0.113125 0.266667 0.113906 0.271759 0.116198 0.275648 0.115625 0.282963 0.117344 0.286667 0.117344 0.289722 0.116510 0.293056 0.112969 0.296759 0.112188 0.300741 0.114792 0.296111 0.115833 0.295926 0.118333 0.301574 0.117760 0.310741 0.116302 0.313796 0.116771 0.322963 0.116042 0.324630 0.119479 0.323519 0.121094 0.318426 0.124219 0.320093 0.127292 0.325000 0.126719 0.337407 0.125885 0.338796 0.123958 0.337037 0.124427 0.341296 0.122917 0.342870 0.121927 0.354444 0.120781 0.356481 0.123385 0.363148 0.121094 0.363148 0.121563 0.365000 0.123281 0.365741 0.124219 0.372870 0.125573 0.372963 0.127083 0.375926 0.129323 0.384259 0.128750 0.389537 0.130000 0.394630 0.128750 0.402500 0.130781 0.408611 0.130000 0.411296 0.134427 0.423241 0.134115 0.427500 0.136146 0.432407 0.136302 0.435833 0.138229 0.436852 0.144740 0.448889 0.144740 0.454444 0.146667 0.459074 0.147604 0.468241 0.155260 0.469444 0.159271 0.466389 0.161667 0.469444 0.167083 0.472685 0.166823 0.468426 0.173021 0.465556 0.172552 0.461296 0.174271 0.456204 0.177396 0.453333 0.180781 0.453611 0.181979 0.451574 0.186354 0.455648 0.200156 0.439167 0.204271 0.436204 0.207083 0.429907 0.208698 0.428611 0.209427 0.425370 0.208490 0.414074 0.210000 0.406389 0.212708 0.409537 0.219271 0.421944 0.219844 0.426944 0.221615 0.428056 0.222344 0.432315 0.225365 0.436296 0.223750 0.440463 0.224479 0.443426 0.221250 0.444630 0.218125 0.440370 0.216302 0.441759 0.215521 0.445000 0.216302 0.448241 0.222708 0.455741 0.226146 0.451296 0.226927 0.448056 0.226302 0.445093 0.228229 0.443796 0.228646 0.440556 0.234115 0.450000 0.239583 0.454352 0.243229 0.455370 0.245000 0.453981 0.247500 0.457130 0.251667 0.456111 0.253906 0.458426 0.255729 0.457037 0.256510 0.453796 0.255729 0.450463 0.253906 0.449167 0.251146 0.447500 0.248490 0.448519 0.248802 0.446204 0.247448 0.438426 0.245938 0.436759 0.249844 0.426667 0.250573 0.420741 0.252604 0.419537 0.253333 0.416296 0.249844 0.403981 0.248021 0.402593 0.246146 0.403981 0.243490 0.416019 0.243854 0.418519 0.241823 0.424537 0.237187 0.422222 0.235521 0.418148 0.232344 0.417500 0.230104 0.414352 0.228177 0.415833 0.225156 0.413611 0.224115 0.405926 0.219010 0.396667 0.216458 0.395833 0.215052 0.391389 0.212448 0.388611 0.210417 0.379167 0.208333 0.378148 0.208490 0.376852 0.201198 0.364537 0.197135 0.361019 0.198073 0.359444 0.197396 0.356944 0.192500 0.357778 0.187969 0.352593 0.184948 0.342500 0.185417 0.339907 0.183958 0.337778 0.184740 0.331667 0.184010 0.328519 0.184948 0.325185 0.183698 0.318704 0.182344 0.317037 0.183281 0.308796 0.183594 0.310278 0.187708 0.313333 0.189375 0.317685 0.191198 0.319074 0.192552 0.318333 0.193333 0.321111 0.195104 0.322315 0.196927 0.320926 0.197708 0.317685 0.195208 0.309722 0.193802 0.308426 0.193490 0.305370 0.188385 0.296944 0.187708 0.292593 0.183854 0.289444 0.180781 0.280926 0.187083 0.275185 0.188646 0.268611 0.186719 0.252500 0.188385 0.245278 0.194896 0.230926 0.195208 0.222407 0.196615 0.218426 0.196927 0.211574 0.201823 0.210463 0.200833 0.208981 0.202240 0.204815 0.193385 0.170556 0.190938 0.169352 0.188594 0.161019 0.189219 0.157963 0.188125 0.154259 0.189219 0.150833 0.187656 0.146574 0.187292 0.136111 0.205833 0.215648 0.276562 0.494444 0.164583 0.568148 0.116771 0.362037 0.077969 0.130093
1 0.152292 0.486759 0.151562 0.483426 0.149688 0.482130 0.147865 0.483426 0.147083 0.486759 0.148594 0.494630 0.150417 0.496019 0.152240 0.494630 0.153021 0.491389 0.152031 0.487778
1 0.204167 0.487130 0.203385 0.483889 0.201563 0.482500 0.199687 0.483889 0.198958 0.487130 0.200417 0.499722 0.202292 0.501111 0.205990 0.499722 0.206771 0.496481 0.203854 0.488519
1 0.206615 0.266111 0.202031 0.277407 0.202812 0.280741 0.204115 0.281667 0.205833 0.289444 0.204896 0.301944 0.205677 0.305185 0.207500 0.306574 0.209323 0.305185 0.209948 0.300000 0.212344 0.301852 0.213073 0.305648 0.214323 0.306574 0.214844 0.311667 0.215833 0.311944 0.214896 0.316759 0.212865 0.318148 0.212344 0.323241 0.209896 0.325185 0.209115 0.328426 0.210417 0.332407 0.208542 0.337593 0.209792 0.341574 0.208750 0.344259 0.205937 0.345278 0.205156 0.348519 0.205937 0.351852 0.207760 0.353148 0.210521 0.350926 0.212917 0.353889 0.214167 0.352963 0.215104 0.355370 0.217656 0.355648 0.220052 0.358426 0.220990 0.357778 0.220625 0.360185 0.223177 0.371019 0.224792 0.372963 0.225521 0.376389 0.227813 0.378981 0.229167 0.385370 0.232552 0.388796 0.238437 0.385185 0.240469 0.387037 0.242344 0.385648 0.244271 0.377037 0.240990 0.368333 0.239427 0.360926 0.237917 0.359815 0.234479 0.349352 0.233125 0.347870 0.233594 0.346759 0.231823 0.342407 0.232396 0.340093 0.231667 0.336852 0.229896 0.335463 0.230208 0.329815 0.229479 0.326667 0.225052 0.322870 0.225469 0.321019 0.223698 0.310370 0.221562 0.309074 0.220312 0.305093 0.217344 0.303889 0.219323 0.297778 0.218542 0.294537 0.216719 0.293148 0.215156 0.294074 0.214688 0.289537 0.213073 0.288056 0.214635 0.283333 0.212969 0.279074 0.214583 0.278148 0.215312 0.274907 0.214583 0.271574 0.212240 0.270370 0.211719 0.264815 0.209896 0.263519 0.207865 0.265185
1 0.124740 0.168519 0.126146 0.164722 0.129323 0.165926 0.129948 0.168519 0.128281 0.172407 0.125312 0.171204
1 0.120208 0.227593 0.120677 0.225556 0.122865 0.225556 0.122865 0.229537 0.120677 0.229537
1 0.173437 0.245185 0.175000 0.242407 0.176094 0.243148 0.176094 0.247130 0.173906 0.247130
1 0.164115 0.204815 0.164583 0.202778 0.166771 0.202778 0.166771 0.206759 0.164583 0.206759
1 0.165990 0.209352 0.166458 0.207407 0.168646 0.207407 0.168646 0.211296 0.166458 0.211296
1 0.431510 0.067963 0.430677 0.073796 0.431510 0.075000 0.432292 0.082037 0.444375 0.104907 0.445365 0.108426 0.451458 0.115463 0.457448 0.129630 0.458073 0.143704 0.457240 0.144815 0.459062 0.146019 0.459896 0.152500 0.463385 0.156296 0.463385 0.161296 0.465000 0.166019 0.465000 0.171852 0.463333 0.177315 0.472865 0.207130 0.476198 0.212685 0.478854 0.227407 0.480000 0.230926 0.482656 0.233519 0.483438 0.240833 0.486458 0.245833 0.491719 0.262315 0.492708 0.270278 0.496510 0.277315 0.499010 0.286667 0.505417 0.301389 0.507083 0.313148 0.513646 0.318704 0.514167 0.323333 0.517448 0.326944 0.522865 0.327407 0.524427 0.329537 0.525729 0.328426 0.526250 0.321019 0.527917 0.321296 0.529219 0.324259 0.530729 0.324815 0.529896 0.315185 0.530729 0.310463 0.543073 0.319537 0.547396 0.318704 0.549687 0.321667 0.556302 0.317778 0.561094 0.318981 0.561615 0.316019 0.560417 0.310741 0.556458 0.301944 0.554635 0.294352 0.552188 0.291389 0.548854 0.275833 0.546250 0.272593 0.544219 0.260926 0.565469 0.320648 0.517188 0.348056 0.420156 0.066296 0.423750 0.069259 0.429844 0.065000
1 0.459115 0.075093 0.460417 0.077870 0.458698 0.080648 0.446458 0.076667 0.444115 0.074259 0.443177 0.069444
1 0.462656 0.078056 0.463073 0.076111 0.464479 0.075278 0.469740 0.077778 0.470990 0.080556 0.469427 0.083333 0.463958 0.080833
1 0.476771 0.082963 0.475208 0.085741 0.474062 0.084815 0.473125 0.081481 0.473542 0.078333 0.475937 0.079074 0.476615 0.081759
1 0.435417 0.071204 0.436979 0.068426 0.438542 0.071204 0.438073 0.073148 0.435885 0.073148
1 0.439063 0.064259 0.440625 0.061481 0.441719 0.062315 0.441719 0.066204 0.439479 0.066204
1 0.679115 0.086944 0.699479 0.138704 0.702813 0.144167 0.704271 0.154167 0.710365 0.165370 0.713437 0.173981 0.712292 0.175463 0.718594 0.189444 0.722031 0.203889 0.729792 0.217500 0.728542 0.207870 0.729219 0.203426 0.729896 0.202778 0.733021 0.209722 0.730833 0.195648 0.729375 0.191204 0.727031 0.188148 0.723594 0.175278 0.722031 0.172500 0.725104 0.183426 0.725312 0.187963 0.723750 0.190000 0.720521 0.178796 0.718333 0.174352 0.718594 0.165370 0.715313 0.152130 0.707552 0.131296 0.704948 0.127870 0.701510 0.117407 0.701354 0.112500 0.700365 0.112500 0.694896 0.099259 0.693906 0.092870 0.691458 0.087037 0.691823 0.084074 0.742500 0.226389 0.731198 0.232222 0.678229 0.085833
1 0.710677 0.153241 0.711719 0.151389 0.713125 0.153056 0.716094 0.163148 0.715052 0.165000 0.713437 0.162500 0.711250 0.154907
1 0.693802 0.088148 0.697917 0.096389 0.700000 0.104722 0.701823 0.106667 0.706615 0.120833 0.714115 0.135556 0.714583 0.140926 0.717500 0.148148 0.716979 0.144722 0.717656 0.139444 0.721771 0.142130 0.722292 0.146852 0.723594 0.148241 0.724531 0.152222 0.723021 0.157685 0.721198 0.158981 0.728906 0.182037 0.725260 0.166574 0.725677 0.165463 0.727083 0.167037 0.726927 0.164444 0.728437 0.165463 0.731042 0.173981 0.733385 0.177315 0.734219 0.185185 0.732083 0.184444 0.733698 0.189722 0.734635 0.200648 0.739167 0.209259 0.739271 0.205741 0.741042 0.207778 0.742135 0.206574 0.744740 0.211389 0.742344 0.193611 0.739688 0.188611 0.739167 0.184167 0.721927 0.137037 0.715417 0.122315 0.709531 0.102130 0.704635 0.092130 0.704323 0.086204 0.753073 0.221574 0.742760 0.226111 0.693594 0.087963
1 0.571458 0.350185 0.566042 0.346111 0.566198 0.348981 0.564010 0.352407 0.563750 0.357685 0.564010 0.362778 0.567448 0.379352 0.572708 0.392963 0.572240 0.400556 0.564688 0.394167 0.558021 0.382222 0.550677 0.373981 0.546667 0.375278 0.545312 0.377315 0.543802 0.380370 0.543229 0.386019 0.539687 0.383796 0.535990 0.384815 0.535469 0.393796 0.536094 0.397685 0.548594 0.424444 0.549583 0.430093 0.556510 0.449537 0.559063 0.463241 0.575521 0.511759 0.578333 0.524167 0.585469 0.541759 0.599740 0.585463 0.602083 0.589630 0.611615 0.617130 0.613385 0.619259 0.615990 0.618611 0.622708 0.627778 0.621146 0.618241 0.618542 0.612963 0.617760 0.600556 0.620521 0.599537 0.623490 0.604167 0.625312 0.604444 0.628125 0.611759 0.629479 0.608704 0.627448 0.603889 0.627448 0.595370 0.629479 0.596574 0.640104 0.626389 0.641146 0.622130 0.632917 0.594167 0.635677 0.585648 0.636354 0.589907 0.646250 0.619722 0.647292 0.627593 0.650365 0.636759 0.626042 0.678148 0.520208 0.354815 0.566146 0.326759 0.574010 0.348704
1 0.636771 0.577222 0.637813 0.575370 0.638594 0.575833 0.640885 0.581111 0.641875 0.589815 0.640833 0.591667 0.637760 0.586667 0.636875 0.577963
1 0.487031 0.376389 0.493021 0.383426 0.496302 0.395741 0.500260 0.406019 0.501250 0.411574 0.506875 0.424815 0.506198 0.433611 0.509531 0.447407 0.509167 0.449537 0.507188 0.451852 0.507396 0.458611 0.514583 0.480093 0.513906 0.497778 0.516719 0.502778 0.525000 0.523611 0.539844 0.544444 0.550781 0.567315 0.554063 0.582315 0.554375 0.589074 0.556719 0.595278 0.557344 0.602870 0.560156 0.606944 0.562552 0.615278 0.564375 0.633519 0.570469 0.649630 0.571146 0.662593 0.573125 0.667870 0.577917 0.673148 0.582031 0.683426 0.585677 0.698148 0.589635 0.707778 0.589635 0.712500 0.600885 0.711944 0.608802 0.698426 0.617552 0.687500 0.619531 0.682222 0.620521 0.670463 0.617708 0.664074 0.617344 0.657870 0.625312 0.680278 0.578229 0.756389 0.457917 0.392315 0.484167 0.375093
1 0.380937 0.441667 0.393958 0.433148 0.403594 0.432500 0.408698 0.446574 0.410104 0.453241 0.420052 0.476389 0.427917 0.492222 0.433750 0.498981 0.437135 0.508056 0.441927 0.514167 0.445052 0.526389 0.447083 0.526944 0.453594 0.537315 0.458385 0.553704 0.456354 0.556759 0.455677 0.561019 0.458385 0.568981 0.461823 0.573889 0.465938 0.584815 0.470052 0.600648 0.470365 0.606759 0.483750 0.644537 0.485469 0.665185 0.494740 0.687778 0.495417 0.701111 0.500885 0.710926 0.499844 0.716944 0.509792 0.738333 0.511146 0.749907 0.513594 0.758426 0.521771 0.770000 0.520417 0.777870 0.525208 0.784537 0.519740 0.799167 0.520417 0.804074 0.524167 0.800370 0.522135 0.793704 0.524167 0.791296 0.528281 0.800370 0.535833 0.801667 0.544740 0.796759 0.546771 0.791296 0.551250 0.794352 0.562656 0.780278 0.514271 0.852222 0.380417 0.442500
1 0.455677 0.395556 0.509323 0.554815 0.506510 0.554352 0.506510 0.550278 0.501042 0.531481 0.497917 0.532037 0.494792 0.520833 0.491354 0.514815 0.487083 0.511759 0.483646 0.505093 0.483073 0.498056 0.481354 0.491944 0.481354 0.486389 0.476823 0.473704 0.475677 0.463519 0.472500 0.456944 0.469115 0.442685 0.464792 0.435648 0.462813 0.422407 0.457656 0.421944 0.455677 0.419907 0.452240 0.408241 0.452240 0.404167 0.455104 0.403148 0.455104 0.400093
1 0.570885 0.764722 0.570521 0.748241 0.567083 0.733796 0.564479 0.730648 0.561875 0.723796 0.559792 0.714722 0.557344 0.709352 0.557344 0.706111 0.556250 0.705370 0.549635 0.682407 0.548542 0.684074 0.547135 0.681944 0.545052 0.672593 0.543542 0.669444 0.543854 0.665556 0.541510 0.659167 0.537760 0.640278 0.576198 0.758056 0.570781 0.765185
1 0.225260 0.559722 0.226042 0.575000 0.222292 0.578056 0.218594 0.576019 0.218906 0.589722 0.215729 0.597315 0.212031 0.601389 0.207187 0.597315 0.202031 0.597315 0.198906 0.603426 0.203750 0.614537 0.203177 0.618611 0.205469 0.629259 0.208333 0.637407 0.209479 0.650556 0.212604 0.653148 0.216302 0.662778 0.214323 0.671944 0.219740 0.668889 0.225469 0.675463 0.232292 0.693704 0.230573 0.702315 0.238490 0.727037 0.241927 0.727037 0.246510 0.732130 0.251927 0.743796 0.251927 0.751944 0.248177 0.758519 0.245938 0.753981 0.245938 0.757500 0.241354 0.767685 0.244219 0.776759 0.243646 0.794537 0.239635 0.800185 0.241354 0.821944 0.243646 0.824537 0.245625 0.839259 0.253698 0.857685 0.260833 0.864352 0.277083 0.891204 0.280833 0.906296 0.276667 0.928519 0.278281 0.938704 0.284635 0.952870 0.288594 0.965185 0.288385 0.971852 0.291354 0.972593 0.294531 0.979630 0.300104 0.999722 0.296510 0.999722 0.231250 0.805556 0.167292 0.594907 0.213438 0.559352 0.220781 0.557685 0.223490 0.557778 0.225260 0.559630
1 0.288021 0.543241 0.339167 0.701944 0.337969 0.703426 0.338854 0.706481 0.337240 0.706296 0.332813 0.698333 0.329896 0.683426 0.327448 0.680093 0.326198 0.674537 0.321927 0.666204 0.308490 0.613426 0.305208 0.611204 0.291927 0.584537 0.290312 0.573704 0.291510 0.567778 0.289740 0.560833 0.290260 0.558056 0.288646 0.554907 0.286979 0.545926
1 0.311198 0.941204 0.310156 0.944907 0.309115 0.943981 0.308594 0.945833 0.305990 0.945833 0.305469 0.943981 0.303750 0.943704 0.299271 0.937222 0.296823 0.930648 0.293750 0.926019 0.292969 0.903333 0.293698 0.897685 0.297135 0.896759 0.298177 0.894907 0.307552 0.894907 0.310417 0.900185 0.313802 0.901944 0.315156 0.905556 0.316615 0.919815 0.311823 0.926574 0.311198 0.930926 0.311667 0.942037
1 0.255000 0.802593 0.252188 0.791944 0.252656 0.785833 0.255260 0.783426 0.257656 0.784537 0.260573 0.782130 0.263958 0.784444 0.266719 0.784167 0.277448 0.801481 0.277917 0.834907 0.274063 0.836667 0.272708 0.840556 0.277292 0.848981 0.280000 0.849722 0.284323 0.859259 0.285573 0.864630 0.285000 0.873519 0.282500 0.875463 0.279687 0.873981 0.277292 0.876667 0.275365 0.875185 0.271406 0.867685 0.270313 0.857130 0.266927 0.849444 0.266927 0.837500 0.264323 0.835648 0.263437 0.831667 0.264167 0.850741 0.263385 0.853981 0.260677 0.855093 0.260677 0.856944 0.258594 0.856944 0.255990 0.853241 0.255573 0.842315 0.254167 0.839537 0.254115 0.836204 0.252448 0.831296 0.251719 0.823056 0.249271 0.817222 0.249792 0.811019 0.255052 0.802963
1 0.282031 0.818704 0.282760 0.815463 0.284635 0.814074 0.286458 0.815463 0.287917 0.822407 0.287135 0.825648 0.285312 0.827037 0.283490 0.825648 0.282760 0.821759
1 0.002240 0.812963 0.007083 0.821019 0.016146 0.831574 0.020990 0.846389 0.020677 0.851944 0.017865 0.847037 0.016823 0.855648 0.013698 0.858704 0.000833 0.811111
1 0.117083 0.619074 0.238229 0.990741 0.233385 0.985278 0.226302 0.971944 0.223177 0.957407 0.214948 0.939630 0.212188 0.930926 0.208490 0.928241 0.205677 0.929722 0.203802 0.933519 0.200885 0.934074 0.193646 0.923611 0.194062 0.890370 0.195312 0.881667 0.194219 0.874907 0.191406 0.871667 0.186146 0.858796 0.185573 0.852407 0.178437 0.840556 0.176458 0.832593 0.173490 0.829352 0.171510 0.820833 0.170000 0.806204 0.166875 0.806481 0.163698 0.798519 0.157135 0.775741 0.155729 0.763426 0.151667 0.753426 0.145937 0.731389 0.142865 0.724352 0.135729 0.696944 0.133906 0.694167 0.129844 0.676389 0.125781 0.670278 0.122135 0.660000 0.120677 0.642685 0.114687 0.621759 0.117031 0.619722
3 0.127135 0.955833 0.129010 0.957222 0.129688 0.961389 0.132448 0.962407 0.133229 0.965741 0.131458 0.975185 0.129635 0.976481 0.126562 0.974630 0.124062 0.966574 0.124844 0.957222 0.126927 0.955833
3 0.142812 0.971019 0.143542 0.967685 0.145417 0.966389 0.147240 0.967685 0.150469 0.977963 0.149688 0.981296 0.147865 0.982593 0.145781 0.980833 0.142865 0.971852
1 0.010417 0.620556 0.016771 0.606296 0.023177 0.597130 0.037188 0.594352 0.049115 0.587037 0.055625 0.581204 0.062448 0.578056 0.065260 0.579444 0.069792 0.588241 0.071771 0.596019 0.072969 0.590000 0.072969 0.565000 0.074635 0.558611 0.077448 0.554815 0.078958 0.550556 0.081979 0.548333 0.084479 0.549815 0.086094 0.554074 0.087240 0.561481 0.089635 0.565370 0.098958 0.571389 0.093594 0.565370 0.089635 0.547130 0.091406 0.539722 0.091198 0.536944 0.088438 0.533333 0.087240 0.533333 0.085417 0.523241 0.084010 0.520648 0.083333 0.514444 0.081667 0.509259 0.082344 0.504074 0.081250 0.495926 0.078906 0.490648 0.078542 0.481481 0.077083 0.476481 0.070781 0.467778 0.068646 0.461389 0.065885 0.456667 0.063802 0.446204 0.058906 0.439815 0.058906 0.394907 0.055573 0.386019 0.052708 0.359815 0.049375 0.349259 0.049844 0.338704 0.047969 0.336574 0.046771 0.330648 0.047813 0.319907 0.045156 0.312222 0.044010 0.304907 0.041198 0.298704 0.040885 0.288148 0.035937 0.267037 0.035937 0.264074 0.036927 0.263519 0.034583 0.255833 0.030469 0.220833 0.028333 0.214167 0.028646 0.197130 0.070573 0.422222 0.114583 0.604259 0.000000 0.702407 0.000156 0.632315 0.005938 0.625556
3 0.004896 0.264074 0.005625 0.260833 0.007500 0.259444 0.009896 0.262315 0.014375 0.279722 0.013906 0.285093 0.012083 0.286481 0.010260 0.285648 0.004896 0.264352
3 0.012604 0.295463 0.014479 0.296852 0.015208 0.300093 0.013802 0.304259 0.016042 0.302593 0.017917 0.303981 0.018646 0.307222 0.018385 0.317407 0.017448 0.320926 0.015469 0.322500 0.012917 0.320370 0.011198 0.316296 0.008333 0.305185 0.008333 0.301111 0.009687 0.296389 0.012500 0.295463
1 0.307292 0.496389 0.308750 0.510463 0.311146 0.513426 0.314479 0.523611 0.315677 0.530370 0.322813 0.546389 0.323021 0.553148 0.323958 0.556111 0.333490 0.568426 0.338750 0.582778 0.339896 0.592037 0.342552 0.593796 0.351458 0.606852 0.354323 0.609352 0.358125 0.617407 0.359063 0.622037 0.359063 0.631389 0.365938 0.638148 0.370938 0.647037 0.376198 0.662222 0.380469 0.668148 0.380469 0.683796 0.384271 0.689722 0.388333 0.699444 0.388542 0.709167 0.390469 0.721852 0.395677 0.726481 0.400677 0.734167 0.403281 0.744907 0.400677 0.752500 0.397344 0.752963 0.395208 0.751204 0.394740 0.743241 0.393542 0.743241 0.390208 0.749167 0.390677 0.752500 0.399479 0.760556 0.407135 0.770741 0.407813 0.787222 0.406615 0.794352 0.401875 0.796111 0.400000 0.802407 0.397135 0.799907 0.398073 0.808333 0.400000 0.808796 0.403281 0.815093 0.407135 0.817222 0.414271 0.826944 0.416146 0.837500 0.415208 0.843889 0.418073 0.844722 0.424948 0.851481 0.430417 0.863333 0.434688 0.878148 0.433750 0.883611 0.430885 0.884907 0.429479 0.888241 0.429479 0.892037 0.432812 0.897963 0.435156 0.911111 0.437344 0.912778 0.439688 0.912315 0.440677 0.911481 0.441354 0.907685 0.443490 0.906481 0.452760 0.917407 0.456354 0.917407 0.461354 0.922130 0.463229 0.918241 0.468698 0.920000 0.434688 0.968981 0.429062 0.954722 0.357135 0.747593 0.283177 0.509167 0.304583 0.495463
1 0.381406 0.456481 0.467760 0.722500 0.466562 0.723704 0.464635 0.721204 0.463698 0.713981 0.461302 0.708519 0.461302 0.705556 0.454635 0.695370 0.451823 0.679352 0.446562 0.667685 0.444896 0.667685 0.441354 0.660556 0.440625 0.647037 0.438958 0.640278 0.432292 0.625463 0.429896 0.615278 0.426563 0.608519 0.419635 0.589444 0.418281 0.578519 0.413906 0.569352 0.406354 0.542222 0.404375 0.537963 0.395677 0.508704 0.391302 0.499537 0.386927 0.483704 0.383177 0.474907 0.380990 0.459722 0.380000 0.457685
1 0.404687 0.618056 0.412083 0.627778 0.422500 0.649630 0.430208 0.663333 0.430885 0.670648 0.429479 0.672870 0.425781 0.671944 0.422760 0.667778 0.419844 0.670000 0.421667 0.677500 0.420833 0.680000 0.425208 0.687315 0.426458 0.694167 0.425625 0.695648 0.425365 0.702037 0.428281 0.702963 0.434323 0.712500 0.434323 0.719907 0.433229 0.725463 0.431563 0.721574 0.430208 0.725463 0.428438 0.725000 0.423438 0.712315 0.421302 0.701019 0.419896 0.698889 0.416146 0.698241 0.413333 0.692593 0.410156 0.682037 0.406406 0.675278 0.404427 0.666481 0.401458 0.638333 0.400260 0.634444 0.398906 0.636852 0.398906 0.639722 0.401042 0.645370 0.401042 0.651667 0.398698 0.657315 0.395521 0.655926 0.392760 0.652407 0.390365 0.644630 0.387760 0.614352 0.387969 0.600278 0.391354 0.594630 0.393750 0.594630 0.398073 0.599537 0.399479 0.599537 0.405417 0.609444 0.405417 0.614352 0.404427 0.616481
1 0.589688 0.069074 0.590365 0.070833 0.589688 0.070833
1 0.590365 0.070833 0.613333 0.072500 0.684375 0.257593 0.663646 0.268981
1 0.488958 0.068333 0.490885 0.077685 0.490625 0.087870 0.491875 0.093333 0.493854 0.095370 0.494948 0.105093 0.494219 0.111019 0.496198 0.113426 0.498177 0.119259 0.498021 0.122130 0.530677 0.208333 0.530677 0.210648 0.540156 0.233519 0.541042 0.238981 0.545312 0.250648 0.548802 0.257963 0.552500 0.261852 0.552813 0.269074 0.555573 0.276759 0.556406 0.285370 0.559323 0.296944 0.563333 0.303241 0.568854 0.307593 0.573229 0.307222 0.575781 0.299537 0.579688 0.297037 0.583229 0.298889 0.586094 0.304074 0.587865 0.303704 0.588802 0.301204 0.591667 0.300926 0.591979 0.298519 0.595469 0.300556 0.599896 0.299352 0.600000 0.290833 0.597812 0.283519 0.593854 0.276481 0.594323 0.273333 0.582917 0.239259 0.579323 0.225185 0.606563 0.300926 0.567187 0.321481 0.475365 0.065926 0.486771 0.066204
1 0.520104 0.078148 0.521667 0.081111 0.520052 0.085185 0.517865 0.085741 0.516406 0.084074 0.515625 0.080556 0.506563 0.077778 0.506250 0.074352 0.500573 0.071204 0.499635 0.067870 0.501354 0.064907 0.516146 0.066204 0.517292 0.067130 0.520208 0.076019 0.519687 0.078426
1 0.554323 0.250278 0.556823 0.246667 0.559479 0.247500 0.562031 0.244907 0.564115 0.247222 0.567187 0.254722 0.567396 0.258704 0.563125 0.265833 0.560156 0.265463 0.555365 0.258426 0.554323 0.250370
1 0.592292 0.314907 0.595677 0.327500 0.595000 0.333426 0.592813 0.331944 0.593646 0.337037 0.595677 0.340926 0.595521 0.351574 0.597500 0.359352 0.598177 0.367963 0.602396 0.380093 0.601042 0.401296 0.602396 0.413796 0.608750 0.432593 0.611094 0.445741 0.614635 0.453426 0.617812 0.466296 0.643229 0.542130 0.643698 0.548148 0.647865 0.554537 0.652292 0.567963 0.654896 0.582685 0.656979 0.586389 0.658229 0.594907 0.661302 0.602778 0.662812 0.602593 0.666302 0.606111 0.667448 0.602130 0.668854 0.602130 0.668281 0.600463 0.669063 0.596759 0.671302 0.598241 0.672083 0.591759 0.673958 0.590370 0.673958 0.588519 0.670938 0.586019 0.670573 0.573148 0.672344 0.570648 0.677240 0.573148 0.678385 0.578981 0.680729 0.581019 0.687500 0.571296 0.688646 0.569074 0.688750 0.565556 0.690260 0.564074 0.691302 0.566574 0.663281 0.615000 0.570469 0.328056 0.592760 0.314444
1 0.640052 0.459074 0.641615 0.456296 0.642708 0.457130 0.644115 0.461667 0.642552 0.464444 0.640469 0.461019
1 0.657552 0.560463 0.657969 0.558519 0.660104 0.558241 0.662552 0.561759 0.663490 0.570000 0.662865 0.575833 0.659687 0.575556 0.657656 0.560926
1 0.672292 0.542870 0.672760 0.540926 0.675937 0.540926 0.679427 0.551852 0.678958 0.553796 0.677865 0.554630 0.674427 0.551667 0.674219 0.548241 0.672760 0.544815
1 0.682344 0.557778 0.682813 0.555833 0.685000 0.555833 0.686667 0.560741 0.686198 0.562685 0.684583 0.564722 0.683490 0.563889 0.682396 0.557870
1 0.649010 0.317870 0.645260 0.313889 0.645469 0.319074 0.649323 0.338519 0.646667 0.348333 0.643490 0.346204 0.633854 0.325926 0.630573 0.322870 0.628490 0.321759 0.628854 0.323241 0.627552 0.325556 0.625573 0.325556 0.625469 0.333611 0.631302 0.350370 0.634063 0.368241 0.657500 0.429167 0.658177 0.435648 0.664062 0.455093 0.667604 0.470833 0.667917 0.477130 0.669583 0.481019 0.671719 0.492315 0.677135 0.506852 0.679167 0.509352 0.680052 0.513611 0.683906 0.514815 0.687656 0.522500 0.683333 0.505833 0.683906 0.503704 0.685365 0.504444 0.686615 0.507685 0.688594 0.507593 0.686510 0.499352 0.686250 0.490648 0.690573 0.497963 0.690937 0.491204 0.694115 0.493056 0.691302 0.481667 0.691667 0.475648 0.692813 0.475093 0.701615 0.494907 0.707552 0.513333 0.706979 0.517963 0.704948 0.512778 0.706562 0.522130 0.709167 0.524444 0.707396 0.519074 0.709063 0.518519 0.709948 0.523704 0.712240 0.528148 0.708906 0.512315 0.709635 0.512037 0.711719 0.516111 0.707031 0.502870 0.704531 0.490741 0.714740 0.525000 0.692344 0.564722 0.647083 0.418426 0.607969 0.304907 0.638437 0.287500
1 0.522344 0.068611 0.523906 0.065833 0.525104 0.066759 0.529271 0.075093 0.529062 0.078519 0.526771 0.078333 0.522344 0.068704
1 0.544687 0.075278 0.546250 0.072500 0.547552 0.072500 0.549219 0.075463 0.548385 0.077685 0.545156 0.077222
1 0.552656 0.072500 0.554844 0.073704 0.557031 0.072222 0.558542 0.075463 0.560833 0.076667 0.564948 0.090185 0.574583 0.111296 0.575625 0.115741 0.575208 0.117778 0.573958 0.118519 0.572396 0.116204 0.568698 0.102963 0.562448 0.091852 0.557969 0.079074 0.554896 0.079630 0.551198 0.074444
1 0.596042 0.268241 0.596667 0.270000 0.596094 0.268426
1 0.596667 0.270000 0.600885 0.281019 0.607969 0.295000 0.613125 0.293796 0.613594 0.289352 0.616406 0.290926 0.615833 0.286574 0.618490 0.285370 0.618125 0.280926 0.619427 0.274259 0.620938 0.273333 0.621823 0.274722 0.622344 0.270833 0.624531 0.267963 0.627083 0.268981 0.629115 0.275833 0.631667 0.280185 0.634219 0.279815 0.622448 0.248056 0.615885 0.226481 0.613385 0.221296 0.611458 0.212037 0.636875 0.283611 0.607240 0.300741
1 0.611458 0.275185 0.613021 0.272407 0.615208 0.276759 0.613646 0.279537 0.611458 0.275278