0 0.322109 0.570139 0.369766 0.576806 0.329766 0.649028 0.278828 0.636667
0 0.371953 0.577500 0.424141 0.584306 0.389062 0.659722 0.331797 0.649583
0 0.277891 0.637500 0.328594 0.649583 0.279844 0.742222 0.224766 0.725000
0 0.498359 0.674861 0.467344 0.780139 0.395313 0.765694 0.434531 0.665833 0.498516 0.674583
0 0.501641 0.676389 0.565937 0.682917 0.546172 0.792778 0.470703 0.780694 0.501484 0.675694
0 0.524687 0.598611 0.580703 0.605556 0.566328 0.682222 0.501719 0.674444 0.524844 0.598056
0 0.331016 0.649583 0.388906 0.660278 0.345078 0.760000 0.281953 0.743889 0.331016 0.648333
0 0.521875 0.597917 0.499453 0.673333 0.435625 0.664028 0.466484 0.589167
0 0.569922 0.684583 0.633828 0.690833 0.625703 0.802500 0.549609 0.793056 0.569609 0.682639
0 0.583984 0.606667 0.638359 0.611667 0.634141 0.690139 0.569609 0.682639 0.583672 0.605417
0 0.674922 0.625694 0.726328 0.627222 0.735156 0.706528 0.677422 0.703472 0.674063 0.624167
0 0.677422 0.705833 0.735938 0.708750 0.748594 0.814306 0.679531 0.814306 0.677031 0.705000
0 0.727969 0.628611 0.776406 0.630833 0.794453 0.710139 0.738906 0.706389 0.727969 0.630139
0 0.813828 0.815278 0.750312 0.813750 0.738906 0.707500 0.795312 0.711250 0.813438 0.814583
0 0.779766 0.631944 0.825234 0.632639 0.846719 0.707500 0.795781 0.709028
0 0.872344 0.807778 0.816797 0.812222 0.797031 0.709722 0.847969 0.710556 0.872812 0.807083
1 0.786328 0.641111 0.787188 0.637083 0.789453 0.635556 0.801953 0.635278 0.815078 0.637778 0.817109 0.639583 0.817969 0.643333 0.817031 0.647222 0.814844 0.648889 0.810312 0.648333 0.802109 0.654722 0.791797 0.654722 0.788594 0.652222 0.786875 0.644306
1 0.740625 0.640278 0.741563 0.636389 0.743750 0.634722 0.758672 0.632778 0.769688 0.632778 0.777266 0.636944 0.778281 0.641111 0.778047 0.656111 0.782578 0.673611 0.781953 0.681667 0.777734 0.682083 0.771641 0.671944 0.768516 0.652917 0.766641 0.650556 0.762109 0.652361 0.757812 0.645833 0.743750 0.646111 0.741563 0.644444 0.740625 0.640417
1 0.744219 0.689167 0.743281 0.693194 0.741094 0.694722 0.738047 0.690556 0.736641 0.684028 0.731641 0.648056 0.732500 0.643472 0.734766 0.641806 0.737187 0.643472 0.738906 0.650694 0.743984 0.687361
1 0.726094 0.688472 0.724062 0.675000 0.723125 0.679306 0.720938 0.680972 0.711875 0.677361 0.691797 0.677222 0.690000 0.673472 0.689766 0.667778 0.686406 0.668750 0.682031 0.663472 0.677500 0.647222 0.675703 0.645417 0.674922 0.632778 0.675859 0.628889 0.689375 0.626806 0.700234 0.630972 0.721953 0.630278 0.725078 0.632778 0.728594 0.645556 0.730000 0.671806 0.732500 0.685000 0.731641 0.692361 0.729375 0.694028 0.727031 0.692361
1 0.732266 0.726111 0.731328 0.731111 0.729141 0.732778 0.722891 0.723056 0.721016 0.725972 0.718828 0.724167 0.716406 0.716944 0.712734 0.712639 0.710156 0.714722 0.709531 0.719306 0.695859 0.715694 0.689609 0.717361 0.688750 0.723056 0.684609 0.727222 0.682188 0.737222 0.682188 0.796944 0.678672 0.796667 0.677500 0.778194 0.677891 0.752500 0.676953 0.748472 0.678359 0.743194 0.678359 0.709583 0.679766 0.703750 0.681797 0.702361 0.696797 0.705556 0.720391 0.706528 0.726250 0.712083 0.731797 0.723194
1 0.794453 0.781667 0.795391 0.777639 0.797578 0.776111 0.799844 0.777639 0.800703 0.781667 0.799844 0.785556 0.797578 0.787222 0.795391 0.785556
1 0.748516 0.785556 0.749453 0.781667 0.751641 0.780000 0.753828 0.781667 0.754766 0.785556 0.753828 0.789583 0.751641 0.791111 0.749453 0.789583
1 0.791250 0.711389 0.793438 0.713056 0.794375 0.717500 0.790937 0.723194 0.770234 0.723194 0.748359 0.720278 0.750938 0.750556 0.750078 0.754444 0.747812 0.756111 0.745625 0.754444 0.741328 0.717917 0.743672 0.709583 0.789687 0.712083
1 0.558047 0.691944 0.556875 0.695833 0.551719 0.697361 0.552109 0.705278 0.547422 0.708194 0.540859 0.707917 0.539219 0.710000 0.531562 0.708194 0.523672 0.702361 0.517891 0.705278 0.511406 0.703889 0.501797 0.705833 0.494609 0.722500 0.493672 0.727639 0.492188 0.726389 0.490781 0.728194 0.490000 0.735000 0.486562 0.739861 0.481641 0.755417 0.481563 0.764306 0.478203 0.768611 0.476406 0.779028 0.474141 0.780694 0.471953 0.779028 0.471016 0.775139 0.473828 0.761806 0.500625 0.679167 0.503437 0.675833 0.518516 0.680833 0.540000 0.680833 0.551406 0.683611 0.557188 0.688056
1 0.489297 0.674722 0.491484 0.676389 0.492422 0.680278 0.491484 0.684306 0.484531 0.685833 0.483359 0.698472 0.479141 0.711806 0.476172 0.715278 0.474062 0.714861 0.474062 0.710278 0.471641 0.707083 0.457031 0.703611 0.453281 0.693056 0.451094 0.693194 0.448828 0.696528 0.439687 0.693194 0.438750 0.689167 0.435156 0.687639 0.432188 0.689861 0.429063 0.695139 0.428672 0.699722 0.424219 0.706667 0.422187 0.716250 0.419844 0.716667 0.415078 0.723611 0.404766 0.757778 0.400078 0.764028 0.398203 0.762778 0.397344 0.758750 0.399531 0.750556 0.418750 0.707083 0.422734 0.695000 0.430469 0.680278 0.433437 0.668333 0.437656 0.665833 0.448281 0.670000 0.474453 0.674861 0.489141 0.674861
1 0.467734 0.593056 0.473828 0.594444 0.478750 0.600694 0.477031 0.607500 0.479297 0.609167 0.480156 0.613472 0.477500 0.629583 0.482578 0.631250 0.489844 0.631944 0.490391 0.628889 0.487656 0.627222 0.486719 0.623333 0.485938 0.604722 0.487500 0.597917 0.490781 0.595417 0.497109 0.597917 0.508047 0.596667 0.513672 0.600417 0.515156 0.605139 0.505703 0.631944 0.506406 0.636250 0.504297 0.643750 0.500469 0.647639 0.499453 0.656389 0.495547 0.657222 0.490156 0.662917 0.489687 0.669167 0.486797 0.672639 0.457188 0.665000 0.456328 0.661111 0.457188 0.657222 0.459453 0.655556 0.483359 0.660417 0.484844 0.656528 0.480078 0.657917 0.464453 0.648194 0.454531 0.649444 0.450781 0.655139 0.448437 0.662778 0.446172 0.664583 0.439844 0.662083 0.438906 0.658194 0.439609 0.653333 0.464766 0.596528
1 0.501953 0.669028 0.516094 0.620417 0.521406 0.604861 0.524375 0.601389 0.556172 0.602222 0.574766 0.607222 0.575703 0.611111 0.574141 0.615556 0.575547 0.620139 0.574688 0.624028 0.557656 0.676111 0.555391 0.677778 0.552734 0.676111 0.551797 0.670694 0.545156 0.671806 0.540469 0.667639 0.524922 0.661250 0.519297 0.656250 0.515937 0.659167 0.513125 0.655972 0.509453 0.668194 0.505078 0.674583 0.502891 0.672917
1 0.636719 0.618056 0.635781 0.621944 0.632500 0.623333 0.633906 0.629167 0.632031 0.634167 0.625469 0.638889 0.615781 0.636250 0.614766 0.639722 0.612422 0.641111 0.610156 0.639167 0.605078 0.639583 0.612891 0.646111 0.615703 0.652083 0.616094 0.662917 0.613125 0.666667 0.610781 0.666528 0.604922 0.671667 0.599141 0.669583 0.592422 0.662917 0.588594 0.652917 0.588438 0.644167 0.593828 0.636389 0.593906 0.623056 0.598125 0.614167 0.600938 0.612500 0.605391 0.614028 0.607578 0.611250 0.634844 0.612917
1 0.628828 0.643889 0.630703 0.636250 0.632891 0.634583 0.635078 0.636250 0.636094 0.640556 0.635234 0.658056 0.632969 0.659722 0.630781 0.658056 0.628828 0.644028
1 0.586016 0.609167 0.588281 0.610972 0.585781 0.616389 0.584844 0.627778 0.579766 0.637639 0.579844 0.641667 0.581953 0.644444 0.581484 0.649306 0.574766 0.677361 0.575078 0.680417 0.572891 0.678750 0.571953 0.674861 0.574609 0.647778 0.580391 0.614583 0.585938 0.609167
1 0.571250 0.687222 0.572813 0.690000 0.569453 0.698333 0.567187 0.716528 0.563125 0.730417 0.561562 0.727639 0.561953 0.722222 0.564531 0.712917 0.566641 0.695556 0.571172 0.687222
1 0.235312 0.706667 0.240313 0.697778 0.242031 0.700556 0.241484 0.707778 0.239922 0.710556 0.238359 0.707917 0.236875 0.709444
1 0.250312 0.683889 0.254062 0.679444 0.255625 0.682222 0.254375 0.685556 0.251875 0.686667
1 0.256016 0.685417 0.260781 0.681528 0.263672 0.686667 0.265703 0.682917 0.268437 0.685694 0.267813 0.692639 0.263437 0.697500 0.261484 0.694722 0.261094 0.689861 0.257578 0.688194
1 0.271250 0.685694 0.272813 0.682917 0.274375 0.685694 0.272813 0.688472
1 0.279766 0.683611 0.283828 0.673472 0.285547 0.672222 0.287109 0.675000 0.287109 0.682500 0.285703 0.685278 0.283750 0.687500 0.280313 0.685694
1 0.288281 0.685417 0.291719 0.681944 0.293906 0.676528 0.301406 0.677222 0.303828 0.674722 0.305391 0.677083 0.304063 0.681389 0.301094 0.682222 0.298047 0.690972 0.295703 0.691667 0.294297 0.695417 0.292266 0.692639 0.291719 0.686806 0.289844 0.688194
1 0.264375 0.666667 0.262188 0.670833 0.260469 0.668056 0.267813 0.653472 0.277031 0.640000 0.278594 0.642778 0.274922 0.654028 0.270313 0.658194 0.268828 0.655000 0.264375 0.665972
1 0.320547 0.653333 0.322109 0.650556 0.323672 0.653333 0.322109 0.656111
1 0.289687 0.673889 0.291250 0.668611 0.292813 0.671389 0.291250 0.676667
1 0.321641 0.577500 0.321484 0.581111 0.318047 0.579028 0.316797 0.585417 0.311875 0.589167 0.309141 0.594583 0.306016 0.595694 0.304063 0.601806 0.297266 0.611944 0.293047 0.612778 0.320937 0.571250
1 0.340547 0.579861 0.342109 0.577083 0.343672 0.579861 0.342109 0.582639
1 0.338281 0.583333 0.339844 0.580556 0.341406 0.583333 0.339844 0.586111
1 0.359453 0.579861 0.361016 0.582639 0.360469 0.584722 0.356094 0.591667 0.350078 0.582500 0.351641 0.579583 0.358672 0.580278
1 0.329922 0.633472 0.331484 0.630694 0.333047 0.633472 0.331484 0.636250
1 0.345938 0.608056 0.344687 0.609167 0.343125 0.606389 0.344141 0.600139 0.348438 0.591667 0.352422 0.587917 0.353984 0.590556 0.353828 0.593611 0.349375 0.605833 0.346797 0.607083
1 0.303047 0.609306 0.304609 0.606528 0.306641 0.610694 0.312812 0.607222 0.314375 0.610417 0.310469 0.620694 0.302891 0.629028 0.305078 0.632222 0.303594 0.637639 0.292422 0.636806 0.292266 0.630556 0.302969 0.613750 0.303203 0.610278
1 0.317656 0.633889 0.323203 0.627083 0.325156 0.629583 0.328594 0.626111 0.337734 0.608333 0.339375 0.607361 0.340938 0.610139 0.340000 0.614861 0.333203 0.628750 0.327656 0.632639 0.322813 0.643472 0.316094 0.643611 0.314531 0.640833 0.316641 0.635278
1 0.412734 0.584583 0.414297 0.587361 0.409531 0.594167 0.408125 0.590278 0.412656 0.584583
1 0.378047 0.635000 0.374844 0.635000 0.373281 0.632222 0.373828 0.629306 0.381797 0.622917 0.385547 0.622778 0.387109 0.625556 0.385547 0.628333 0.381562 0.628889 0.379062 0.634444
1 0.396328 0.618333 0.397891 0.621111 0.397344 0.623194 0.390547 0.634306 0.379141 0.651250 0.377969 0.652083 0.376406 0.649306 0.381250 0.639583 0.395156 0.619167
1 0.356172 0.638750 0.365547 0.616667 0.366719 0.621250 0.362266 0.633889 0.357734 0.641528
1 0.374453 0.611250 0.374375 0.609167 0.372969 0.610694 0.371406 0.607917 0.372969 0.605139 0.374297 0.606528 0.374297 0.604861 0.365469 0.594167 0.367188 0.586944 0.372500 0.580139 0.376016 0.581250 0.377656 0.584306 0.386094 0.581111 0.391562 0.587917 0.385234 0.601528 0.386016 0.604028 0.384453 0.606806 0.382969 0.607222 0.381172 0.603611 0.376484 0.609306 0.377578 0.611250 0.376016 0.614028
1 0.390156 0.592222 0.391719 0.589444 0.393281 0.592222 0.391719 0.595000
1 0.392813 0.587361 0.394375 0.584583 0.395937 0.587361 0.394375 0.590139
1 0.396328 0.592778 0.400625 0.586111 0.405781 0.585417 0.407344 0.588194 0.402969 0.594861 0.397891 0.595556
1 0.377109 0.603056 0.375391 0.604306 0.376484 0.604722
1 0.363984 0.594028 0.361719 0.597639 0.358438 0.609444 0.349297 0.625000 0.346328 0.624861 0.349375 0.629722 0.347656 0.634861 0.343828 0.632083 0.340625 0.640139 0.335469 0.642222 0.365547 0.587500
1 0.338906 0.695278 0.342891 0.685000 0.346641 0.681806 0.348438 0.670278 0.351016 0.666667 0.352578 0.670000 0.350859 0.681528 0.347578 0.690278 0.343984 0.691944 0.340469 0.698056
1 0.333828 0.678611 0.338438 0.672500 0.340000 0.675278 0.337734 0.683056 0.336250 0.681250 0.329688 0.695417 0.328125 0.692639 0.328437 0.690417 0.333828 0.678750
1 0.372500 0.690417 0.374063 0.693889 0.370312 0.696806 0.371016 0.700556 0.369375 0.703472 0.365937 0.699028 0.368750 0.693333 0.371406 0.692361
1 0.359141 0.712639 0.360938 0.709861 0.364219 0.715278 0.358281 0.724861 0.359063 0.727639 0.357500 0.729444 0.356016 0.727361 0.350547 0.731667 0.348984 0.728889 0.350391 0.725972 0.357266 0.723056 0.359922 0.718056 0.359375 0.713056
1 0.343125 0.654167 0.345313 0.651667 0.349922 0.656944 0.348359 0.659722 0.344531 0.656944
1 0.333047 0.650000 0.334609 0.652778 0.333203 0.656667 0.317109 0.683472 0.315547 0.680694 0.316719 0.678056 0.332969 0.650000
1 0.289219 0.730139 0.293984 0.718889 0.304375 0.701667 0.306953 0.694167 0.308516 0.696944 0.306953 0.700139 0.307500 0.702222 0.302266 0.708056 0.302656 0.710000 0.295625 0.723472 0.291328 0.727222 0.290781 0.732917