0 0.015104 0.100185 0.061146 0.377500 0.113958 0.606296 0.000625 0.700278 0.000625 0.105926
0 0.000469 0.825000 0.053021 0.997963 0.000469 1.000000 0.000000 0.826296
0 0.000469 0.713889 0.116979 0.615370 0.243385 0.997963 0.057292 0.997963 0.000469 0.808611
0 0.078594 0.120833 0.178021 0.090556 0.226354 0.300185 0.277500 0.494630 0.164531 0.565278 0.114844 0.345648 0.076458 0.119630
0 0.180885 0.089259 0.270365 0.072870 0.374063 0.428981 0.278906 0.492130
0 0.274531 0.074537 0.349427 0.064444 0.454583 0.385185 0.377865 0.429352
0 0.352448 0.064167 0.416563 0.060741 0.515729 0.349167 0.457031 0.385185 0.352969 0.064167
0 0.564740 0.320463 0.518385 0.347593 0.419219 0.060000 0.471510 0.060833 0.563281 0.320463
0 0.473021 0.061759 0.517396 0.065278 0.603698 0.302037 0.567240 0.321296
0 0.519375 0.064630 0.554896 0.066389 0.597812 0.173426 0.636771 0.283056 0.606198 0.299722 0.565729 0.183889 0.518385 0.062963
0 0.587344 0.069815 0.625052 0.164167 0.661667 0.268333 0.637708 0.281667 0.594896 0.163519 0.556875 0.067407
0 0.589115 0.069907 0.615000 0.072870 0.655938 0.178148 0.683073 0.256852 0.662604 0.267407 0.632604 0.182778 0.606458 0.113056 0.588854 0.069907
0 0.616458 0.072407 0.638333 0.075370 0.702083 0.247500 0.683542 0.256852
0 0.658802 0.078796 0.717083 0.239907 0.702813 0.246667 0.639792 0.076296
0 0.659948 0.078796 0.675885 0.081296 0.729635 0.233148 0.717760 0.239074 0.659635 0.078796
0 0.691146 0.084259 0.742031 0.227222 0.730156 0.233611 0.677135 0.081852
0 0.704427 0.086852 0.752240 0.221296 0.742760 0.226759 0.691354 0.084259 0.704688 0.086852
0 0.760833 0.216667 0.752969 0.220833 0.705156 0.087222 0.716094 0.089352
0 0.762292 0.220000 0.804167 0.355278 0.797656 0.367963 0.753437 0.225556
0 0.753021 0.225185 0.797812 0.367222 0.790677 0.381296 0.743594 0.230463
0 0.742917 0.231204 0.790677 0.382037 0.782969 0.397500 0.732240 0.237407
0 0.719167 0.243889 0.731615 0.237500 0.783177 0.397222 0.773646 0.415185
0 0.718542 0.244630 0.747865 0.330926 0.772969 0.415463 0.762708 0.435370 0.732187 0.337037 0.704010 0.252037
0 0.703490 0.252778 0.734010 0.344167 0.762552 0.438519 0.749427 0.461019 0.722031 0.368611 0.686406 0.261759
0 0.663802 0.272685 0.684948 0.261019 0.718333 0.361019 0.749427 0.461481 0.734010 0.489907 0.698646 0.373148 0.664115 0.272685
0 0.639688 0.286574 0.664271 0.273333 0.733906 0.490000 0.715625 0.523981
0 0.607448 0.304259 0.638542 0.287037 0.715052 0.525556 0.692240 0.566759 0.607708 0.304444
0 0.569427 0.325741 0.606250 0.304444 0.691875 0.567315 0.663333 0.617593 0.569115 0.325093
0 0.520365 0.355000 0.567604 0.326481 0.662135 0.618056 0.626823 0.679444 0.520781 0.355741
0 0.458698 0.390093 0.517865 0.355000 0.625156 0.680185 0.577917 0.757870 0.458698 0.390278
0 0.380365 0.438796 0.455313 0.391389 0.576146 0.759722 0.514531 0.854352 0.378854 0.439630
0 0.282708 0.501574 0.283125 0.502870 0.282187 0.503426
0 0.375937 0.441204 0.512552 0.856667 0.434115 0.969815 0.283125 0.502870
0 0.277969 0.504167 0.431875 0.971204 0.409635 1.000000 0.296719 0.999259 0.164531 0.584630
1 0.179844 0.093241 0.190260 0.091296 0.192031 0.093981 0.200521 0.096204 0.202240 0.102963 0.205000 0.106667 0.202552 0.121111 0.199167 0.132037 0.199948 0.137593 0.201927 0.140741 0.202656 0.150833 0.212031 0.172685 0.213750 0.175093 0.219688 0.176667 0.223125 0.182778 0.226146 0.211667 0.229375 0.220833 0.234375 0.241481 0.236406 0.257315 0.241198 0.269537 0.245052 0.282593 0.243646 0.284537 0.241927 0.291481 0.242656 0.295370 0.238281 0.298426 0.235729 0.306759 0.236250 0.323241 0.241615 0.339259 0.243229 0.351667 0.244896 0.356759 0.247917 0.359259 0.250104 0.372315 0.253021 0.369722 0.255052 0.364074 0.257344 0.361574 0.261042 0.371759 0.263021 0.374722 0.269323 0.375741 0.272708 0.377778 0.276146 0.382870 0.282448 0.382407 0.284740 0.386481 0.288437 0.388981 0.290990 0.388981 0.293281 0.386944 0.298438 0.392037 0.308698 0.391019 0.310990 0.393056 0.314427 0.399167 0.316667 0.400185 0.325521 0.400185 0.332656 0.402130 0.333229 0.398148 0.339219 0.397130 0.339531 0.393519 0.344687 0.394074 0.343542 0.393056 0.343438 0.389167 0.344583 0.387407 0.350365 0.395093 0.353229 0.396111 0.355781 0.393056 0.354375 0.374259 0.354948 0.374352 0.351042 0.362593 0.349375 0.347222 0.346354 0.337130 0.333229 0.303611 0.326250 0.277778 0.323281 0.263148 0.316615 0.246667 0.314375 0.236296 0.307031 0.214444 0.302187 0.195463 0.299687 0.189907 0.294479 0.184722 0.285365 0.169907 0.284010 0.157593 0.287500 0.155000 0.289062 0.148519 0.287917 0.142778 0.283958 0.137963 0.276615 0.107870 0.272865 0.104907 0.275365 0.096759 0.273802 0.090185 0.270156 0.087500 0.266458 0.087593 0.266042 0.084074 0.269948 0.080370 0.271146 0.075926 0.272031 0.075741 0.375156 0.432593 0.279948 0.494907 0.224219 0.280926 0.180312 0.093241
1 0.208958 0.114537 0.210000 0.112685 0.211927 0.113056 0.212969 0.114907 0.211927 0.116759 0.210000 0.116759 0.208958 0.114722
1 0.214688 0.121296 0.215729 0.119444 0.216771 0.121296 0.215729 0.123148
1 0.223698 0.133981 0.224740 0.132130 0.225990 0.133611 0.227708 0.139444 0.226667 0.141759 0.224271 0.135648
1 0.236771 0.141111 0.237813 0.139259 0.239427 0.141389 0.240469 0.138889 0.241510 0.140741 0.241510 0.143241 0.240469 0.145093 0.238802 0.145093 0.236823 0.141389
1 0.246562 0.141574 0.248542 0.139259 0.250677 0.139259 0.251719 0.141111 0.249896 0.143148 0.251250 0.149167 0.250208 0.151019 0.247604 0.143426
1 0.248438 0.158889 0.249479 0.157037 0.250521 0.158889 0.250521 0.161852 0.249479 0.163704 0.248438 0.161852 0.248438 0.159074
1 0.255990 0.155556 0.254948 0.157407 0.253698 0.155093 0.256146 0.148148 0.257188 0.150833 0.255990 0.155463
1 0.259375 0.144074 0.260677 0.142222 0.263385 0.146204 0.261406 0.148519 0.259948 0.145741
1 0.264635 0.147500 0.265677 0.145648 0.268594 0.150000 0.267552 0.151852 0.265677 0.151852 0.264635 0.150000 0.264635 0.147685
1 0.269844 0.142870 0.270885 0.141019 0.271927 0.142870 0.272188 0.146667 0.271146 0.148519 0.270104 0.146667 0.269844 0.143056
1 0.272240 0.159352 0.273281 0.156667 0.274687 0.156667 0.276719 0.160185 0.275677 0.162407 0.273854 0.159630 0.273281 0.161204
1 0.262500 0.153426 0.263542 0.149907 0.264375 0.150648 0.265052 0.156389 0.264010 0.158241 0.262500 0.153611
1 0.259167 0.155093 0.259167 0.150463 0.261406 0.148981 0.262448 0.151759 0.261719 0.155463 0.260208 0.156944
1 0.276667 0.337130 0.277031 0.331852 0.279062 0.328611 0.280104 0.330833 0.277708 0.338981
1 0.454323 0.386389 0.377865 0.431759 0.342083 0.313704 0.279635 0.096852 0.278281 0.095093 0.274115 0.081296 0.274323 0.078426 0.273281 0.074815 0.274844 0.074630 0.274740 0.078056 0.275938 0.079352 0.278906 0.076296 0.281094 0.075926 0.284896 0.081574 0.285312 0.083426 0.284271 0.085278 0.281979 0.083148 0.280208 0.085278 0.281562 0.089722 0.281042 0.094907 0.284688 0.096389 0.284635 0.101296 0.290885 0.112500 0.294219 0.123611 0.299844 0.130093 0.301979 0.137130 0.309896 0.147685 0.310573 0.152130 0.312708 0.155370 0.313698 0.159444 0.318490 0.164167 0.318646 0.170648 0.317812 0.173611 0.318333 0.182685 0.320312 0.187685 0.328906 0.200000 0.329896 0.212963 0.336146 0.224352 0.336146 0.226389 0.337500 0.226111 0.339479 0.230833 0.341094 0.234907 0.341615 0.241019 0.345260 0.247500 0.346406 0.256296 0.350052 0.261574 0.350052 0.269537 0.349062 0.273333 0.350677 0.274537 0.352031 0.284815 0.356146 0.287407 0.357292 0.292685 0.354479 0.299630 0.353802 0.306852 0.347604 0.323333 0.344531 0.318241 0.348698 0.332222 0.357969 0.336852 0.360938 0.339722 0.362500 0.343611 0.368073 0.345370 0.374792 0.351019 0.383125 0.362963 0.396615 0.374259 0.402552 0.374259 0.404531 0.370741 0.410312 0.370000 0.413281 0.366481 0.418437 0.369259 0.423385 0.369259 0.427552 0.366111 0.435677 0.367593 0.437708 0.366204 0.438490 0.362963 0.437396 0.340463 0.436042 0.339537 0.434323 0.328426 0.430937 0.319074 0.430729 0.315926 0.423177 0.300926 0.422552 0.296389 0.417448 0.281759 0.415990 0.272963 0.410260 0.260000 0.406406 0.243796 0.403073 0.235926 0.396510 0.225926 0.393281 0.223981 0.387240 0.214444 0.374063 0.198611 0.372240 0.202963 0.368646 0.205370 0.366510 0.205370 0.363698 0.202593 0.352812 0.181111 0.348438 0.161667 0.344687 0.158519 0.343698 0.148333 0.341927 0.146204 0.341510 0.141944 0.338906 0.139815 0.338750 0.135278 0.337135 0.133148 0.337760 0.123981 0.336354 0.121204 0.335938 0.117315 0.334375 0.116574 0.334167 0.115185 0.337552 0.115185 0.340104 0.119074 0.346875 0.119074 0.346667 0.113426 0.353594 0.109537 0.358438 0.108981 0.359167 0.105648 0.357396 0.097963 0.353542 0.091481 0.349062 0.065463 0.349896 0.065370 0.431302 0.315278 0.432760 0.316944 0.436094 0.326296 0.438073 0.338889
1 0.322760 0.113704 0.321719 0.115556 0.320469 0.113704 0.320104 0.108426 0.321146 0.106574 0.322552 0.109167 0.322552 0.112593
1 0.329792 0.119722 0.330833 0.117870 0.331667 0.118611 0.332865 0.122500 0.331823 0.124352 0.330208 0.121204
1 0.335208 0.124537 0.336250 0.126389 0.335208 0.128241 0.333646 0.128241 0.332604 0.126389 0.333646 0.124537 0.335104 0.124537
1 0.332760 0.118611 0.333802 0.116759 0.335469 0.121852 0.334427 0.123704 0.333594 0.122963 0.332813 0.118981
1 0.307031 0.108056 0.305417 0.101389 0.308438 0.097037 0.309896 0.099259 0.310677 0.103519 0.309115 0.105648 0.309115 0.108056 0.308073 0.109907
1 0.312188 0.099630 0.313229 0.097778 0.318229 0.100278 0.319792 0.105278 0.317552 0.109907 0.315938 0.103519 0.313802 0.105000 0.312188 0.101759 0.312188 0.099815
1 0.294740 0.085556 0.295938 0.083704 0.299010 0.087593 0.297760 0.089444 0.295625 0.087315
1 0.299687 0.090463 0.300729 0.088611 0.305104 0.095000 0.304062 0.096852 0.301719 0.096852 0.300104 0.091944
1 0.290469 0.081296 0.289219 0.083148 0.286771 0.077778 0.287813 0.075926 0.289948 0.079722
1 0.307812 0.077037 0.308854 0.075185 0.309896 0.077037 0.308854 0.078889
1 0.436302 0.322222 0.352240 0.066759 0.374271 0.068056 0.374219 0.070648 0.375573 0.069259 0.377708 0.074352 0.380365 0.071944 0.381458 0.072778 0.381979 0.077130 0.388646 0.083148 0.392344 0.085185 0.400260 0.084537 0.404115 0.088241 0.403958 0.092500 0.400677 0.093426 0.400625 0.094537 0.403958 0.094907 0.404375 0.096852 0.401979 0.100463 0.397135 0.098519 0.395833 0.093889 0.394531 0.092963 0.394115 0.089907 0.392813 0.090926 0.390417 0.090093 0.383854 0.085278 0.379219 0.079907 0.375469 0.078519 0.374167 0.073519 0.370573 0.074352 0.370104 0.076296 0.373854 0.103796 0.376302 0.111481 0.385052 0.129352 0.388854 0.141944 0.392656 0.146759 0.397760 0.156481 0.399167 0.163704 0.404792 0.180000 0.410156 0.189630 0.422604 0.218426 0.423385 0.222870 0.428542 0.234907 0.431198 0.244444 0.434375 0.247870 0.436094 0.258148 0.439948 0.264167 0.438437 0.268796 0.435469 0.272593 0.435104 0.276944 0.432917 0.283519 0.433177 0.300648 0.437396 0.310278 0.441302 0.314537 0.445625 0.316019 0.451042 0.324907 0.458750 0.330463 0.461719 0.335926 0.463906 0.345556 0.470052 0.354167 0.472917 0.352130 0.473802 0.348611 0.473438 0.343241 0.475208 0.338056 0.479896 0.332593 0.484583 0.335648 0.487344 0.338889 0.489115 0.343056 0.495000 0.344444 0.497708 0.342593 0.504896 0.342963 0.507240 0.340370 0.507917 0.337315 0.507552 0.333148 0.504635 0.328796 0.502031 0.320648 0.498802 0.302407 0.495833 0.292593 0.493906 0.289259 0.493229 0.282963 0.490208 0.276019 0.484740 0.254722 0.497031 0.289630 0.499219 0.298981 0.516406 0.350463 0.456146 0.385370 0.435885 0.321574
1 0.420781 0.094444 0.420052 0.083889 0.417604 0.077870 0.418125 0.069259 0.428906 0.098796 0.426354 0.097315 0.424531 0.098611 0.423750 0.101759
1 0.444427 0.141296 0.442969 0.141574 0.432448 0.113148 0.433073 0.110185
1 0.406354 0.090741 0.407917 0.087963 0.409010 0.088796 0.410729 0.096852 0.410260 0.098796 0.409167 0.099630 0.407396 0.097593 0.406354 0.090926
1 0.409792 0.090000 0.411354 0.087222 0.412448 0.088056 0.412448 0.092037 0.410260 0.092037
1 0.414531 0.092778 0.416094 0.090000 0.420104 0.094815 0.420938 0.097315 0.419375 0.100093 0.416719 0.098426 0.415104 0.094907
1 0.474167 0.062963 0.488594 0.065278 0.490781 0.065278 0.492188 0.063056 0.496146 0.063981 0.515208 0.077315 0.516875 0.075370 0.518021 0.068333 0.605052 0.302222 0.567344 0.321759 0.473854 0.062315
1 0.621979 0.244907 0.625365 0.250463 0.627031 0.258333 0.636198 0.282778 0.605365 0.300000 0.520417 0.066481 0.526198 0.065648 0.551771 0.072963 0.555521 0.072778 0.556927 0.071204
1 0.558021 0.067315 0.587708 0.069352 0.662760 0.269259 0.637656 0.282963 0.557760 0.068241
1 0.618594 0.077870 0.624219 0.088426 0.626563 0.090185 0.629844 0.099444 0.634010 0.105926 0.635677 0.112500 0.641719 0.124259 0.646406 0.138704 0.650260 0.144074 0.656875 0.160741 0.658229 0.169630 0.663750 0.184167 0.666927 0.199259 0.672448 0.210463 0.673490 0.215741 0.676823 0.223333 0.677135 0.229815 0.681302 0.241667 0.685885 0.245556 0.687031 0.243056 0.687344 0.236204 0.690885 0.235741 0.690885 0.220093 0.690000 0.216481 0.701719 0.248889 0.684635 0.257315 0.647500 0.157870 0.645938 0.150926 0.643229 0.146389 0.616458 0.074815
1 0.639688 0.079630 0.651563 0.111389 0.646198 0.103426 0.642292 0.091296 0.639688 0.089259 0.639583 0.080463
1 0.676510 0.218148 0.672917 0.202407 0.669063 0.194167 0.669063 0.184815 0.671302 0.186296 0.673073 0.192685 0.676771 0.200741 0.683125 0.222500 0.682292 0.222963 0.682292 0.225463 0.681042 0.225463 0.679688 0.222315 0.678333 0.221574
1 0.632448 0.082130 0.634010 0.079352 0.635573 0.081296 0.640313 0.096574 0.641927 0.097407 0.643385 0.101019 0.646302 0.111944 0.653594 0.127963 0.660573 0.148704 0.657656 0.147500 0.648958 0.123148 0.647500 0.122407 0.646302 0.119444 0.640469 0.100926 0.638542 0.099259 0.638177 0.096204 0.636094 0.094630 0.632760 0.083611
1 0.638594 0.075463 0.640313 0.075741 0.643594 0.084074 0.648021 0.088241 0.650365 0.094630 0.652865 0.096852 0.655521 0.105463 0.658333 0.107870 0.672135 0.148796 0.675937 0.156759 0.678490 0.167130 0.682292 0.173519 0.684479 0.183426 0.689115 0.194722 0.688958 0.200000 0.690625 0.201759 0.690781 0.205370 0.692292 0.209537 0.694167 0.211204 0.694792 0.217130 0.697500 0.222963 0.698906 0.222685 0.701042 0.228889 0.702292 0.230093 0.706250 0.225093 0.706615 0.213611 0.705365 0.212315 0.704375 0.202685 0.717656 0.238889 0.701979 0.248981 0.639167 0.075926
1 0.669948 0.110741 0.659062 0.082222 0.657760 0.081389 0.657865 0.078333 0.658854 0.078519 0.670885 0.111389 0.669687 0.111296
1 0.688125 0.158426 0.685469 0.156759 0.684167 0.147500
1 0.693281 0.172407 0.690000 0.167222 0.690000 0.163426
1 0.699427 0.189167 0.697656 0.189444 0.694479 0.178148 0.694531 0.175833
1 0.723854 0.213704 0.726042 0.217222 0.730885 0.232778 0.724427 0.237685 0.718802 0.239259 0.708229 0.210370 0.716042 0.224907 0.715208 0.215463 0.717656 0.211667 0.717917 0.197685 0.718438 0.199074
1 0.660781 0.081204 0.666823 0.092037 0.670677 0.103426 0.671667 0.104167 0.671927 0.109907 0.673698 0.110463 0.674219 0.115000 0.676146 0.117407 0.676302 0.120093 0.677552 0.120093 0.680990 0.131667 0.684635 0.137963 0.685729 0.145556 0.686719 0.146296 0.688229 0.153611 0.689531 0.153611 0.690260 0.158148 0.691406 0.158148 0.698906 0.178333 0.699271 0.181204 0.702813 0.187130 0.703021 0.190556 0.705417 0.195926 0.706615 0.196852 0.706875 0.206759
1 0.705885 0.088519 0.707865 0.090556 0.710260 0.088889 0.711823 0.091759 0.712760 0.090093 0.716146 0.090370 0.762188 0.216852 0.754115 0.221852 0.705208 0.088519
1 0.753802 0.224907 0.762865 0.219352 0.804010 0.353056 0.797552 0.365741
1 0.744531 0.229537 0.753542 0.225278 0.797552 0.367407 0.790677 0.380463 0.743802 0.230370
1 0.731927 0.236389 0.743594 0.230000 0.790990 0.381204 0.783646 0.397407
1 0.720208 0.243796 0.732135 0.237407 0.783281 0.397778 0.774271 0.416389 0.719844 0.243796
1 0.705052 0.253519 0.719948 0.244537 0.773542 0.416204 0.763750 0.435556 0.705104 0.253611
1 0.703698 0.253981 0.763281 0.437037 0.750729 0.459630 0.685573 0.264167 0.703854 0.253704
1 0.749844 0.459444 0.735104 0.486944 0.665990 0.273333 0.684271 0.263148 0.749635 0.459074
1 0.664010 0.273796 0.734323 0.489444 0.715521 0.523426 0.639115 0.286759
1 0.607031 0.303704 0.637552 0.286481 0.714948 0.524444 0.692083 0.564815 0.607604 0.303889
1 0.000000 0.827315 0.052708 0.999352 0.046354 0.997593 0.045156 1.000000 0.042760 0.999074 0.039583 0.999722 0.036615 0.991944 0.035417 1.000000 0.034063 1.000000 0.030104 0.996204 0.026927 0.989907 0.025729 0.977222 0.020156 0.952130 0.019375 0.941574 0.021146 0.941944 0.025729 0.948241 0.026146 0.953889 0.029479 0.967315 0.030885 0.966944 0.031875 0.964537 0.031667 0.959537 0.025729 0.946481 0.024948 0.939815 0.015833 0.926481 0.013229 0.918333 0.011458 0.903519 0.011042 0.889815 0.008854 0.881019 0.007500 0.879259 0.005885 0.885185 0.000573 0.886944 0.000000 0.828148
1 0.000000 0.932407 0.003125 0.938426 0.007500 0.951852 0.007083 0.957778 0.002917 0.951111 0.000156 0.955370 0.000000 0.933148
1 0.080052 0.133241 0.082917 0.138981 0.085677 0.136574 0.087188 0.136574 0.089010 0.138981 0.088073 0.145741 0.085781 0.147778 0.085938 0.151852 0.082708 0.150741 0.084427 0.153611 0.084896 0.157593 0.086510 0.156204 0.086615 0.153981 0.090052 0.161667 0.089687 0.169815 0.090729 0.169259 0.090573 0.184630 0.088646 0.185648 0.096302 0.192778 0.099323 0.202685 0.099323 0.206759 0.096354 0.213241 0.096302 0.215278 0.098958 0.218611 0.101823 0.225648 0.103854 0.242593 0.109115 0.246019 0.111458 0.245463 0.115469 0.252685 0.115156 0.259815 0.113125 0.264630 0.113125 0.266667 0.113906 0.271759 0.116198 0.275648 0.115625 0.282963 0.117344 0.286667 0.117344 0.289722 0.116510 0.293056 0.112969 0.296759 0.112188 0.300741 0.114792 0.296111 0.115833 0.295926 0.118333 0.301574 0.117760 0.310741 0.116302 0.313796 0.116771 0.322963 0.116042 0.324630 0.119479 0.323519 0.121094 0.318426 0.124219 0.320093 0.127292 0.325000 0.126719 0.337407 0.125885 0.338796 0.123958 0.337037 0.124427 0.341296 0.122917 0.342870 0.121927 0.354444 0.120781 0.356481 0.123385 0.363148 0.121094 0.363148 0.121563 0.365000 0.123281 0.365741 0.124219 0.372870 0.125573 0.372963 0.127083 0.375926 0.129323 0.384259 0.128750 0.389537 0.130000 0.394630 0.128750 0.402500 0.130781 0.408611 0.130000 0.411296 0.134427 0.423241 0.134115 0.427500 0.136146 0.432407 0.136302 0.435833 0.138229 0.436852 0.144740 0.448889 0.144740 0.454444 0.146667 0.459074 0.147604 0.468241 0.155260 0.469444 0.159271 0.466389 0.161667 0.469444 0.167083 0.472685 0.166823 0.468426 0.173021 0.465556 0.172552 0.461296 0.174271 0.456204 0.177396 0.453333 0.180781 0.453611 0.182083 0.451389 0.185417 0.452130 0.189062 0.450556 0.194531 0.445648 0.197083 0.437870 0.199792 0.437870 0.201198 0.434630 0.205625 0.431574 0.208490 0.427778 0.208490 0.424444 0.206563 0.416389 0.205365 0.397685 0.199844 0.385278 0.198698 0.379722 0.200000 0.376759 0.194375 0.365556 0.198073 0.359444 0.196406 0.353333 0.191198 0.347222 0.188594 0.340833 0.187344 0.342778 0.182917 0.337130 0.180781 0.315093 0.182917 0.308796 0.182240 0.292315 0.190781 0.301204 0.184115 0.290185 0.178177 0.274537 0.171979 0.239815 0.171979 0.229722 0.180781 0.253426 0.187448 0.244907 0.191510 0.231389 0.195521 0.223426 0.194896 0.220463 0.196719 0.211667 0.201823 0.210463 0.198698 0.205833 0.196510 0.188796 0.188125 0.159444 0.187292 0.136111 0.205833 0.215648 0.276562 0.494444 0.164583 0.568148 0.116771 0.362037 0.077969 0.130093
1 0.101823 0.129722 0.102604 0.126481 0.104427 0.125093 0.109740 0.126481 0.110469 0.129722 0.109740 0.133056 0.107865 0.134352 0.102604 0.133056
1 0.111198 0.136111 0.111979 0.132870 0.113802 0.131481 0.115625 0.132870 0.116406 0.136111 0.115312 0.139630 0.121146 0.145833 0.121927 0.149074 0.121146 0.152407 0.119323 0.153704 0.113542 0.150000 0.111771 0.143981 0.112917 0.140093 0.111979 0.139352
1 0.126198 0.161389 0.129010 0.164167 0.130573 0.168426 0.129271 0.174630 0.127448 0.176019 0.123333 0.173519 0.121927 0.169444 0.122760 0.165278 0.126146 0.161389
1 0.153333 0.171944 0.154375 0.170093 0.155417 0.171944 0.155937 0.174259 0.155000 0.176944 0.153333 0.175463 0.153333 0.172037
1 0.152344 0.189259 0.153385 0.187407 0.154427 0.189259 0.153385 0.191111
1 0.157135 0.186296 0.156823 0.184537 0.157865 0.182685 0.159740 0.182963 0.160573 0.186111 0.158177 0.188148
1 0.119635 0.225093 0.121042 0.222685 0.122865 0.224537 0.121510 0.228704 0.119635 0.226852 0.119688 0.225370
1 0.096198 0.126667 0.097240 0.124815 0.098281 0.126667 0.097240 0.128519
1 0.164219 0.195648 0.169531 0.211944 0.170208 0.217870 0.169167 0.219722 0.165365 0.206111 0.162656 0.204722 0.161927 0.202963 0.162448 0.197222 0.164167 0.195648
1 0.423073 0.064352 0.427708 0.061204 0.429479 0.063241 0.431510 0.067963 0.430677 0.073796 0.431510 0.075000 0.432292 0.082037 0.444375 0.104907 0.445365 0.108426 0.451458 0.115463 0.453437 0.121389 0.456927 0.126019 0.458073 0.134259 0.458073 0.143704 0.457240 0.144815 0.459062 0.146019 0.459896 0.152500 0.463385 0.156296 0.463385 0.161296 0.465000 0.166019 0.465000 0.171852 0.463333 0.177315 0.472865 0.207130 0.476198 0.212685 0.478854 0.227407 0.480000 0.230926 0.482656 0.233519 0.483438 0.240833 0.486458 0.245833 0.491719 0.262315 0.492708 0.270278 0.496510 0.277315 0.499010 0.286667 0.505417 0.301389 0.507083 0.313148 0.513021 0.318426 0.517813 0.320463 0.524427 0.329537 0.525729 0.328426 0.526250 0.321019 0.527917 0.321296 0.529219 0.324259 0.530729 0.324815 0.529896 0.315185 0.530729 0.310463 0.543073 0.319537 0.547396 0.318704 0.549687 0.321667 0.556302 0.317778 0.561094 0.318981 0.561615 0.316019 0.560417 0.310741 0.556458 0.301944 0.554635 0.294352 0.552188 0.291389 0.548854 0.275833 0.546250 0.272593 0.544219 0.260926 0.565469 0.320648 0.517188 0.348056 0.419635 0.064722
1 0.431667 0.066852 0.433229 0.064074 0.436094 0.065556 0.437656 0.064259 0.440417 0.068426 0.459115 0.075093 0.460417 0.077870 0.458698 0.080648 0.446771 0.076111 0.444635 0.079630 0.439479 0.077037 0.439063 0.073981 0.434740 0.073611 0.433906 0.069722 0.432135 0.068796
1 0.462656 0.078056 0.463073 0.076111 0.464479 0.075278 0.469740 0.077778 0.470990 0.080556 0.469427 0.083333 0.463958 0.080833
1 0.476771 0.082963 0.475208 0.085741 0.474062 0.084815 0.473125 0.081481 0.473542 0.078333 0.475781 0.078333 0.476615 0.081759
1 0.472552 0.071944 0.471667 0.068611 0.473229 0.065833 0.474323 0.066574 0.474687 0.069537 0.477448 0.074907 0.475885 0.077685 0.473021 0.073981
1 0.679115 0.086944 0.699479 0.138704 0.702813 0.144167 0.704271 0.154167 0.710365 0.165370 0.713437 0.173981 0.712292 0.175463 0.718594 0.189444 0.722031 0.203889 0.729792 0.217500 0.728542 0.207870 0.729219 0.203426 0.729896 0.202778 0.733021 0.209722 0.730833 0.195648 0.729375 0.191204 0.727031 0.188148 0.723594 0.175278 0.722031 0.172500 0.725104 0.183426 0.725312 0.187963 0.723750 0.190000 0.720521 0.178796 0.718333 0.174352 0.718594 0.165370 0.715313 0.152130 0.707552 0.131296 0.704948 0.127870 0.701510 0.117407 0.701354 0.112500 0.700365 0.112500 0.694896 0.099259 0.693906 0.092870 0.691458 0.087037 0.691823 0.084074 0.742500 0.226389 0.731198 0.232222 0.678229 0.085833
1 0.710677 0.153241 0.711719 0.151389 0.713125 0.153056 0.716094 0.163148 0.715052 0.165000 0.713437 0.162500 0.711250 0.154907
1 0.693802 0.088148 0.697917 0.096389 0.700000 0.104722 0.701823 0.106667 0.706615 0.120833 0.714115 0.135556 0.714583 0.140926 0.717500 0.148148 0.716979 0.144722 0.717656 0.139444 0.721771 0.142130 0.722292 0.146852 0.723594 0.148241 0.724531 0.152222 0.723021 0.157685 0.721198 0.158981 0.728906 0.182037 0.725260 0.166574 0.725677 0.165463 0.727083 0.167037 0.726927 0.164444 0.728437 0.165463 0.731042 0.173981 0.733385 0.177315 0.734219 0.185185 0.732083 0.184444 0.733698 0.189722 0.734635 0.200648 0.739167 0.209259 0.739271 0.205741 0.741042 0.207778 0.742135 0.206574 0.744740 0.211389 0.742344 0.193611 0.739688 0.188611 0.739167 0.184167 0.721927 0.137037 0.715417 0.122315 0.709531 0.102130 0.704635 0.092130 0.704323 0.086204 0.753073 0.221574 0.742760 0.226111 0.693594 0.087963
1 0.571458 0.350185 0.566042 0.346111 0.566198 0.348981 0.564010 0.352407 0.563750 0.357685 0.564010 0.362778 0.567448 0.379352 0.572708 0.392963 0.572240 0.400556 0.564688 0.394167 0.558021 0.382222 0.550677 0.373981 0.546667 0.375278 0.545312 0.377315 0.543802 0.380370 0.543229 0.386019 0.539687 0.383796 0.535990 0.384815 0.535469 0.393796 0.536094 0.397685 0.548594 0.424444 0.549583 0.430093 0.556510 0.449537 0.559063 0.463241 0.575521 0.511759 0.578333 0.524167 0.585469 0.541759 0.599740 0.585463 0.602083 0.589630 0.611615 0.617130 0.613385 0.619259 0.615990 0.618611 0.622708 0.627778 0.621146 0.618241 0.618542 0.612963 0.617760 0.600556 0.620521 0.599537 0.623490 0.604167 0.625312 0.604444 0.628125 0.611759 0.629479 0.608704 0.627448 0.603889 0.627448 0.595370 0.629479 0.596574 0.640104 0.626389 0.641146 0.622130 0.632917 0.594167 0.635677 0.585648 0.636354 0.589907 0.646250 0.619722 0.647292 0.627593 0.650365 0.636759 0.626042 0.678148 0.520208 0.354815 0.566146 0.326759 0.574010 0.348704
1 0.636771 0.577222 0.637813 0.575370 0.638594 0.575833 0.640885 0.581111 0.641875 0.589815 0.640833 0.591667 0.637760 0.586667 0.636875 0.577963
1 0.487031 0.376389 0.493021 0.383426 0.496302 0.395741 0.500260 0.406019 0.501250 0.411574 0.506875 0.424815 0.506198 0.433611 0.509531 0.447407 0.509167 0.449537 0.507188 0.451852 0.507396 0.458611 0.514583 0.480093 0.513906 0.497778 0.516719 0.502778 0.525000 0.523611 0.539844 0.544444 0.550781 0.567315 0.554063 0.582315 0.554375 0.589074 0.556719 0.595278 0.557344 0.602870 0.560156 0.606944 0.562552 0.615278 0.564375 0.633519 0.570469 0.649630 0.571146 0.662593 0.573125 0.667870 0.577917 0.673148 0.582031 0.683426 0.585677 0.698148 0.589635 0.707778 0.589635 0.712500 0.600885 0.711944 0.608802 0.698426 0.617552 0.687500 0.619531 0.682222 0.620521 0.670463 0.617708 0.664074 0.617344 0.657870 0.625312 0.680278 0.578229 0.756389 0.457917 0.392315 0.484167 0.375093
1 0.380937 0.441667 0.393958 0.433148 0.403594 0.432500 0.408698 0.446574 0.410104 0.453241 0.420052 0.476389 0.427917 0.492222 0.433750 0.498981 0.437135 0.508056 0.441927 0.514167 0.445052 0.526389 0.447083 0.526944 0.453594 0.537315 0.458385 0.553704 0.456354 0.556759 0.455677 0.561019 0.458385 0.568981 0.461823 0.573889 0.465938 0.584815 0.470052 0.600648 0.470365 0.606759 0.483750 0.644537 0.485469 0.665185 0.494740 0.687778 0.495417 0.701111 0.500885 0.710926 0.499844 0.716944 0.509792 0.738333 0.511146 0.749907 0.513594 0.758426 0.521771 0.770000 0.520417 0.777870 0.525208 0.784537 0.519740 0.799167 0.520417 0.804074 0.524167 0.800370 0.522135 0.793704 0.524167 0.791296 0.528281 0.800370 0.535833 0.801667 0.544740 0.796759 0.546771 0.791296 0.551250 0.794352 0.562656 0.780278 0.514271 0.852222 0.380417 0.442500
1 0.455677 0.395556 0.509323 0.554815 0.506510 0.554352 0.506510 0.550278 0.501042 0.531481 0.497917 0.532037 0.494792 0.520833 0.491354 0.514815 0.487083 0.511759 0.483646 0.505093 0.483073 0.498056 0.481354 0.491944 0.481354 0.486389 0.476823 0.473704 0.475677 0.463519 0.472500 0.456944 0.469115 0.442685 0.464792 0.435648 0.462813 0.422407 0.457656 0.421944 0.455677 0.419907 0.452240 0.408241 0.452240 0.404167 0.455104 0.403148 0.455104 0.400093
1 0.570885 0.764722 0.570521 0.748241 0.567083 0.733796 0.564479 0.730648 0.561875 0.723796 0.559792 0.714722 0.557344 0.709352 0.557344 0.706111 0.556250 0.705370 0.549635 0.682407 0.548542 0.684074 0.547135 0.681944 0.545052 0.672593 0.543542 0.669444 0.543854 0.665556 0.541510 0.659167 0.537760 0.640278 0.576198 0.758056 0.570781 0.765185
1 0.225781 0.551019 0.225260 0.559722 0.226042 0.575000 0.222292 0.578056 0.218594 0.576019 0.218906 0.589722 0.215729 0.597315 0.212031 0.601389 0.207187 0.597315 0.202031 0.597315 0.198906 0.603426 0.203750 0.614537 0.203177 0.618611 0.205469 0.629259 0.208333 0.637407 0.209479 0.650556 0.212604 0.653148 0.216302 0.662778 0.214323 0.671944 0.219740 0.668889 0.225469 0.675463 0.232292 0.693704 0.230573 0.702315 0.238490 0.727037 0.241927 0.727037 0.246510 0.732130 0.251927 0.743796 0.251927 0.751944 0.248177 0.758519 0.245938 0.753981 0.245938 0.757500 0.241354 0.767685 0.244219 0.776759 0.243646 0.794537 0.239635 0.800185 0.241354 0.821944 0.243646 0.824537 0.245625 0.839259 0.253698 0.857685 0.260833 0.864352 0.277083 0.891204 0.280833 0.906296 0.276667 0.928519 0.278281 0.938704 0.284635 0.952870 0.288594 0.965185 0.288385 0.971852 0.291354 0.972593 0.294531 0.979630 0.300104 0.999722 0.296510 0.999722 0.231250 0.805556 0.167292 0.594907 0.225885 0.549722
1 0.288021 0.543241 0.339167 0.701944 0.337969 0.703426 0.339375 0.708333 0.338750 0.711111 0.344115 0.722037 0.345885 0.732963 0.344115 0.733704 0.344115 0.738333 0.342760 0.739352 0.336771 0.724907 0.334219 0.724167 0.332448 0.729444 0.332813 0.736204 0.334792 0.741111 0.335208 0.749167 0.339167 0.755926 0.339740 0.765741 0.343333 0.787963 0.343125 0.792222 0.340365 0.790093 0.339740 0.787593 0.338958 0.789074 0.338958 0.792870 0.341562 0.800000 0.342344 0.807685 0.342344 0.825648 0.335000 0.824630 0.336615 0.833056 0.339583 0.835926 0.341146 0.844352 0.339531 0.850463 0.331302 0.841944 0.331667 0.846759 0.334375 0.855000 0.334375 0.860278 0.332656 0.866111 0.332865 0.872685 0.330260 0.871204 0.326094 0.862870 0.323698 0.852685 0.323698 0.847778 0.319687 0.843981 0.318125 0.839907 0.317396 0.833796 0.317448 0.829907 0.319479 0.829722 0.323281 0.823611 0.329219 0.828333 0.331510 0.828148 0.326354 0.814074 0.324531 0.814444 0.323021 0.811574 0.319115 0.810000 0.316615 0.805463 0.315938 0.805463 0.315833 0.808148 0.317656 0.817870 0.315104 0.818889 0.315260 0.839537 0.313542 0.846389 0.309323 0.842500 0.308177 0.848889 0.308281 0.853704 0.306771 0.854167 0.302448 0.841296 0.300937 0.850648 0.301042 0.852685 0.303802 0.856574 0.307604 0.857593 0.315156 0.866944 0.320625 0.870000 0.325000 0.875648 0.331563 0.897685 0.332292 0.904074 0.330313 0.905926 0.329323 0.912222 0.325313 0.907315 0.325729 0.899722 0.324219 0.896944 0.323542 0.890370 0.319115 0.885926 0.318073 0.882500 0.316823 0.884537 0.315312 0.884537 0.312031 0.882037 0.308333 0.881852 0.306198 0.878333 0.302865 0.882222 0.299635 0.878148 0.289271 0.836204 0.288542 0.829259 0.289115 0.825370 0.293698 0.826204 0.295052 0.822685 0.301823 0.823333 0.304219 0.821296 0.305260 0.823333 0.306042 0.821944 0.307240 0.809722 0.305937 0.800648 0.306198 0.788241 0.308438 0.788056 0.312240 0.791111 0.318750 0.791944 0.321198 0.794352 0.324948 0.794722 0.323698 0.769537 0.322292 0.760370 0.323021 0.758519 0.325833 0.757870 0.328490 0.750648 0.326198 0.743981 0.326302 0.738889 0.321875 0.733148 0.320156 0.728704 0.318542 0.731111 0.318542 0.735648 0.316458 0.735833 0.315000 0.738241 0.316458 0.745185 0.316458 0.751296 0.318542 0.758056 0.318542 0.761296 0.316823 0.761852 0.312917 0.753981 0.311094 0.757778 0.312240 0.767130 0.310729 0.764074 0.307448 0.763148 0.306302 0.764907 0.304792 0.763889 0.304010 0.767778 0.301927 0.766759 0.301042 0.768796 0.300104 0.767963 0.300000 0.771389 0.302500 0.780741 0.301458 0.782407 0.302604 0.790741 0.299219 0.784630 0.296563 0.785833 0.296250 0.793148 0.295052 0.794815 0.289271 0.783426 0.287187 0.781204 0.285156 0.774537 0.284323 0.768426 0.284323 0.752870 0.285677 0.750833 0.290833 0.750463 0.288437 0.741111 0.288698 0.734815 0.290260 0.730741 0.296823 0.720556 0.298281 0.712037 0.296510 0.705648 0.293646 0.678519 0.292292 0.652778 0.289740 0.647870 0.287917 0.641111 0.287813 0.626296 0.285417 0.622315 0.285417 0.617037 0.282344 0.608241 0.281458 0.600278 0.279062 0.592778 0.279062 0.583241 0.285208 0.576574 0.286250 0.568889 0.284844 0.562407 0.286719 0.562407 0.288646 0.565833 0.289688 0.563426 0.290260 0.558056 0.287135 0.551852 0.286562 0.547130
1 0.339844 0.894907 0.339323 0.895833 0.342969 0.903241 0.342969 0.907870 0.347812 0.912130 0.349062 0.915278 0.351823 0.915278 0.352344 0.917130 0.350052 0.917685 0.352344 0.918981 0.352344 0.922685 0.358021 0.936481 0.357292 0.939722 0.355417 0.941111 0.353073 0.938426 0.352344 0.941204 0.349948 0.940741 0.347604 0.937315 0.345052 0.938148 0.344583 0.942222 0.345260 0.945926 0.351302 0.955093 0.352344 0.958796 0.351562 0.962130 0.349531 0.963426 0.343802 0.956019 0.341667 0.951481 0.336719 0.949537 0.337240 0.948611 0.336615 0.946111 0.330781 0.942130 0.328958 0.943889 0.325625 0.943333 0.321510 0.946759 0.318073 0.945093 0.314063 0.940741 0.311927 0.942500 0.311198 0.941204 0.310156 0.944907 0.309115 0.943981 0.308594 0.945833 0.305990 0.945833 0.305469 0.943981 0.302500 0.943519 0.293854 0.928796 0.292969 0.903333 0.293698 0.897685 0.297135 0.896759 0.298177 0.894907 0.307552 0.894907 0.310417 0.900185 0.315000 0.903426 0.316562 0.901667 0.317448 0.894907 0.319531 0.891204 0.320052 0.894907 0.323125 0.897685 0.322656 0.903333 0.321198 0.907500 0.321771 0.910926 0.328802 0.917963 0.330573 0.917870 0.334115 0.922685 0.336354 0.919537 0.335885 0.907500 0.334896 0.904259 0.335417 0.902315 0.333698 0.898241 0.333385 0.894444 0.334115 0.891111 0.335990 0.889815 0.337969 0.891111 0.338750 0.894444
1 0.226771 0.555185 0.227500 0.551944 0.229375 0.550556 0.231198 0.551944 0.231979 0.555185 0.231198 0.558426 0.229375 0.559815 0.227500 0.558426
1 0.233177 0.550926 0.233958 0.547685 0.235781 0.546296 0.237604 0.547685 0.238385 0.550926 0.237604 0.554259 0.235781 0.555556 0.233958 0.554259
1 0.250990 0.539537 0.251771 0.536296 0.253594 0.534907 0.255469 0.536296 0.256198 0.539537 0.255469 0.542778 0.253594 0.544167 0.251771 0.542778
1 0.257656 0.537407 0.258437 0.534167 0.260260 0.532778 0.262135 0.534167 0.262656 0.536389 0.265208 0.537500 0.265990 0.540833 0.265208 0.544074 0.263385 0.545463 0.261719 0.544352 0.260833 0.541667 0.258437 0.540648
1 0.255000 0.802593 0.252188 0.791944 0.252656 0.785833 0.255260 0.783426 0.257656 0.784537 0.260573 0.782130 0.263958 0.784444 0.266719 0.784167 0.277448 0.801481 0.277917 0.834907 0.274063 0.836667 0.272708 0.840556 0.277292 0.848981 0.280000 0.849722 0.284323 0.859259 0.285573 0.864630 0.285000 0.873519 0.282500 0.875463 0.279687 0.873981 0.277292 0.876667 0.275365 0.875185 0.271406 0.867685 0.270313 0.857130 0.266927 0.849444 0.266927 0.837500 0.264323 0.835648 0.263437 0.831667 0.264167 0.850741 0.263385 0.853981 0.260677 0.855093 0.260677 0.856944 0.258594 0.856944 0.255990 0.853241 0.255573 0.842315 0.254167 0.839537 0.254115 0.836204 0.252448 0.831296 0.251719 0.823056 0.249271 0.817222 0.249792 0.811019 0.255052 0.802963
1 0.348177 0.911574 0.348698 0.908796 0.348698 0.912500
1 0.282031 0.818704 0.282760 0.815463 0.284635 0.814074 0.286458 0.815463 0.287917 0.822407 0.287135 0.825648 0.285312 0.827037 0.283490 0.825648 0.282760 0.821759
1 0.293125 0.811296 0.293906 0.808056 0.295729 0.806667 0.297604 0.808056 0.298333 0.811296 0.297604 0.814537 0.295729 0.815926 0.293906 0.814537
1 0.311823 0.961944 0.312604 0.958611 0.314427 0.957315 0.319479 0.962593 0.323802 0.971019 0.328854 0.972593 0.330260 0.974907 0.330573 0.977778 0.332969 0.979074 0.333437 0.984537 0.336563 0.991574 0.335781 0.994907 0.332917 0.995833 0.331198 0.993333 0.329323 0.994815 0.327500 0.993426 0.326719 0.990185 0.327240 0.987407 0.326094 0.985833 0.325729 0.980833 0.321771 0.979722 0.319323 0.976111 0.319063 0.985556 0.317240 0.986944 0.315573 0.985833 0.311823 0.962315
1 0.332552 0.961204 0.333333 0.957963 0.335156 0.956574 0.346302 0.968796 0.347135 0.971574 0.349062 0.972963 0.349844 0.976204 0.349062 0.979537 0.347240 0.980833 0.341979 0.975278 0.338958 0.979444 0.336250 0.977870 0.332552 0.961389
1 0.343438 0.987315 0.344167 0.984074 0.346042 0.982685 0.348750 0.984907 0.351042 0.990556 0.350260 0.996667 0.348438 0.998056 0.346250 0.996944 0.344792 0.994352 0.343438 0.987500
1 0.421719 0.963148 0.422448 0.959444 0.424323 0.958056 0.426510 0.959722 0.429792 0.966389 0.429635 0.972500 0.424687 0.979815 0.421719 0.978889 0.420990 0.975648 0.421875 0.972130 0.424115 0.969259 0.422187 0.965926
1 0.002240 0.812963 0.007083 0.821019 0.016146 0.831574 0.020990 0.846389 0.020677 0.851944 0.017865 0.847037 0.016823 0.855648 0.013698 0.858704 0.000833 0.811111
1 0.117083 0.619074 0.239375 0.994259 0.236979 0.994259 0.234896 0.991204 0.234896 0.988148 0.223281 0.967500 0.219844 0.957130 0.219167 0.951667 0.212969 0.940093 0.207500 0.932778 0.203385 0.933333 0.197917 0.938241 0.195521 0.938796 0.195885 0.940093 0.189427 0.929722 0.191510 0.913056 0.188750 0.910556 0.182760 0.909907 0.183177 0.899352 0.185365 0.891944 0.190312 0.885556 0.191875 0.881667 0.191875 0.872870 0.186146 0.858796 0.185573 0.852407 0.178437 0.840556 0.176458 0.832593 0.173490 0.829352 0.171510 0.820833 0.170000 0.806204 0.166875 0.806481 0.158021 0.784537 0.154531 0.763519 0.147656 0.740741 0.145156 0.735463 0.136302 0.702130 0.120000 0.658241 0.116562 0.658241 0.114115 0.660926 0.109635 0.655648 0.105729 0.657407 0.099792 0.655648 0.096823 0.637222 0.117031 0.619722
3 0.127135 0.955833 0.129010 0.957222 0.129688 0.961389 0.132448 0.962407 0.133229 0.965741 0.131458 0.975185 0.129635 0.976481 0.126562 0.974630 0.124062 0.966574 0.124844 0.957222 0.126927 0.955833
3 0.142812 0.971019 0.143542 0.967685 0.145417 0.966389 0.147240 0.967685 0.150469 0.977963 0.149688 0.981296 0.147865 0.982593 0.145781 0.980833 0.142865 0.971852
1 0.001406 0.628056 0.006771 0.622778 0.010729 0.612963 0.022812 0.594259 0.036094 0.590000 0.040104 0.590000 0.047396 0.582315 0.054531 0.578056 0.062656 0.578056 0.065260 0.579444 0.069792 0.588241 0.071771 0.596019 0.072969 0.590000 0.072969 0.565000 0.076146 0.552685 0.078125 0.548056 0.079740 0.547037 0.084479 0.549815 0.086094 0.554074 0.087240 0.561481 0.089635 0.565370 0.098958 0.571389 0.093594 0.565370 0.089635 0.547130 0.091406 0.539722 0.091198 0.536944 0.088438 0.533333 0.087240 0.533333 0.082500 0.522130 0.078333 0.491759 0.077760 0.480556 0.076563 0.483333 0.076354 0.505926 0.075365 0.508704 0.073177 0.506574 0.069010 0.497407 0.065260 0.483333 0.063854 0.480833 0.061667 0.466389 0.058906 0.463981 0.058906 0.394907 0.055573 0.386019 0.052708 0.359815 0.049375 0.349259 0.049844 0.338704 0.047969 0.336574 0.046771 0.330648 0.047813 0.319907 0.045156 0.312222 0.044010 0.304907 0.041198 0.298704 0.040885 0.288148 0.035937 0.267037 0.035937 0.264074 0.036927 0.263519 0.034583 0.255833 0.030625 0.221759 0.028333 0.214167 0.028646 0.197130 0.070573 0.422222 0.114583 0.604259 0.000000 0.702407 0.000156 0.632315
1 0.022031 0.228056 0.022760 0.224815 0.024635 0.223426 0.026458 0.224815 0.027240 0.228056 0.026458 0.231296 0.024635 0.232685 0.022760 0.231296
1 0.017135 0.345833 0.017917 0.342500 0.019740 0.341204 0.021615 0.342500 0.022344 0.345833 0.021615 0.349074 0.019740 0.350463 0.017917 0.349074
1 0.045990 0.398056 0.046771 0.394815 0.048594 0.393426 0.050417 0.394815 0.051198 0.398056 0.050417 0.401296 0.048594 0.402685 0.046771 0.401296
3 0.004896 0.264074 0.005625 0.260833 0.007500 0.259444 0.009896 0.262315 0.014375 0.279722 0.013906 0.285093 0.012083 0.286481 0.010260 0.285648 0.004896 0.264352
3 0.012604 0.295463 0.014479 0.296852 0.015208 0.300093 0.013802 0.304259 0.016042 0.302593 0.017917 0.303981 0.018646 0.307222 0.018385 0.317407 0.017448 0.320926 0.015469 0.322500 0.012917 0.320370 0.011198 0.316296 0.008333 0.305185 0.008333 0.301111 0.009687 0.296389 0.012500 0.295463
1 0.307292 0.496389 0.308750 0.510463 0.311146 0.513426 0.314479 0.523611 0.315677 0.530370 0.322813 0.546389 0.323021 0.553148 0.323958 0.556111 0.333490 0.568426 0.338750 0.582778 0.339896 0.592037 0.342552 0.593796 0.351458 0.606852 0.354323 0.609352 0.358125 0.617407 0.359063 0.622037 0.359063 0.631389 0.365938 0.638148 0.370938 0.647037 0.376198 0.662222 0.380469 0.668148 0.380469 0.683796 0.384271 0.689722 0.388333 0.699444 0.388542 0.709167 0.390469 0.721852 0.395677 0.726481 0.400677 0.734167 0.403281 0.744907 0.400677 0.752500 0.397344 0.752963 0.395208 0.751204 0.394740 0.743241 0.393542 0.743241 0.390208 0.749167 0.390677 0.752500 0.399479 0.760556 0.407135 0.770741 0.407813 0.787222 0.406615 0.794352 0.401875 0.796111 0.400000 0.802407 0.397135 0.799907 0.398073 0.808333 0.400000 0.808796 0.403281 0.815093 0.407135 0.817222 0.414271 0.826944 0.416146 0.837500 0.415208 0.843889 0.418073 0.844722 0.424948 0.851481 0.430417 0.863333 0.434688 0.878148 0.433750 0.883611 0.430885 0.884907 0.429479 0.888241 0.429479 0.892037 0.432812 0.897963 0.435156 0.911111 0.437344 0.912778 0.439688 0.912315 0.440677 0.911481 0.441354 0.907685 0.443490 0.906481 0.452760 0.917407 0.456354 0.917407 0.461354 0.922130 0.463229 0.918241 0.468698 0.920000 0.434688 0.968981 0.429062 0.954722 0.357135 0.747593 0.283177 0.509167 0.304583 0.495463
1 0.381406 0.456481 0.467760 0.722500 0.466562 0.723704 0.464635 0.721204 0.463698 0.713981 0.461302 0.708519 0.461302 0.705556 0.454635 0.695370 0.451823 0.679352 0.446562 0.667685 0.444896 0.667685 0.441354 0.660556 0.440625 0.647037 0.438958 0.640278 0.432292 0.625463 0.429896 0.615278 0.426563 0.608519 0.419635 0.589444 0.418281 0.578519 0.413906 0.569352 0.406354 0.542222 0.404375 0.537963 0.395677 0.508704 0.391302 0.499537 0.386927 0.483704 0.383177 0.474907 0.380990 0.459722 0.380000 0.457685
1 0.404687 0.618056 0.412083 0.627778 0.422500 0.649630 0.430208 0.663333 0.430885 0.670648 0.429479 0.672870 0.425781 0.671944 0.422760 0.667778 0.419844 0.670000 0.421667 0.677500 0.420833 0.680000 0.425208 0.687315 0.426458 0.694167 0.425625 0.695648 0.425365 0.702037 0.428281 0.702963 0.434323 0.712500 0.434323 0.719907 0.433229 0.725463 0.431563 0.721574 0.430208 0.725463 0.428438 0.725000 0.423438 0.712315 0.421302 0.701019 0.419896 0.698889 0.416146 0.698241 0.413333 0.692593 0.410156 0.682037 0.406406 0.675278 0.404427 0.666481 0.401458 0.638333 0.400260 0.634444 0.398906 0.636852 0.398906 0.639722 0.401042 0.645370 0.401042 0.651667 0.398698 0.657315 0.395521 0.655926 0.392760 0.652407 0.390365 0.644630 0.387760 0.614352 0.387969 0.600278 0.391354 0.594630 0.393750 0.594630 0.398073 0.599537 0.399479 0.599537 0.405417 0.609444 0.405417 0.614352 0.404427 0.616481
1 0.589688 0.069074 0.590365 0.070833 0.589688 0.070833
1 0.590365 0.070833 0.613333 0.072500 0.684375 0.257593 0.663646 0.268981
1 0.568594 0.326481 0.605313 0.304352 0.690521 0.566389 0.662135 0.615833 0.567708 0.325093