0 0.015104 0.100185 0.061146 0.377500 0.113958 0.606296 0.000625 0.700278 0.000625 0.105926
0 0.000469 0.825000 0.053021 0.997963 0.000469 1.000000 0.000000 0.826296
0 0.000469 0.713889 0.116979 0.615370 0.243385 0.997963 0.057292 0.997963 0.000469 0.808611
0 0.078594 0.120833 0.178021 0.090556 0.226354 0.300185 0.277500 0.494630 0.164531 0.565278 0.114844 0.345648 0.076458 0.119630
0 0.180885 0.089259 0.270365 0.072870 0.374063 0.428981 0.278906 0.492130
0 0.274531 0.074537 0.349427 0.064444 0.454583 0.385185 0.377865 0.429352
0 0.352448 0.064167 0.416563 0.060741 0.515729 0.349167 0.457031 0.385185 0.352969 0.064167
0 0.564740 0.320463 0.518385 0.347593 0.419219 0.060000 0.471510 0.060833 0.563281 0.320463
0 0.473021 0.061759 0.517396 0.065278 0.603698 0.302037 0.567240 0.321296
0 0.519375 0.064630 0.554896 0.066389 0.597812 0.173426 0.636771 0.283056 0.606198 0.299722 0.565729 0.183889 0.518385 0.062963
0 0.587344 0.069815 0.625052 0.164167 0.661667 0.268333 0.637708 0.281667 0.594896 0.163519 0.556875 0.067407
0 0.589115 0.069907 0.615000 0.072870 0.655938 0.178148 0.683073 0.256852 0.662604 0.267407 0.632604 0.182778 0.606458 0.113056 0.588854 0.069907
0 0.616458 0.072407 0.638333 0.075370 0.702083 0.247500 0.683542 0.256852
0 0.658802 0.078796 0.717083 0.239907 0.702813 0.246667 0.639792 0.076296
0 0.659948 0.078796 0.675885 0.081296 0.729635 0.233148 0.717760 0.239074 0.659635 0.078796
0 0.691146 0.084259 0.742031 0.227222 0.730156 0.233611 0.677135 0.081852
0 0.704427 0.086852 0.752240 0.221296 0.742760 0.226759 0.691354 0.084259 0.704688 0.086852
0 0.760833 0.216667 0.752969 0.220833 0.705156 0.087222 0.716094 0.089352
0 0.762292 0.220000 0.804167 0.355278 0.797656 0.367963 0.753437 0.225556
0 0.753021 0.225185 0.797812 0.367222 0.790677 0.381296 0.743594 0.230463
0 0.742917 0.231204 0.790677 0.382037 0.782969 0.397500 0.732240 0.237407
0 0.719167 0.243889 0.731615 0.237500 0.783177 0.397222 0.773646 0.415185
0 0.718542 0.244630 0.747865 0.330926 0.772969 0.415463 0.762708 0.435370 0.732187 0.337037 0.704010 0.252037
0 0.703490 0.252778 0.734010 0.344167 0.762552 0.438519 0.749427 0.461019 0.722031 0.368611 0.686406 0.261759
0 0.663802 0.272685 0.684948 0.261019 0.718333 0.361019 0.749427 0.461481 0.734010 0.489907 0.698646 0.373148 0.664115 0.272685
0 0.639688 0.286574 0.664271 0.273333 0.733906 0.490000 0.715625 0.523981
0 0.607448 0.304259 0.638542 0.287037 0.715052 0.525556 0.692240 0.566759 0.607708 0.304444
0 0.569427 0.325741 0.606250 0.304444 0.691875 0.567315 0.663333 0.617593 0.569115 0.325093
0 0.520365 0.355000 0.567604 0.326481 0.662135 0.618056 0.626823 0.679444 0.520781 0.355741
0 0.458698 0.390093 0.517865 0.355000 0.625156 0.680185 0.577917 0.757870 0.458698 0.390278
0 0.380365 0.438796 0.455313 0.391389 0.576146 0.759722 0.514531 0.854352 0.378854 0.439630
0 0.282708 0.501574 0.283125 0.502870 0.282187 0.503426
0 0.375937 0.441204 0.512552 0.856667 0.434115 0.969815 0.283125 0.502870
0 0.277969 0.504167 0.431875 0.971204 0.409635 1.000000 0.296719 0.999259 0.164531 0.584630
1 0.042448 0.652870 0.049323 0.652870 0.050365 0.654722 0.045417 0.660926 0.041458 0.664444 0.039010 0.664259 0.036510 0.667963 0.035469 0.666111 0.038437 0.657315 0.041562 0.653704
1 0.042500 0.657315 0.040417 0.660741 0.041562 0.660741 0.045052 0.656481 0.042500 0.657130
1 0.094479 0.614074 0.096510 0.617778 0.095990 0.619907 0.089896 0.624352 0.086771 0.623889 0.086302 0.621852 0.087240 0.619352 0.094375 0.614167
1 0.026979 0.671481 0.027448 0.668056 0.029635 0.668056 0.030104 0.673519 0.029479 0.675833 0.023125 0.682222 0.019115 0.683981 0.017865 0.683148 0.017969 0.679074 0.023385 0.675926 0.026979 0.671667
3 0.010000 0.278056 0.011562 0.275278 0.013125 0.278056 0.013125 0.289074 0.014687 0.289815 0.015156 0.291759 0.014687 0.296204 0.013594 0.297037 0.011198 0.295926 0.010000 0.292778 0.010000 0.278333
3 0.016719 0.307778 0.018281 0.310556 0.017969 0.324259 0.016406 0.327037 0.014844 0.324259 0.014844 0.311019 0.015469 0.308796
3 0.019167 0.347593 0.020729 0.344815 0.023125 0.347500 0.024271 0.352593 0.023802 0.357685 0.021615 0.357685 0.020104 0.350093
3 0.019844 0.366574 0.025260 0.367407 0.026562 0.379537 0.026094 0.382963 0.027396 0.386111 0.026927 0.388056 0.025833 0.388889 0.024583 0.387778 0.023177 0.377500 0.021302 0.380278 0.020052 0.379167 0.017708 0.370926 0.018906 0.367222
3 0.029375 0.392685 0.030156 0.389352 0.031979 0.388056 0.033542 0.388981 0.037656 0.409074 0.039740 0.443333 0.046250 0.479167 0.047188 0.476667 0.048750 0.475741 0.050625 0.477037 0.055469 0.492500 0.055833 0.531667 0.060885 0.562963 0.067500 0.579167 0.070208 0.597778 0.074688 0.617870 0.079583 0.616389 0.081458 0.617778 0.082188 0.621019 0.081458 0.624259 0.078073 0.626019 0.075104 0.629907 0.073438 0.630556 0.071615 0.629167 0.065156 0.599907 0.062969 0.585000 0.060260 0.584630 0.057969 0.577963 0.050625 0.532130 0.050312 0.494907 0.046562 0.482870 0.048646 0.499259 0.047865 0.503704 0.046042 0.505093 0.044479 0.504167 0.043229 0.500648 0.040052 0.474167 0.037292 0.463333 0.033854 0.436481 0.032865 0.412685 0.029740 0.395000
3 0.071198 0.582037 0.067760 0.564259 0.058490 0.529074 0.057135 0.518148 0.057917 0.514815 0.059740 0.513519 0.061719 0.515185 0.062708 0.518704 0.065417 0.534630 0.072240 0.559630 0.076406 0.580185 0.075625 0.585278 0.073802 0.586667 0.071927 0.585278
3 0.149271 0.967963 0.149219 0.971296 0.150521 0.975278 0.149740 0.978611 0.146667 0.979907 0.143385 0.976759 0.142396 0.973148 0.142396 0.967963 0.143385 0.964352 0.146250 0.962685 0.148281 0.964352
1 0.274010 0.487778 0.275833 0.489167 0.276615 0.492407 0.273698 0.499537 0.267448 0.502130 0.256510 0.509907 0.254635 0.508426 0.253802 0.511204 0.252083 0.512315 0.247135 0.513333 0.242812 0.517778 0.239635 0.518704 0.235833 0.522963 0.233750 0.527315 0.230729 0.527315 0.214427 0.537870 0.209479 0.536481 0.208698 0.533241 0.209479 0.530000 0.211302 0.528611 0.227708 0.520093 0.234167 0.510000 0.247292 0.504259 0.250781 0.499444 0.253750 0.498796 0.262031 0.490833 0.265052 0.490278 0.268854 0.487222 0.273646 0.487870
1 0.695990 0.247222 0.696771 0.243889 0.698542 0.242593 0.700937 0.248426 0.700625 0.249722 0.696771 0.250463
1 0.711719 0.236852 0.714427 0.234074 0.716302 0.241204 0.713385 0.243241 0.710938 0.242222 0.711719 0.236852
1 0.650729 0.273611 0.651771 0.270556 0.656406 0.267593 0.659740 0.267593 0.661302 0.270370 0.650990 0.274722
1 0.632448 0.281111 0.634010 0.283889 0.633542 0.284907 0.623646 0.289630 0.624688 0.285926 0.632396 0.281111
3 0.755469 0.249537 0.757031 0.246759 0.758125 0.247593 0.759271 0.253056 0.758802 0.255000 0.756510 0.254907 0.755469 0.249722
3 0.783229 0.332037 0.783646 0.330093 0.785885 0.330093 0.790469 0.342222 0.790156 0.345741 0.789062 0.346574 0.787604 0.344907 0.784792 0.338889 0.783229 0.332315