0 0.015104 0.100185 0.061146 0.377500 0.113958 0.606296 0.000625 0.700278 0.000625 0.105926
0 0.000469 0.825000 0.053021 0.997963 0.000469 1.000000 0.000000 0.826296
0 0.000469 0.713889 0.116979 0.615370 0.243385 0.997963 0.057292 0.997963 0.000469 0.808611
0 0.078594 0.120833 0.178021 0.090556 0.226354 0.300185 0.277500 0.494630 0.164531 0.565278 0.114844 0.345648 0.076458 0.119630
0 0.180885 0.089259 0.270365 0.072870 0.374063 0.428981 0.278906 0.492130
0 0.274531 0.074537 0.349427 0.064444 0.454583 0.385185 0.377865 0.429352
0 0.352448 0.064167 0.416563 0.060741 0.515729 0.349167 0.457031 0.385185 0.352969 0.064167
0 0.564740 0.320463 0.518385 0.347593 0.419219 0.060000 0.471510 0.060833 0.563281 0.320463
0 0.473021 0.061759 0.517396 0.065278 0.603698 0.302037 0.567240 0.321296
0 0.519375 0.064630 0.554896 0.066389 0.597812 0.173426 0.636771 0.283056 0.606198 0.299722 0.565729 0.183889 0.518385 0.062963
0 0.587344 0.069815 0.625052 0.164167 0.661667 0.268333 0.637708 0.281667 0.594896 0.163519 0.556875 0.067407
0 0.589115 0.069907 0.615000 0.072870 0.655938 0.178148 0.683073 0.256852 0.662604 0.267407 0.632604 0.182778 0.606458 0.113056 0.588854 0.069907
0 0.616458 0.072407 0.638333 0.075370 0.702083 0.247500 0.683542 0.256852
0 0.658802 0.078796 0.717083 0.239907 0.702813 0.246667 0.639792 0.076296
0 0.659948 0.078796 0.675885 0.081296 0.729635 0.233148 0.717760 0.239074 0.659635 0.078796
0 0.691146 0.084259 0.742031 0.227222 0.730156 0.233611 0.677135 0.081852
0 0.704427 0.086852 0.752240 0.221296 0.742760 0.226759 0.691354 0.084259 0.704688 0.086852
0 0.760833 0.216667 0.752969 0.220833 0.705156 0.087222 0.716094 0.089352
0 0.762292 0.220000 0.804167 0.355278 0.797656 0.367963 0.753437 0.225556
0 0.753021 0.225185 0.797812 0.367222 0.790677 0.381296 0.743594 0.230463
0 0.742917 0.231204 0.790677 0.382037 0.782969 0.397500 0.732240 0.237407
0 0.719167 0.243889 0.731615 0.237500 0.783177 0.397222 0.773646 0.415185
0 0.718542 0.244630 0.747865 0.330926 0.772969 0.415463 0.762708 0.435370 0.732187 0.337037 0.704010 0.252037
0 0.703490 0.252778 0.734010 0.344167 0.762552 0.438519 0.749427 0.461019 0.722031 0.368611 0.686406 0.261759
0 0.663802 0.272685 0.684948 0.261019 0.718333 0.361019 0.749427 0.461481 0.734010 0.489907 0.698646 0.373148 0.664115 0.272685
0 0.639688 0.286574 0.664271 0.273333 0.733906 0.490000 0.715625 0.523981
0 0.607448 0.304259 0.638542 0.287037 0.715052 0.525556 0.692240 0.566759 0.607708 0.304444
0 0.569427 0.325741 0.606250 0.304444 0.691875 0.567315 0.663333 0.617593 0.569115 0.325093
0 0.520365 0.355000 0.567604 0.326481 0.662135 0.618056 0.626823 0.679444 0.520781 0.355741
0 0.458698 0.390093 0.517865 0.355000 0.625156 0.680185 0.577917 0.757870 0.458698 0.390278
0 0.380365 0.438796 0.455313 0.391389 0.576146 0.759722 0.514531 0.854352 0.378854 0.439630
0 0.282708 0.501574 0.283125 0.502870 0.282187 0.503426
0 0.375937 0.441204 0.512552 0.856667 0.434115 0.969815 0.283125 0.502870
0 0.277969 0.504167 0.431875 0.971204 0.409635 1.000000 0.296719 0.999259 0.164531 0.584630
1 0.076719 0.121296 0.176354 0.094167 0.212865 0.251111 0.248385 0.389630 0.276979 0.495741 0.164531 0.572870 0.132969 0.433519 0.095469 0.241481 0.077708 0.121296
1 0.179844 0.093241 0.272031 0.075741 0.375156 0.432593 0.279948 0.494907 0.224219 0.280926 0.180312 0.093241
1 0.454323 0.386389 0.377865 0.431759 0.342083 0.313704 0.273281 0.074815 0.349896 0.065370 0.430469 0.311296 0.437917 0.338519
1 0.436302 0.322222 0.352240 0.066759 0.416198 0.061667 0.418437 0.070093 0.450521 0.157685 0.497031 0.289630 0.499219 0.298981 0.516406 0.350463 0.456146 0.385370 0.435885 0.321574
1 0.352188 0.066204 0.352969 0.066481 0.352344 0.066574
1 0.417865 0.062593 0.470990 0.062593 0.565156 0.321852 0.517240 0.350833 0.492969 0.273333
1 0.474167 0.062963 0.476250 0.061667 0.516667 0.064722 0.605052 0.302222 0.567344 0.321759 0.473854 0.062315
1 0.520260 0.065093 0.555417 0.067130 0.621979 0.244907 0.625365 0.250463 0.627031 0.258333 0.636198 0.282778 0.605365 0.300000 0.519896 0.065093
1 0.558021 0.067315 0.587708 0.069352 0.662760 0.269259 0.637656 0.282963 0.557760 0.068241
1 0.588906 0.070000 0.615208 0.072593 0.683385 0.256759 0.663125 0.267963 0.589219 0.071019
1 0.616615 0.073426 0.638021 0.076481 0.701406 0.248981 0.684271 0.258148 0.616302 0.072870
1 0.638594 0.075463 0.658854 0.078519 0.717656 0.238889 0.701979 0.248981 0.639167 0.075926
1 0.707917 0.167222 0.709844 0.175833 0.713490 0.185648 0.714792 0.186296 0.717656 0.193611 0.717240 0.195833 0.723854 0.213704 0.726042 0.217222 0.730885 0.232778 0.724427 0.237685 0.718802 0.239259 0.717865 0.237407 0.660052 0.079167 0.675052 0.081852 0.706406 0.166574
1 0.707292 0.129167 0.720104 0.165556 0.721510 0.165833 0.721510 0.168333 0.725729 0.181204 0.742292 0.226944 0.740260 0.229167 0.731354 0.232593 0.676458 0.081389 0.690677 0.083981 0.706979 0.129167
1 0.704896 0.088519 0.753125 0.220370 0.743385 0.226481 0.692292 0.085370
1 0.705885 0.088519 0.715781 0.089352 0.762188 0.216852 0.754115 0.221852 0.705208 0.088519
1 0.753802 0.224907 0.762865 0.219352 0.804010 0.353056 0.797552 0.365741
1 0.744531 0.229537 0.753542 0.225278 0.797552 0.367407 0.790677 0.380463 0.743802 0.230370
1 0.731927 0.236389 0.743594 0.230000 0.790990 0.381204 0.783646 0.397407
1 0.720208 0.243796 0.732135 0.237407 0.783281 0.397778 0.774271 0.416389 0.719844 0.243796
1 0.705052 0.253519 0.719948 0.244537 0.773542 0.416204 0.763750 0.435556 0.705104 0.253611
1 0.703698 0.253981 0.763281 0.437037 0.750729 0.459630 0.685573 0.264167 0.703854 0.253704
1 0.749844 0.459444 0.735104 0.486944 0.665990 0.273333 0.684271 0.263148 0.749635 0.459074
1 0.664010 0.273796 0.734323 0.489444 0.715521 0.523426 0.639115 0.286759
1 0.607031 0.303704 0.637552 0.286481 0.714948 0.524444 0.692083 0.564815 0.607604 0.303889
1 0.568698 0.325926 0.606042 0.305278 0.691354 0.566481 0.662969 0.616111 0.568438 0.326019
1 0.520677 0.352130 0.521458 0.354352 0.519948 0.355278
1 0.566771 0.327500 0.661354 0.617315 0.626510 0.677870 0.521458 0.354352
1 0.518229 0.358519 0.624740 0.681574 0.578021 0.756296 0.459740 0.391481
1 0.456094 0.394259 0.576250 0.760463 0.515260 0.854074 0.380573 0.441481
1 0.282656 0.504722 0.375573 0.442685 0.512292 0.856204 0.434167 0.969815 0.364948 0.767778 0.318177 0.622593
1 0.166042 0.586852 0.278490 0.506852 0.431250 0.974074 0.410521 0.999352 0.297448 1.000000 0.164896 0.585741
1 0.000000 0.109444 0.014427 0.102130 0.060573 0.376759 0.113854 0.607222 0.000208 0.706111 0.000833 0.109444
1 0.000208 0.719074 0.117396 0.618056 0.243750 0.998796 0.057917 0.999815 0.000469 0.811481 0.000469 0.718889
1 0.000156 0.825741 0.052656 0.998796 0.000156 1.000000