0 0.350547 0.330972 0.317734 0.423889 0.306953 0.423056 0.338281 0.332778 0.350547 0.330278
0 0.330313 0.426111 0.317891 0.424861 0.351172 0.330278 0.365156 0.327917
0 0.380938 0.325139 0.344609 0.428333 0.331016 0.426806 0.365859 0.327222
0 0.398516 0.322639 0.360078 0.431111 0.344766 0.429167 0.381562 0.324722
0 0.418359 0.320278 0.377812 0.432361 0.360938 0.430833 0.398828 0.322917
0 0.439063 0.318194 0.397109 0.436528 0.378516 0.434167 0.418750 0.320556
0 0.463047 0.314583 0.420937 0.438889 0.398828 0.436528 0.440000 0.317639
0 0.491719 0.312222 0.446641 0.443750 0.421016 0.441667 0.464375 0.314861
0 0.523047 0.309028 0.475781 0.450000 0.447500 0.445694 0.492344 0.311806
0 0.559297 0.306250 0.509922 0.457778 0.477500 0.450972 0.524766 0.308750 0.559063 0.305972
0 0.598906 0.303472 0.549375 0.465694 0.511484 0.458611 0.560000 0.306528
0 0.643047 0.302778 0.594922 0.475000 0.551328 0.466389 0.600313 0.304306
0 0.693984 0.301667 0.646953 0.486944 0.596953 0.476111 0.645234 0.302361 0.694219 0.301250
0 0.749141 0.300556 0.706484 0.500278 0.648984 0.488056 0.695156 0.301250 0.748750 0.300139
0 0.644453 0.747083 0.586562 0.713750 0.647344 0.492639 0.705156 0.506111
0 0.595078 0.481111 0.645547 0.491944 0.584375 0.711806 0.535234 0.684722
0 0.549687 0.471389 0.593750 0.481667 0.532344 0.683472 0.491797 0.657778 0.549687 0.470139
0 0.509687 0.463750 0.547500 0.470139 0.489297 0.656528 0.454922 0.634583
0 0.474844 0.456111 0.508594 0.463194 0.453437 0.633472 0.423672 0.615833 0.474844 0.455694
0 0.445703 0.451250 0.474062 0.456250 0.422109 0.615139 0.395937 0.599444
0 0.419531 0.445972 0.444688 0.450833 0.395703 0.598194 0.372578 0.584306
0 0.418828 0.445000 0.372344 0.583472 0.352813 0.570000 0.396953 0.441944
0 0.395859 0.441667 0.351875 0.570694 0.335625 0.560139 0.376797 0.438333 0.396094 0.441667
0 0.360156 0.434028 0.376094 0.436667 0.334219 0.558750 0.320234 0.548611 0.359922 0.434028
0 0.343438 0.433194 0.358516 0.434861 0.319453 0.549028 0.306641 0.541111
0 0.329453 0.429861 0.342578 0.432361 0.305703 0.539722 0.294297 0.533056
0 0.328281 0.429861 0.293359 0.532222 0.283828 0.525417 0.316172 0.428194
0 0.305469 0.426528 0.316172 0.427778 0.282891 0.524583 0.273828 0.518611