0 0.015104 0.100185 0.061146 0.377500 0.113958 0.606296 0.000625 0.700278 0.000625 0.105926
0 0.000469 0.825000 0.053021 0.997963 0.000469 1.000000 0.000000 0.826296
0 0.000469 0.713889 0.116979 0.615370 0.243385 0.997963 0.057292 0.997963 0.000469 0.808611
0 0.078594 0.120833 0.178021 0.090556 0.226354 0.300185 0.277500 0.494630 0.164531 0.565278 0.114844 0.345648 0.076458 0.119630
0 0.180885 0.089259 0.270365 0.072870 0.374063 0.428981 0.278906 0.492130
0 0.274531 0.074537 0.349427 0.064444 0.454583 0.385185 0.377865 0.429352
0 0.352448 0.064167 0.416563 0.060741 0.515729 0.349167 0.457031 0.385185 0.352969 0.064167
0 0.564740 0.320463 0.518385 0.347593 0.419219 0.060000 0.471510 0.060833 0.563281 0.320463
0 0.473021 0.061759 0.517396 0.065278 0.603698 0.302037 0.567240 0.321296
0 0.519375 0.064630 0.554896 0.066389 0.597812 0.173426 0.636771 0.283056 0.606198 0.299722 0.565729 0.183889 0.518385 0.062963
0 0.587344 0.069815 0.625052 0.164167 0.661667 0.268333 0.637708 0.281667 0.594896 0.163519 0.556875 0.067407
0 0.589115 0.069907 0.615000 0.072870 0.655938 0.178148 0.683073 0.256852 0.662604 0.267407 0.632604 0.182778 0.606458 0.113056 0.588854 0.069907
0 0.616458 0.072407 0.638333 0.075370 0.702083 0.247500 0.683542 0.256852
0 0.658802 0.078796 0.717083 0.239907 0.702813 0.246667 0.639792 0.076296
0 0.659948 0.078796 0.675885 0.081296 0.729635 0.233148 0.717760 0.239074 0.659635 0.078796
0 0.691146 0.084259 0.742031 0.227222 0.730156 0.233611 0.677135 0.081852
0 0.704427 0.086852 0.752240 0.221296 0.742760 0.226759 0.691354 0.084259 0.704688 0.086852
0 0.760833 0.216667 0.752969 0.220833 0.705156 0.087222 0.716094 0.089352
0 0.762292 0.220000 0.804167 0.355278 0.797656 0.367963 0.753437 0.225556
0 0.753021 0.225185 0.797812 0.367222 0.790677 0.381296 0.743594 0.230463
0 0.742917 0.231204 0.790677 0.382037 0.782969 0.397500 0.732240 0.237407
0 0.719167 0.243889 0.731615 0.237500 0.783177 0.397222 0.773646 0.415185
0 0.718542 0.244630 0.747865 0.330926 0.772969 0.415463 0.762708 0.435370 0.732187 0.337037 0.704010 0.252037
0 0.703490 0.252778 0.734010 0.344167 0.762552 0.438519 0.749427 0.461019 0.722031 0.368611 0.686406 0.261759
0 0.663802 0.272685 0.684948 0.261019 0.718333 0.361019 0.749427 0.461481 0.734010 0.489907 0.698646 0.373148 0.664115 0.272685
0 0.639688 0.286574 0.664271 0.273333 0.733906 0.490000 0.715625 0.523981
0 0.607448 0.304259 0.638542 0.287037 0.715052 0.525556 0.692240 0.566759 0.607708 0.304444
0 0.569427 0.325741 0.606250 0.304444 0.691875 0.567315 0.663333 0.617593 0.569115 0.325093
0 0.520365 0.355000 0.567604 0.326481 0.662135 0.618056 0.626823 0.679444 0.520781 0.355741
0 0.458698 0.390093 0.517865 0.355000 0.625156 0.680185 0.577917 0.757870 0.458698 0.390278
0 0.380365 0.438796 0.455313 0.391389 0.576146 0.759722 0.514531 0.854352 0.378854 0.439630
0 0.282708 0.501574 0.283125 0.502870 0.282187 0.503426
0 0.375937 0.441204 0.512552 0.856667 0.434115 0.969815 0.283125 0.502870
0 0.277969 0.504167 0.431875 0.971204 0.409635 1.000000 0.296719 0.999259 0.164531 0.584630
1 0.241458 1.000000 0.209896 0.997870 0.207396 0.992593 0.193854 0.979167 0.193854 0.967593 0.192865 0.965833 0.186875 0.964074 0.173854 0.964074 0.170313 0.954259 0.172865 0.939167 0.166823 0.921389 0.162344 0.913333 0.162812 0.898241 0.161823 0.891944 0.160312 0.889352 0.153333 0.883981 0.152292 0.864352 0.148802 0.851944 0.140781 0.842130 0.131771 0.813611 0.130781 0.795833 0.128802 0.786019 0.126771 0.786019 0.122760 0.756667 0.119271 0.753981 0.111250 0.729074 0.113750 0.715741 0.103750 0.710370 0.101719 0.697037 0.102760 0.681019 0.100729 0.653426 0.101719 0.653426 0.110781 0.638333 0.121875 0.635093
1 0.019688 0.684444 0.026667 0.669815 0.030781 0.669815 0.032448 0.663981 0.037344 0.661019 0.037344 0.656667 0.044740 0.659630 0.048073 0.652315 0.051354 0.652315 0.085052 0.623056 0.097396 0.606204 0.101875 0.605556 0.108906 0.598981 0.101458 0.590926 0.094062 0.590926 0.092448 0.579167 0.091615 0.558056 0.088750 0.555833 0.085052 0.555833 0.080104 0.550000 0.081771 0.540463 0.081771 0.528056 0.080104 0.526574 0.079271 0.518519 0.076823 0.509074 0.075573 0.511944 0.070677 0.514907 0.070260 0.497407 0.071042 0.482037 0.070260 0.476944 0.068594 0.474722 0.068594 0.464444 0.071042 0.455000 0.071042 0.446204 0.067344 0.436759 0.067344 0.425741 0.065313 0.400926 0.115052 0.605556 0.018437 0.685926
1 0.076719 0.121296 0.176354 0.094167 0.212865 0.251111 0.248385 0.389630 0.276979 0.495741 0.164531 0.572870 0.132969 0.433519 0.095469 0.241481 0.077708 0.121296
1 0.179844 0.093241 0.272031 0.075741 0.375156 0.432593 0.279948 0.494907 0.224219 0.280926 0.180312 0.093241
1 0.351979 0.342593 0.358542 0.346944 0.372552 0.360093 0.386510 0.368889 0.393073 0.366667 0.398438 0.371852 0.407500 0.371852 0.433385 0.377685 0.441198 0.377685 0.441198 0.360833 0.437083 0.336019 0.454323 0.386389 0.377865 0.431759 0.351146 0.342593
1 0.273542 0.075648 0.290000 0.078704 0.299271 0.078056 0.309167 0.074444 0.312969 0.079907 0.315000 0.087222 0.315365 0.093241 0.326302 0.101852 0.330104 0.107870 0.332500 0.115185 0.344479 0.122500 0.347917 0.122500 0.350625 0.120648 0.351979 0.105463 0.354427 0.092685 0.354427 0.079259 0.430469 0.311296 0.429427 0.318611 0.422552 0.327130 0.410260 0.323426 0.395156 0.322222 0.391042 0.311296 0.384219 0.321667 0.376302 0.318611 0.367083 0.317407 0.364323 0.311852 0.359531 0.307593 0.349583 0.309444 0.342083 0.313704 0.273229 0.075000
1 0.436302 0.322222 0.449583 0.336019 0.459896 0.340556 0.470781 0.342315 0.476927 0.340185 0.482083 0.334907 0.493385 0.334907 0.496146 0.330741 0.490625 0.323333 0.491823 0.315926 0.495573 0.311667 0.495573 0.300370 0.499323 0.298981 0.516406 0.350463 0.456146 0.385370 0.435885 0.321574
1 0.352708 0.066759 0.365104 0.068426 0.372969 0.067593 0.384844 0.071852 0.386042 0.069722 0.386510 0.065926 0.395781 0.064630 0.400521 0.070185 0.404115 0.078611 0.411250 0.081944 0.416458 0.082407 0.417656 0.077778 0.418125 0.069259 0.450521 0.157685 0.497135 0.290000 0.494271 0.297685 0.493802 0.301852 0.494740 0.308611 0.492604 0.308241 0.489010 0.301481 0.481875 0.301852 0.478073 0.305278 0.473802 0.306574 0.469740 0.304444 0.466198 0.298519 0.454531 0.293426 0.435521 0.295926 0.430052 0.303148 0.352240 0.066759
1 0.417865 0.062593 0.470990 0.062593 0.565156 0.321852 0.517240 0.350833 0.500677 0.297037 0.510365 0.313796 0.518125 0.319815 0.522500 0.318426 0.530625 0.318704 0.536563 0.310648 0.543490 0.309537 0.553594 0.311019 0.550625 0.306389 0.548073 0.305000 0.538750 0.305000 0.531406 0.302130 0.531406 0.292685 0.519531 0.291204 0.508229 0.281019 0.497292 0.278519 0.493750 0.275556
1 0.474167 0.062963 0.476250 0.061667 0.516667 0.064722 0.605052 0.302222 0.567344 0.321759 0.559583 0.300093 0.560990 0.301204 0.564688 0.309259 0.568281 0.312315 0.570469 0.312593 0.574896 0.308889 0.576719 0.305278 0.580990 0.301019 0.584792 0.294722 0.585417 0.291759 0.590469 0.285000 0.591615 0.282315 0.591094 0.275556 0.587292 0.272222 0.579115 0.271667 0.577396 0.273981 0.577240 0.279537 0.573958 0.281481 0.569479 0.287315 0.560990 0.286944 0.559323 0.290278 0.558281 0.296481 0.473854 0.062315
1 0.520260 0.065093 0.555417 0.067130 0.636198 0.282778 0.605365 0.300000 0.519896 0.065093
1 0.601458 0.280370 0.601823 0.284537 0.604740 0.285370 0.606563 0.288611 0.608750 0.285185 0.611406 0.284907 0.611615 0.283611 0.614635 0.281944 0.618177 0.274167 0.620104 0.272315 0.620573 0.269907 0.622760 0.269259 0.622969 0.259537 0.621250 0.258981 0.620885 0.255926 0.617969 0.254167 0.616823 0.254907 0.616510 0.257963 0.615729 0.257963 0.615313 0.255278 0.614219 0.254444 0.613125 0.255278 0.612708 0.257778 0.611667 0.257778 0.607187 0.263981 0.602292 0.261574 0.601146 0.262500 0.600625 0.264722 0.603906 0.268889 0.604531 0.271574 0.601250 0.272315 0.600885 0.275185 0.601927 0.278796
1 0.606250 0.274722 0.609063 0.271574 0.611302 0.273519 0.606771 0.275648
1 0.608750 0.282407 0.610677 0.280093 0.613229 0.281389 0.609375 0.283519 0.608750 0.282500
1 0.613906 0.279352 0.615156 0.276574 0.615677 0.277500 0.614427 0.280278
1 0.558021 0.067315 0.587708 0.069352 0.662760 0.269259 0.637656 0.282963 0.557760 0.068241
1 0.637917 0.278611 0.644219 0.272407 0.646458 0.263889 0.650208 0.257222 0.648958 0.254907 0.650052 0.253889 0.651198 0.254630 0.651927 0.251759 0.651458 0.248796 0.643177 0.247778 0.641667 0.249815 0.641771 0.256111 0.640781 0.255556 0.639427 0.256944 0.633802 0.265185 0.634323 0.272130 0.636354 0.276204
1 0.645156 0.249259 0.646354 0.248148 0.648333 0.250093 0.647813 0.251204 0.645677 0.250185
1 0.646510 0.252222 0.647448 0.251759 0.648385 0.254630 0.647552 0.257500 0.645990 0.256019 0.647135 0.254259 0.646510 0.252315
1 0.636302 0.262870 0.638542 0.260741 0.640521 0.261667 0.636823 0.263796
1 0.588906 0.070000 0.615208 0.072593 0.683385 0.256759 0.663125 0.267963 0.589219 0.071019
1 0.659115 0.251111 0.660833 0.257130 0.664792 0.259074 0.668385 0.255833 0.670677 0.250741 0.675312 0.252500 0.676875 0.249722 0.676406 0.245833 0.673802 0.238519 0.672708 0.237685 0.671042 0.238611 0.670938 0.241111 0.665208 0.243148 0.662396 0.247870 0.660208 0.248519
1 0.672240 0.244907 0.671563 0.246574 0.670312 0.245463 0.670625 0.243333 0.671771 0.242778 0.672240 0.244815
1 0.616615 0.073426 0.638021 0.076481 0.701406 0.248981 0.684271 0.258148 0.616302 0.072870
1 0.691823 0.226111 0.690990 0.222963 0.689010 0.222130 0.687917 0.222963 0.687135 0.229630 0.680000 0.231111 0.679740 0.234815 0.681979 0.236852 0.683125 0.240093 0.686823 0.242963 0.690729 0.237778 0.692083 0.231667 0.691823 0.226296
1 0.638594 0.075463 0.658854 0.078519 0.717656 0.238889 0.701979 0.248981 0.639167 0.075926
1 0.707917 0.167222 0.709844 0.175833 0.713490 0.185648 0.714792 0.186296 0.717656 0.193611 0.717240 0.195833 0.723854 0.213704 0.726042 0.217222 0.730885 0.232778 0.724427 0.237685 0.718802 0.239259 0.717865 0.237407 0.660052 0.079167 0.675052 0.081852 0.706406 0.166574
1 0.707292 0.129167 0.720104 0.165556 0.721510 0.165833 0.721510 0.168333 0.725729 0.181204 0.742292 0.226944 0.740260 0.229167 0.731354 0.232593 0.676458 0.081389 0.690677 0.083981 0.706979 0.129167
1 0.704896 0.088519 0.753125 0.220370 0.743385 0.226481 0.692292 0.085370
1 0.705885 0.088519 0.715781 0.089352 0.762188 0.216852 0.754115 0.221852 0.705208 0.088519
1 0.753802 0.224907 0.762865 0.219352 0.804010 0.353056 0.797552 0.365741
1 0.744531 0.229537 0.753542 0.225278 0.797552 0.367407 0.790677 0.380463 0.743802 0.230370
1 0.731927 0.236389 0.743594 0.230000 0.790990 0.381204 0.783646 0.397407
1 0.720208 0.243796 0.732135 0.237407 0.783281 0.397778 0.774271 0.416389 0.719844 0.243796
1 0.705052 0.253519 0.719948 0.244537 0.773542 0.416204 0.763750 0.435556 0.705104 0.253611
1 0.703698 0.253981 0.763281 0.437037 0.750729 0.459630 0.685573 0.264167 0.703854 0.253704
1 0.749844 0.459444 0.735104 0.486944 0.665990 0.273333 0.684271 0.263148 0.749635 0.459074
1 0.664010 0.273796 0.734323 0.489444 0.715521 0.523426 0.639115 0.286759
1 0.607031 0.303704 0.637552 0.286481 0.714948 0.524444 0.692083 0.564815 0.607604 0.303889
1 0.568698 0.325926 0.606042 0.305278 0.691354 0.566481 0.662969 0.616111 0.568438 0.326019
1 0.520677 0.352130 0.521458 0.354352 0.519948 0.355278
1 0.566771 0.327500 0.661354 0.617315 0.626510 0.677870 0.521458 0.354352
1 0.518229 0.358519 0.624740 0.681574 0.578021 0.756296 0.459740 0.391481
1 0.456094 0.394259 0.576250 0.760463 0.515260 0.854074 0.380573 0.441481
1 0.282656 0.504722 0.375573 0.442685 0.512292 0.856204 0.434167 0.969815 0.364948 0.767778 0.318177 0.622593
1 0.166042 0.586852 0.278490 0.506852 0.431250 0.974074 0.410521 0.999352 0.297448 1.000000 0.164896 0.585741