0 0.327422 0.335000 0.337969 0.333194 0.306094 0.423333 0.295781 0.421528 0.327422 0.334028
0 0.350547 0.330972 0.317734 0.423889 0.306953 0.423056 0.338281 0.332778 0.350547 0.330278
0 0.330313 0.426111 0.317891 0.424861 0.351172 0.330278 0.365156 0.327917
0 0.380938 0.325139 0.344609 0.428333 0.331016 0.426806 0.365859 0.327222
0 0.398516 0.322639 0.360078 0.431111 0.344766 0.429167 0.381562 0.324722
0 0.418359 0.320278 0.377812 0.432361 0.360938 0.430833 0.398828 0.322917
0 0.439063 0.318194 0.397109 0.436528 0.378516 0.434167 0.418750 0.320556
0 0.463047 0.314583 0.420937 0.438889 0.398828 0.436528 0.440000 0.317639
0 0.491719 0.312222 0.446641 0.443750 0.421016 0.441667 0.464375 0.314861
0 0.523047 0.309028 0.475781 0.450000 0.447500 0.445694 0.492344 0.311806
0 0.559297 0.306250 0.509922 0.457778 0.477500 0.450972 0.524766 0.308750 0.559063 0.305972
0 0.598906 0.303472 0.549375 0.465694 0.511484 0.458611 0.560000 0.306528
0 0.643047 0.302778 0.594922 0.475000 0.551328 0.466389 0.600313 0.304306
0 0.693984 0.301667 0.646953 0.486944 0.596953 0.476111 0.645234 0.302361 0.694219 0.301250
0 0.749141 0.300556 0.706484 0.500278 0.648984 0.488056 0.695156 0.301250 0.748750 0.300139
0 0.644453 0.747083 0.586562 0.713750 0.647344 0.492639 0.705156 0.506111
0 0.595078 0.481111 0.645547 0.491944 0.584375 0.711806 0.535234 0.684722
0 0.549687 0.471389 0.593750 0.481667 0.532344 0.683472 0.491797 0.657778 0.549687 0.470139
0 0.509687 0.463750 0.547500 0.470139 0.489297 0.656528 0.454922 0.634583
0 0.474844 0.456111 0.508594 0.463194 0.453437 0.633472 0.423672 0.615833 0.474844 0.455694
0 0.445703 0.451250 0.474062 0.456250 0.422109 0.615139 0.395937 0.599444
0 0.419531 0.445972 0.444688 0.450833 0.395703 0.598194 0.372578 0.584306
0 0.418828 0.445000 0.372344 0.583472 0.352813 0.570000 0.396953 0.441944
0 0.395859 0.441667 0.351875 0.570694 0.335625 0.560139 0.376797 0.438333 0.396094 0.441667
0 0.360156 0.434028 0.376094 0.436667 0.334219 0.558750 0.320234 0.548611 0.359922 0.434028
0 0.343438 0.433194 0.358516 0.434861 0.319453 0.549028 0.306641 0.541111
0 0.329453 0.429861 0.342578 0.432361 0.305703 0.539722 0.294297 0.533056
0 0.328281 0.429861 0.293359 0.532222 0.283828 0.525417 0.316172 0.428194
0 0.305469 0.426528 0.316172 0.427778 0.282891 0.524583 0.273828 0.518611
0 0.304063 0.426944 0.272891 0.519028 0.263594 0.514028 0.294922 0.424861
1 0.671641 0.461250 0.673203 0.464722 0.671641 0.468472 0.664766 0.475000 0.664531 0.485139 0.662969 0.487917 0.652734 0.487222 0.650312 0.484167 0.650312 0.480417 0.652656 0.474167 0.656406 0.470694 0.663125 0.470000 0.670078 0.463750
1 0.644297 0.471250 0.643437 0.475278 0.641172 0.476806 0.637266 0.474583 0.630938 0.476111 0.628516 0.474167 0.627422 0.469861 0.628281 0.465139 0.630547 0.463611 0.638750 0.463611 0.643203 0.467083
1 0.604219 0.454722 0.606484 0.456528 0.617344 0.451111 0.619531 0.452778 0.622969 0.467639 0.618203 0.475417 0.605859 0.477639 0.597891 0.475972 0.596953 0.472083 0.597656 0.468472 0.599453 0.466528 0.601172 0.456389 0.603984 0.454722
1 0.650391 0.470972 0.650078 0.479583 0.648125 0.485000 0.646797 0.479583 0.647109 0.469444 0.651016 0.458889 0.651797 0.466944 0.650391 0.470833
1 0.611875 0.401389 0.614219 0.397222 0.615859 0.398472 0.616563 0.404444 0.614687 0.412361 0.611328 0.418472 0.610547 0.429583 0.600859 0.448333 0.598281 0.466528 0.596172 0.468472 0.593594 0.464583 0.590234 0.469583 0.578203 0.470000 0.575859 0.465694 0.562266 0.469028 0.552891 0.464306 0.552891 0.454306 0.556172 0.451111 0.562812 0.438889 0.565156 0.443056 0.565469 0.450556 0.568203 0.441528 0.568828 0.431944 0.577109 0.421111 0.580156 0.423333 0.580859 0.427778 0.579609 0.437361 0.576719 0.438056 0.575156 0.445417 0.580156 0.450278 0.580859 0.453194 0.579063 0.458611 0.582422 0.452917 0.584219 0.453889 0.587109 0.448889 0.593906 0.443889 0.597344 0.448333 0.598828 0.447222 0.600625 0.437778 0.605859 0.427639 0.606797 0.415278 0.610625 0.408333 0.611875 0.401667
1 0.477500 0.448056 0.479531 0.438194 0.481953 0.435972 0.481953 0.430139 0.485000 0.424722 0.486875 0.425833 0.487578 0.432083 0.491484 0.425139 0.495234 0.422083 0.497578 0.426250 0.497578 0.433194 0.500078 0.432778 0.502656 0.435278 0.510234 0.431250 0.511797 0.433611 0.519531 0.421667 0.521875 0.425833 0.510234 0.457639 0.478203 0.451111
1 0.464766 0.413472 0.467109 0.417639 0.463594 0.422917 0.464219 0.431806 0.463203 0.435278 0.455859 0.443194 0.447656 0.442917 0.447422 0.434583 0.453828 0.420556 0.457813 0.420000 0.464609 0.413472
1 0.464141 0.440972 0.467578 0.435278 0.469922 0.439444 0.468125 0.443889 0.464766 0.443889
1 0.476406 0.431806 0.478750 0.435972 0.477266 0.439861 0.473281 0.445139 0.471641 0.443889 0.470937 0.440556 0.472109 0.436944 0.476328 0.431806
1 0.430312 0.436389 0.427969 0.440556 0.424609 0.436944 0.424609 0.426389 0.427891 0.426389 0.429453 0.433194
1 0.398516 0.490278 0.399219 0.487222 0.402500 0.487222 0.402500 0.493194 0.399219 0.493194
1 0.387656 0.528333 0.388359 0.531389 0.385937 0.540833 0.381172 0.540833 0.381172 0.535972 0.385781 0.533056 0.387109 0.528611
1 0.360156 0.556389 0.361797 0.556667 0.360234 0.559444 0.358828 0.570278 0.356563 0.572083 0.354219 0.567917 0.359453 0.557222
1 0.363984 0.569861 0.366328 0.574028 0.363984 0.578194 0.359531 0.576389 0.359531 0.570556 0.361172 0.569306 0.363203 0.571250
1 0.369062 0.572500 0.371406 0.568333 0.373125 0.569444 0.373125 0.575417 0.369766 0.575417
1 0.399609 0.434444 0.401953 0.430278 0.404297 0.434444 0.401953 0.438611 0.400312 0.437361
1 0.412578 0.388472 0.414141 0.392222 0.410234 0.399167 0.408672 0.394306 0.411328 0.389583
1 0.379297 0.425278 0.387969 0.406250 0.389531 0.409028 0.390703 0.419722 0.380859 0.428056
1 0.375156 0.387778 0.376719 0.392639 0.370703 0.410139 0.372969 0.412917 0.371094 0.421389 0.362344 0.430972 0.361563 0.429306 0.371016 0.399028
1 0.347812 0.475000 0.340938 0.495278 0.339844 0.492917 0.336406 0.514861 0.333594 0.519444 0.335859 0.530139 0.338125 0.521111 0.341016 0.525556 0.336250 0.533750 0.335469 0.538194 0.337266 0.533333 0.339297 0.532917 0.340000 0.529306 0.340703 0.532083 0.335469 0.549722 0.332813 0.550694 0.321484 0.547361 0.345781 0.471806
1 0.358984 0.432500 0.319219 0.546667 0.307812 0.538194 0.337109 0.448194 0.337891 0.449306 0.341328 0.439861 0.342813 0.439306 0.338672 0.451667 0.335391 0.455139 0.335547 0.458750 0.333359 0.464444 0.342187 0.447222 0.344141 0.448750 0.348750 0.436944 0.350703 0.434583 0.356016 0.434306
1 0.319219 0.430694 0.328125 0.429167 0.293672 0.530694 0.282969 0.525139 0.315859 0.428472
1 0.328125 0.434444 0.330313 0.440833 0.328906 0.445833 0.332656 0.446111 0.324531 0.466944 0.315078 0.472222 0.302500 0.510833 0.305156 0.508472 0.305156 0.518750 0.307109 0.516111 0.305156 0.513472 0.307109 0.509306 0.308672 0.512083 0.308047 0.514861 0.309297 0.513194 0.308516 0.509306 0.313828 0.494444 0.315391 0.497222 0.315000 0.502500 0.312188 0.508472 0.312891 0.509861 0.334453 0.452500 0.314844 0.513472 0.305703 0.537083 0.304531 0.537778 0.303750 0.533889 0.294219 0.531111 0.328359 0.428889
1 0.309766 0.513333 0.310312 0.517361 0.311563 0.513750 0.310156 0.512500
1 0.275156 0.515000 0.286250 0.478056 0.293672 0.462778 0.282344 0.496528 0.279687 0.511667 0.276719 0.517778
1 0.290234 0.502778 0.283203 0.521250 0.285000 0.510972 0.287109 0.508611 0.289297 0.500833
1 0.298516 0.432361 0.293906 0.447083 0.292422 0.444444 0.293281 0.439167 0.297266 0.430139
1 0.267031 0.504722 0.270781 0.500278 0.273438 0.503472 0.275781 0.498611 0.277344 0.501389 0.276484 0.505972 0.277578 0.508611 0.273516 0.516389 0.268828 0.511250 0.267031 0.505000
1 0.379531 0.372361 0.374844 0.384028 0.362656 0.425278 0.360781 0.427917 0.359453 0.423611 0.355156 0.428611 0.352891 0.424167 0.355547 0.418194 0.348047 0.428750 0.346484 0.425972 0.353984 0.407917 0.356797 0.413194 0.360312 0.410833 0.361875 0.413611 0.359922 0.422778 0.365078 0.412917 0.365156 0.408750 0.366797 0.405972 0.365703 0.403333 0.370156 0.391944 0.371641 0.382917 0.376094 0.378750 0.378750 0.370972
1 0.355938 0.408611 0.361172 0.396111 0.362734 0.398889 0.361250 0.407778 0.357500 0.411389
1 0.347422 0.392361 0.348984 0.395139 0.345781 0.405833 0.338594 0.416944 0.338984 0.418889 0.336562 0.423611 0.332656 0.426111 0.331094 0.423333 0.335547 0.411111 0.337109 0.408333 0.338359 0.409444 0.345000 0.394583 0.346953 0.393333
1 0.338125 0.380139 0.339688 0.382917 0.337266 0.388472 0.338359 0.391111 0.337266 0.395417 0.340469 0.388194 0.342031 0.390972 0.329922 0.424444 0.318750 0.425278 0.317188 0.422500 0.325781 0.401250 0.326641 0.402639 0.328906 0.400417 0.336719 0.382639
1 0.325625 0.416250 0.328125 0.408194 0.327188 0.405139
1 0.334063 0.400278 0.333516 0.396806 0.330469 0.404444
1 0.318984 0.404861 0.320547 0.407639 0.316641 0.414861 0.318906 0.417500 0.318672 0.420972 0.316484 0.423889 0.311406 0.423889 0.307812 0.418194 0.311953 0.404722 0.314297 0.402222 0.316641 0.408056
1 0.300391 0.408056 0.301797 0.412361 0.298359 0.420694 0.296797 0.417778 0.298906 0.409861
1 0.301719 0.416250 0.303281 0.413472 0.304844 0.416250 0.303281 0.422222 0.300625 0.419444 0.301719 0.416389
1 0.497500 0.662500 0.492500 0.657222 0.491172 0.653333 0.496563 0.637917 0.498359 0.640694 0.499062 0.655556 0.501016 0.660556 0.499453 0.663750 0.497813 0.662361