0 0.327422 0.335000 0.337969 0.333194 0.306094 0.423333 0.295781 0.421528 0.327422 0.334028
0 0.350547 0.330972 0.317734 0.423889 0.306953 0.423056 0.338281 0.332778 0.350547 0.330278
0 0.330313 0.426111 0.317891 0.424861 0.351172 0.330278 0.365156 0.327917
0 0.380938 0.325139 0.344609 0.428333 0.331016 0.426806 0.365859 0.327222
0 0.398516 0.322639 0.360078 0.431111 0.344766 0.429167 0.381562 0.324722
0 0.418359 0.320278 0.377812 0.432361 0.360938 0.430833 0.398828 0.322917
0 0.439063 0.318194 0.397109 0.436528 0.378516 0.434167 0.418750 0.320556
0 0.463047 0.314583 0.420937 0.438889 0.398828 0.436528 0.440000 0.317639
0 0.491719 0.312222 0.446641 0.443750 0.421016 0.441667 0.464375 0.314861
0 0.523047 0.309028 0.475781 0.450000 0.447500 0.445694 0.492344 0.311806
0 0.559297 0.306250 0.509922 0.457778 0.477500 0.450972 0.524766 0.308750 0.559063 0.305972
0 0.598906 0.303472 0.549375 0.465694 0.511484 0.458611 0.560000 0.306528
0 0.643047 0.302778 0.594922 0.475000 0.551328 0.466389 0.600313 0.304306
0 0.693984 0.301667 0.646953 0.486944 0.596953 0.476111 0.645234 0.302361 0.694219 0.301250
0 0.749141 0.300556 0.706484 0.500278 0.648984 0.488056 0.695156 0.301250 0.748750 0.300139
0 0.644453 0.747083 0.586562 0.713750 0.647344 0.492639 0.705156 0.506111
0 0.595078 0.481111 0.645547 0.491944 0.584375 0.711806 0.535234 0.684722
0 0.549687 0.471389 0.593750 0.481667 0.532344 0.683472 0.491797 0.657778 0.549687 0.470139
0 0.509687 0.463750 0.547500 0.470139 0.489297 0.656528 0.454922 0.634583
0 0.474844 0.456111 0.508594 0.463194 0.453437 0.633472 0.423672 0.615833 0.474844 0.455694
0 0.445703 0.451250 0.474062 0.456250 0.422109 0.615139 0.395937 0.599444
0 0.419531 0.445972 0.444688 0.450833 0.395703 0.598194 0.372578 0.584306
0 0.418828 0.445000 0.372344 0.583472 0.352813 0.570000 0.396953 0.441944
0 0.395859 0.441667 0.351875 0.570694 0.335625 0.560139 0.376797 0.438333 0.396094 0.441667
0 0.360156 0.434028 0.376094 0.436667 0.334219 0.558750 0.320234 0.548611 0.359922 0.434028
0 0.343438 0.433194 0.358516 0.434861 0.319453 0.549028 0.306641 0.541111
0 0.329453 0.429861 0.342578 0.432361 0.305703 0.539722 0.294297 0.533056
0 0.328281 0.429861 0.293359 0.532222 0.283828 0.525417 0.316172 0.428194
0 0.305469 0.426528 0.316172 0.427778 0.282891 0.524583 0.273828 0.518611
0 0.304063 0.426944 0.272891 0.519028 0.263594 0.514028 0.294922 0.424861
1 0.311875 0.404583 0.303594 0.424028 0.302031 0.421389 0.297969 0.421389 0.327734 0.338194 0.335156 0.337917 0.311875 0.404444
1 0.309766 0.416111 0.339141 0.336667 0.348047 0.334444 0.323906 0.401111 0.323984 0.407222 0.320078 0.411528 0.315469 0.422778 0.308438 0.421111 0.310000 0.416806
1 0.374453 0.330694 0.376328 0.331389 0.376797 0.334861 0.375625 0.342083 0.372578 0.343333 0.370391 0.349722 0.370859 0.355972 0.368281 0.355972 0.344141 0.425000 0.332734 0.424722 0.364766 0.334306 0.374219 0.330694
1 0.349688 0.370000 0.330078 0.422361 0.321016 0.422639 0.352891 0.333333 0.360156 0.334306 0.362500 0.332222 0.349688 0.367778
1 0.388125 0.356806 0.399688 0.326806 0.415000 0.324583 0.377266 0.431111 0.362969 0.430556 0.387969 0.357083
1 0.288594 0.452917 0.290156 0.450139 0.291719 0.452917 0.290156 0.455694
1 0.288125 0.460694 0.292578 0.455417 0.294141 0.458194 0.288906 0.466944 0.286875 0.464167 0.288516 0.461389
1 0.266562 0.508194 0.268906 0.503611 0.270469 0.506389 0.268125 0.510972
1 0.269766 0.513472 0.273516 0.508889 0.275078 0.511667 0.274219 0.515000 0.271328 0.516250
1 0.274453 0.503750 0.280156 0.490139 0.281719 0.492917 0.281250 0.495139 0.276016 0.506528
1 0.271250 0.497361 0.272734 0.489583 0.274219 0.487917 0.275625 0.491944 0.272813 0.500139
1 0.282266 0.464583 0.285078 0.457500 0.286562 0.461528 0.283828 0.467361
1 0.301172 0.451944 0.302734 0.449167 0.305156 0.449306 0.306719 0.452083 0.304922 0.456944 0.302734 0.454722
1 0.302891 0.457639 0.304453 0.460417 0.300547 0.466667 0.298984 0.463889 0.301563 0.460000
1 0.296719 0.457222 0.299453 0.453194 0.301016 0.455972 0.298281 0.460000
1 0.294219 0.467778 0.295781 0.465000 0.299141 0.474722 0.298203 0.477361 0.295156 0.477917 0.291406 0.492917 0.287266 0.493056 0.288125 0.495556 0.284375 0.506944 0.282813 0.503472 0.284375 0.496250 0.286797 0.492778 0.285391 0.490278 0.287109 0.483472 0.294219 0.472361 0.294531 0.468472
1 0.278359 0.509028 0.279922 0.506250 0.281484 0.509028 0.279922 0.511806
1 0.315078 0.456667 0.316641 0.453889 0.318203 0.456667 0.316641 0.459444
1 0.311953 0.442917 0.313516 0.440139 0.315078 0.442917 0.313516 0.445694
1 0.309609 0.463889 0.311719 0.463611 0.313281 0.466389 0.310937 0.468889 0.304766 0.483472 0.307734 0.486667 0.304531 0.490556 0.301016 0.488750 0.300547 0.484167 0.298594 0.481389 0.299297 0.477639 0.301953 0.473611 0.304219 0.476389 0.308047 0.466528
1 0.294844 0.501944 0.296406 0.499167 0.297969 0.501944 0.296406 0.504722
1 0.298047 0.506250 0.299609 0.503472 0.301172 0.506250 0.299609 0.509028
1 0.295312 0.491667 0.296875 0.488889 0.298438 0.491667 0.296875 0.494444
1 0.303594 0.492500 0.305312 0.495556 0.301797 0.504444 0.300234 0.500139 0.302109 0.494583
1 0.306562 0.525694 0.318906 0.483611 0.323672 0.475972 0.325234 0.478750 0.324688 0.480833 0.321953 0.485417 0.310625 0.525694 0.308125 0.528472
1 0.339062 0.433333 0.340625 0.436111 0.337734 0.447361 0.326172 0.476250 0.324609 0.473472 0.325156 0.471389 0.333047 0.451111 0.337891 0.434306
1 0.354063 0.442361 0.318203 0.544167 0.307656 0.540278 0.344375 0.437083 0.355859 0.437361
1 0.394141 0.328056 0.359219 0.428611 0.348203 0.426250 0.381406 0.328750
1 0.418828 0.324306 0.435859 0.322917 0.396406 0.434722 0.380859 0.433472 0.419141 0.324306
1 0.419375 0.438611 0.401172 0.436389 0.441953 0.321111 0.460156 0.318889