0 0.015104 0.100185 0.061146 0.377500 0.113958 0.606296 0.000625 0.700278 0.000625 0.105926
0 0.000469 0.825000 0.053021 0.997963 0.000469 1.000000 0.000000 0.826296
0 0.000469 0.713889 0.116979 0.615370 0.243385 0.997963 0.057292 0.997963 0.000469 0.808611
0 0.078594 0.120833 0.178021 0.090556 0.226354 0.300185 0.277500 0.494630 0.164531 0.565278 0.114844 0.345648 0.076458 0.119630
0 0.180885 0.089259 0.270365 0.072870 0.374063 0.428981 0.278906 0.492130
0 0.274531 0.074537 0.349427 0.064444 0.454583 0.385185 0.377865 0.429352
0 0.352448 0.064167 0.416563 0.060741 0.515729 0.349167 0.457031 0.385185 0.352969 0.064167
0 0.564740 0.320463 0.518385 0.347593 0.419219 0.060000 0.471510 0.060833 0.563281 0.320463
0 0.473021 0.061759 0.517396 0.065278 0.603698 0.302037 0.567240 0.321296
0 0.519375 0.064630 0.554896 0.066389 0.597812 0.173426 0.636771 0.283056 0.606198 0.299722 0.565729 0.183889 0.518385 0.062963
0 0.587344 0.069815 0.625052 0.164167 0.661667 0.268333 0.637708 0.281667 0.594896 0.163519 0.556875 0.067407
0 0.589115 0.069907 0.615000 0.072870 0.655938 0.178148 0.683073 0.256852 0.662604 0.267407 0.632604 0.182778 0.606458 0.113056 0.588854 0.069907
0 0.616458 0.072407 0.638333 0.075370 0.702083 0.247500 0.683542 0.256852
0 0.658802 0.078796 0.717083 0.239907 0.702813 0.246667 0.639792 0.076296
0 0.659948 0.078796 0.675885 0.081296 0.729635 0.233148 0.717760 0.239074 0.659635 0.078796
0 0.691146 0.084259 0.742031 0.227222 0.730156 0.233611 0.677135 0.081852
0 0.704427 0.086852 0.752240 0.221296 0.742760 0.226759 0.691354 0.084259 0.704688 0.086852
0 0.760833 0.216667 0.752969 0.220833 0.705156 0.087222 0.716094 0.089352
0 0.762292 0.220000 0.804167 0.355278 0.797656 0.367963 0.753437 0.225556
0 0.753021 0.225185 0.797812 0.367222 0.790677 0.381296 0.743594 0.230463
0 0.742917 0.231204 0.790677 0.382037 0.782969 0.397500 0.732240 0.237407
0 0.719167 0.243889 0.731615 0.237500 0.783177 0.397222 0.773646 0.415185
0 0.718542 0.244630 0.747865 0.330926 0.772969 0.415463 0.762708 0.435370 0.732187 0.337037 0.704010 0.252037
0 0.703490 0.252778 0.734010 0.344167 0.762552 0.438519 0.749427 0.461019 0.722031 0.368611 0.686406 0.261759
0 0.663802 0.272685 0.684948 0.261019 0.718333 0.361019 0.749427 0.461481 0.734010 0.489907 0.698646 0.373148 0.664115 0.272685
0 0.639688 0.286574 0.664271 0.273333 0.733906 0.490000 0.715625 0.523981
0 0.607448 0.304259 0.638542 0.287037 0.715052 0.525556 0.692240 0.566759 0.607708 0.304444
0 0.569427 0.325741 0.606250 0.304444 0.691875 0.567315 0.663333 0.617593 0.569115 0.325093
0 0.520365 0.355000 0.567604 0.326481 0.662135 0.618056 0.626823 0.679444 0.520781 0.355741
0 0.458698 0.390093 0.517865 0.355000 0.625156 0.680185 0.577917 0.757870 0.458698 0.390278
0 0.380365 0.438796 0.455313 0.391389 0.576146 0.759722 0.514531 0.854352 0.378854 0.439630
0 0.282708 0.501574 0.283125 0.502870 0.282187 0.503426
0 0.375937 0.441204 0.512552 0.856667 0.434115 0.969815 0.283125 0.502870
0 0.277969 0.504167 0.431875 0.971204 0.409635 1.000000 0.296719 0.999259 0.164531 0.584630
1 0.000208 0.105000 0.000208 0.107130 0.000000 0.107500
1 0.014375 0.099907 0.054896 0.349907 0.112396 0.605000 0.000000 0.700926 0.000208 0.107130
1 0.077604 0.117593 0.077813 0.118611 0.076875 0.118889
1 0.177760 0.092315 0.273646 0.496389 0.163542 0.572130 0.077813 0.118611
1 0.181094 0.090926 0.271667 0.074074 0.326667 0.269815 0.375208 0.432870 0.279948 0.493889 0.223698 0.271852 0.181667 0.090926
1 0.349687 0.065278 0.453229 0.385370 0.377760 0.431852 0.273958 0.073148
1 0.416510 0.062037 0.515573 0.348519 0.458073 0.382870 0.353281 0.065000
1 0.419531 0.062407 0.471250 0.061852 0.564740 0.321204 0.518177 0.347407 0.465417 0.190278 0.419844 0.062407
1 0.517500 0.063611 0.564740 0.185463 0.603802 0.298056 0.566823 0.318241 0.525729 0.197593 0.474479 0.061852
1 0.556927 0.067963 0.597708 0.171481 0.636094 0.282963 0.606250 0.299352 0.564479 0.178796 0.520677 0.065556
1 0.557813 0.066944 0.588281 0.069537 0.626563 0.167593 0.662500 0.269074 0.637969 0.281759 0.597083 0.165926 0.558073 0.067778
1 0.589688 0.069815 0.615104 0.072778 0.652760 0.169352 0.683333 0.256944 0.663021 0.266852 0.636250 0.191759
1 0.638385 0.076019 0.702396 0.247685 0.685260 0.256574 0.616719 0.073426 0.638854 0.076019
1 0.658750 0.079444 0.716771 0.239630 0.702969 0.245926 0.640833 0.077500
1 0.676354 0.082685 0.730469 0.233148 0.718177 0.239167 0.661094 0.080556 0.676510 0.082315
1 0.691771 0.084444 0.742396 0.226759 0.731458 0.232778 0.677969 0.082685
1 0.704531 0.087222 0.752292 0.221481 0.742760 0.225741 0.692604 0.085093 0.704323 0.086852
1 0.716094 0.089722 0.761875 0.217130 0.753437 0.221574 0.705208 0.087685 0.715781 0.089722
1 0.762604 0.221389 0.804010 0.354907 0.798490 0.365741 0.755521 0.225370
1 0.754479 0.225926 0.798333 0.365741 0.791302 0.380370 0.745000 0.231111
1 0.783750 0.394444 0.733438 0.237963 0.743698 0.231667 0.790885 0.380741 0.783750 0.395185
1 0.720156 0.245000 0.732240 0.237593 0.783177 0.396574 0.774427 0.414537 0.719948 0.245000
1 0.719583 0.245000 0.773958 0.414815 0.763750 0.435093 0.705052 0.252593
1 0.704010 0.252778 0.763021 0.435833 0.750156 0.459815 0.687083 0.261944
1 0.664583 0.273241 0.685260 0.261759 0.749479 0.460278 0.734948 0.487778 0.701146 0.378704
1 0.640469 0.287315 0.664740 0.272963 0.702813 0.386667 0.734896 0.487778 0.716406 0.524259 0.669479 0.375093 0.639740 0.286389
1 0.609219 0.305278 0.638906 0.288981 0.679115 0.409259 0.714844 0.525000 0.691979 0.565833 0.661146 0.463333 0.608906 0.305278
1 0.569583 0.326852 0.606979 0.305648 0.646458 0.422593 0.691667 0.565741 0.663698 0.615463 0.624271 0.486852
1 0.520990 0.354722 0.567604 0.327315 0.614844 0.468056 0.662135 0.618426 0.627188 0.678704 0.567917 0.495463 0.520677 0.355370
1 0.459010 0.390741 0.517604 0.356019 0.624792 0.681759 0.578542 0.757315 0.458646 0.390093
1 0.381250 0.440648 0.454740 0.392500 0.576562 0.760741 0.515417 0.854537
1 0.282813 0.502963 0.375521 0.442407 0.510781 0.854537 0.434948 0.967593 0.281927 0.502130
1 0.164427 0.585648 0.277865 0.503796 0.349010 0.733796 0.432031 0.971296 0.422708 0.984537 0.420521 0.978611 0.417240 0.974630 0.410156 0.969722 0.401302 0.949722 0.398229 0.946111 0.392708 0.933241 0.386458 0.930093 0.380833 0.933056 0.368385 0.944907 0.357344 0.962130 0.336927 0.984167 0.332448 0.992130 0.329740 0.999537 0.295573 0.999352 0.164167 0.585185
1 0.000000 0.717222 0.117813 0.614259 0.243594 0.998333 0.057135 1.000000 0.000000 0.810648 0.000000 0.715926
1 0.000000 0.822685 0.052813 0.998056 0.000208 0.998796 0.000000 0.823426