0 0.322109 0.570139 0.369766 0.576806 0.329766 0.649028 0.278828 0.636667
0 0.371953 0.577500 0.424141 0.584306 0.389062 0.659722 0.331797 0.649583
0 0.277891 0.637500 0.328594 0.649583 0.279844 0.742222 0.224766 0.725000
0 0.498359 0.674861 0.467344 0.780139 0.395313 0.765694 0.434531 0.665833 0.498516 0.674583
0 0.501641 0.676389 0.565937 0.682917 0.546172 0.792778 0.470703 0.780694 0.501484 0.675694
0 0.524687 0.598611 0.580703 0.605556 0.566328 0.682222 0.501719 0.674444 0.524844 0.598056
0 0.331016 0.649583 0.388906 0.660278 0.345078 0.760000 0.281953 0.743889 0.331016 0.648333
0 0.521875 0.597917 0.499453 0.673333 0.435625 0.664028 0.466484 0.589167
0 0.569922 0.684583 0.633828 0.690833 0.625703 0.802500 0.549609 0.793056 0.569609 0.682639
0 0.583984 0.606667 0.638359 0.611667 0.634141 0.690139 0.569609 0.682639 0.583672 0.605417
0 0.674922 0.625694 0.726328 0.627222 0.735156 0.706528 0.677422 0.703472 0.674063 0.624167
0 0.677422 0.705833 0.735938 0.708750 0.748594 0.814306 0.679531 0.814306 0.677031 0.705000
0 0.727969 0.628611 0.776406 0.630833 0.794453 0.710139 0.738906 0.706389 0.727969 0.630139
0 0.813828 0.815278 0.750312 0.813750 0.738906 0.707500 0.795312 0.711250 0.813438 0.814583
0 0.779766 0.631944 0.825234 0.632639 0.846719 0.707500 0.795781 0.709028
0 0.872344 0.807778 0.816797 0.812222 0.797031 0.709722 0.847969 0.710556 0.872812 0.807083
1 0.795469 0.783611 0.797031 0.780833 0.798594 0.783611 0.797031 0.786389
1 0.747891 0.786667 0.750312 0.779306 0.753281 0.782778 0.754375 0.786667 0.752812 0.789444 0.749453 0.789444
1 0.586328 0.791528 0.587891 0.788750 0.590156 0.791528 0.587891 0.794306