0 0.327422 0.335000 0.337969 0.333194 0.306094 0.423333 0.295781 0.421528 0.327422 0.334028
0 0.350547 0.330972 0.317734 0.423889 0.306953 0.423056 0.338281 0.332778 0.350547 0.330278
0 0.330313 0.426111 0.317891 0.424861 0.351172 0.330278 0.365156 0.327917
0 0.380938 0.325139 0.344609 0.428333 0.331016 0.426806 0.365859 0.327222
0 0.398516 0.322639 0.360078 0.431111 0.344766 0.429167 0.381562 0.324722
0 0.418359 0.320278 0.377812 0.432361 0.360938 0.430833 0.398828 0.322917
0 0.439063 0.318194 0.397109 0.436528 0.378516 0.434167 0.418750 0.320556
0 0.463047 0.314583 0.420937 0.438889 0.398828 0.436528 0.440000 0.317639
0 0.491719 0.312222 0.446641 0.443750 0.421016 0.441667 0.464375 0.314861
0 0.523047 0.309028 0.475781 0.450000 0.447500 0.445694 0.492344 0.311806
0 0.559297 0.306250 0.509922 0.457778 0.477500 0.450972 0.524766 0.308750 0.559063 0.305972
0 0.598906 0.303472 0.549375 0.465694 0.511484 0.458611 0.560000 0.306528
0 0.643047 0.302778 0.594922 0.475000 0.551328 0.466389 0.600313 0.304306
0 0.693984 0.301667 0.646953 0.486944 0.596953 0.476111 0.645234 0.302361 0.694219 0.301250
0 0.749141 0.300556 0.706484 0.500278 0.648984 0.488056 0.695156 0.301250 0.748750 0.300139
0 0.644453 0.747083 0.586562 0.713750 0.647344 0.492639 0.705156 0.506111
0 0.595078 0.481111 0.645547 0.491944 0.584375 0.711806 0.535234 0.684722
0 0.549687 0.471389 0.593750 0.481667 0.532344 0.683472 0.491797 0.657778 0.549687 0.470139
0 0.509687 0.463750 0.547500 0.470139 0.489297 0.656528 0.454922 0.634583
0 0.474844 0.456111 0.508594 0.463194 0.453437 0.633472 0.423672 0.615833 0.474844 0.455694
0 0.445703 0.451250 0.474062 0.456250 0.422109 0.615139 0.395937 0.599444
0 0.419531 0.445972 0.444688 0.450833 0.395703 0.598194 0.372578 0.584306
0 0.418828 0.445000 0.372344 0.583472 0.352813 0.570000 0.396953 0.441944
0 0.395859 0.441667 0.351875 0.570694 0.335625 0.560139 0.376797 0.438333 0.396094 0.441667
0 0.360156 0.434028 0.376094 0.436667 0.334219 0.558750 0.320234 0.548611 0.359922 0.434028
0 0.343438 0.433194 0.358516 0.434861 0.319453 0.549028 0.306641 0.541111
0 0.329453 0.429861 0.342578 0.432361 0.305703 0.539722 0.294297 0.533056
0 0.328281 0.429861 0.293359 0.532222 0.283828 0.525417 0.316172 0.428194
0 0.305469 0.426528 0.316172 0.427778 0.282891 0.524583 0.273828 0.518611
0 0.304063 0.426944 0.272891 0.519028 0.263594 0.514028 0.294922 0.424861
1 0.300078 0.439028 0.300078 0.446250 0.293594 0.459028 0.292344 0.466250 0.286094 0.482083 0.278828 0.514167 0.276641 0.518889 0.272734 0.517778 0.299844 0.439028
1 0.284531 0.516389 0.301406 0.470000 0.301406 0.466806 0.303203 0.465556 0.283750 0.523472
1 0.311328 0.449722 0.318203 0.439722 0.320156 0.442917 0.319297 0.451667 0.312578 0.473056 0.312656 0.469861 0.308281 0.478194 0.307500 0.475972 0.296875 0.502639 0.297969 0.506111 0.295312 0.519306 0.302656 0.502639 0.292969 0.531250 0.283750 0.524583 0.308672 0.449028
1 0.666172 0.451667 0.670547 0.452639 0.677656 0.459722 0.685000 0.474167 0.692812 0.481250 0.694219 0.489306 0.692812 0.499028 0.687812 0.501528 0.653516 0.491528 0.652344 0.485833 0.654375 0.477639 0.655391 0.463056 0.658828 0.455139 0.665156 0.451944
1 0.603047 0.456806 0.604219 0.451944 0.606953 0.449861 0.610859 0.453194 0.616563 0.439722 0.622734 0.435833 0.625000 0.437083 0.627422 0.443194 0.629063 0.455556 0.637500 0.463056 0.649687 0.466806 0.650781 0.476111 0.647891 0.485000 0.639531 0.489167 0.613906 0.480417 0.602031 0.480417 0.599219 0.478472 0.598125 0.473472 0.603359 0.460417 0.603047 0.457361
1 0.577813 0.396389 0.580625 0.398472 0.584688 0.421806 0.583203 0.444583 0.589687 0.432222 0.601641 0.417917 0.605000 0.415694 0.607734 0.417778 0.608906 0.422639 0.607891 0.429028 0.600781 0.449444 0.597813 0.466944 0.592578 0.477361 0.585234 0.477778 0.564609 0.471667 0.556172 0.471667 0.553359 0.469722 0.552266 0.464722 0.553047 0.458750 0.556719 0.453472 0.560312 0.439722 0.567266 0.422222 0.569922 0.398889 0.572891 0.396389 0.577578 0.396389
1 0.496797 0.413611 0.501250 0.430694 0.510313 0.427083 0.513984 0.429167 0.515156 0.434028 0.515156 0.446389 0.511797 0.456944 0.508828 0.459444 0.499453 0.459444 0.486094 0.455972 0.480859 0.451528 0.483047 0.438750 0.487891 0.428750 0.491094 0.413472
1 0.455078 0.419167 0.457266 0.411667 0.464922 0.406111 0.468359 0.408611 0.470313 0.422500 0.473125 0.422778 0.491172 0.382778 0.493984 0.380694 0.496797 0.382639 0.497891 0.387639 0.497188 0.391528 0.483828 0.423333 0.480312 0.442083 0.475547 0.449444 0.470313 0.453333 0.452109 0.453333 0.449297 0.451250 0.448203 0.440139 0.450859 0.429167 0.455078 0.421944
1 0.450547 0.428889 0.450703 0.433194 0.446016 0.447222 0.435313 0.447500 0.421719 0.439722 0.430156 0.411389 0.435313 0.406111 0.439219 0.406944 0.444922 0.413472 0.450078 0.406944 0.453828 0.409028 0.454141 0.419861 0.450234 0.428472
1 0.421953 0.418472 0.424766 0.420556 0.425859 0.425417 0.424922 0.430000 0.421719 0.433194 0.420625 0.438889 0.417891 0.440972 0.405547 0.440972 0.402734 0.438889 0.401641 0.434028 0.402656 0.428611 0.414219 0.392917 0.417891 0.391667 0.420625 0.393750 0.421406 0.404028 0.416875 0.422361 0.421797 0.418472
1 0.393203 0.399444 0.396953 0.404306 0.401797 0.394167 0.404844 0.391528 0.410313 0.393611 0.411484 0.398472 0.410000 0.405139 0.400391 0.425278 0.397813 0.435278 0.394531 0.438333 0.385000 0.437639 0.382188 0.435694 0.381094 0.430694 0.382031 0.424583 0.390078 0.402083
1 0.360859 0.429444 0.361953 0.424583 0.365859 0.422500 0.374766 0.424583 0.377188 0.430972 0.376094 0.435833 0.373281 0.437917 0.361953 0.434306
1 0.346875 0.426389 0.347969 0.420972 0.350781 0.418889 0.356719 0.418889 0.359531 0.420972 0.360625 0.425833 0.359531 0.430833 0.356719 0.432778 0.350781 0.433333 0.347969 0.431250
1 0.337031 0.411667 0.335938 0.424861 0.329922 0.428472 0.335625 0.409722
1 0.324219 0.407917 0.329922 0.413472 0.330859 0.418056 0.329688 0.422917 0.323516 0.424861 0.320078 0.421944 0.319297 0.417639 0.321875 0.409167
1 0.306953 0.418889 0.310156 0.408056 0.313437 0.408056 0.314141 0.412222 0.312578 0.418194 0.309297 0.423056 0.307656 0.421806
1 0.293828 0.530694 0.300000 0.512083 0.301875 0.510417 0.303516 0.511667 0.304219 0.515000 0.300937 0.527222 0.297969 0.533333 0.294531 0.533611
1 0.319531 0.548472 0.321797 0.538472 0.328047 0.523056 0.330547 0.520556 0.327734 0.537222 0.324219 0.544167 0.323906 0.549583 0.321875 0.552639 0.320234 0.551389
1 0.381641 0.542222 0.384375 0.534167 0.388594 0.532778 0.384453 0.545139 0.382344 0.545278
1 0.355859 0.566944 0.358047 0.565972 0.359375 0.568056 0.360000 0.575694 0.358359 0.576944 0.355469 0.572361 0.355391 0.568333