0 0.327422 0.335000 0.337969 0.333194 0.306094 0.423333 0.295781 0.421528 0.327422 0.334028
0 0.350547 0.330972 0.317734 0.423889 0.306953 0.423056 0.338281 0.332778 0.350547 0.330278
0 0.330313 0.426111 0.317891 0.424861 0.351172 0.330278 0.365156 0.327917
0 0.380938 0.325139 0.344609 0.428333 0.331016 0.426806 0.365859 0.327222
0 0.398516 0.322639 0.360078 0.431111 0.344766 0.429167 0.381562 0.324722
0 0.418359 0.320278 0.377812 0.432361 0.360938 0.430833 0.398828 0.322917
0 0.439063 0.318194 0.397109 0.436528 0.378516 0.434167 0.418750 0.320556
0 0.463047 0.314583 0.420937 0.438889 0.398828 0.436528 0.440000 0.317639
0 0.491719 0.312222 0.446641 0.443750 0.421016 0.441667 0.464375 0.314861
0 0.523047 0.309028 0.475781 0.450000 0.447500 0.445694 0.492344 0.311806
0 0.559297 0.306250 0.509922 0.457778 0.477500 0.450972 0.524766 0.308750 0.559063 0.305972
0 0.598906 0.303472 0.549375 0.465694 0.511484 0.458611 0.560000 0.306528
0 0.643047 0.302778 0.594922 0.475000 0.551328 0.466389 0.600313 0.304306
0 0.693984 0.301667 0.646953 0.486944 0.596953 0.476111 0.645234 0.302361 0.694219 0.301250
0 0.749141 0.300556 0.706484 0.500278 0.648984 0.488056 0.695156 0.301250 0.748750 0.300139
0 0.644453 0.747083 0.586562 0.713750 0.647344 0.492639 0.705156 0.506111
0 0.595078 0.481111 0.645547 0.491944 0.584375 0.711806 0.535234 0.684722
0 0.549687 0.471389 0.593750 0.481667 0.532344 0.683472 0.491797 0.657778 0.549687 0.470139
0 0.509687 0.463750 0.547500 0.470139 0.489297 0.656528 0.454922 0.634583
0 0.474844 0.456111 0.508594 0.463194 0.453437 0.633472 0.423672 0.615833 0.474844 0.455694
0 0.445703 0.451250 0.474062 0.456250 0.422109 0.615139 0.395937 0.599444
0 0.419531 0.445972 0.444688 0.450833 0.395703 0.598194 0.372578 0.584306
0 0.418828 0.445000 0.372344 0.583472 0.352813 0.570000 0.396953 0.441944
0 0.395859 0.441667 0.351875 0.570694 0.335625 0.560139 0.376797 0.438333 0.396094 0.441667
0 0.360156 0.434028 0.376094 0.436667 0.334219 0.558750 0.320234 0.548611 0.359922 0.434028
0 0.343438 0.433194 0.358516 0.434861 0.319453 0.549028 0.306641 0.541111
0 0.329453 0.429861 0.342578 0.432361 0.305703 0.539722 0.294297 0.533056
0 0.328281 0.429861 0.293359 0.532222 0.283828 0.525417 0.316172 0.428194
0 0.305469 0.426528 0.316172 0.427778 0.282891 0.524583 0.273828 0.518611
0 0.304063 0.426944 0.272891 0.519028 0.263594 0.514028 0.294922 0.424861
1 0.651484 0.480000 0.651797 0.476944 0.654687 0.474167 0.667578 0.490278 0.665000 0.493056 0.656406 0.488750 0.650625 0.488750 0.649062 0.485972 0.651406 0.480139
1 0.604688 0.463194 0.607969 0.466250 0.636250 0.471111 0.638984 0.473194 0.640156 0.478750 0.638984 0.483611 0.636250 0.485694 0.605391 0.484444 0.597734 0.476806 0.596719 0.472083 0.597813 0.466528 0.604531 0.463194
1 0.567266 0.464722 0.568359 0.459861 0.571172 0.457778 0.573906 0.459861 0.575078 0.464722 0.573906 0.469583 0.571172 0.471667 0.568359 0.469583
1 0.551328 0.462222 0.555469 0.452639 0.562109 0.424722 0.567656 0.409028 0.565234 0.428472 0.563516 0.435278 0.559063 0.443889 0.560469 0.448889 0.559453 0.457083 0.555703 0.465000 0.552031 0.465278
1 0.508750 0.436250 0.511094 0.440417 0.510078 0.445000 0.504219 0.449306 0.504141 0.452639 0.507344 0.453889 0.507344 0.459722 0.497500 0.459722 0.496797 0.456250 0.499609 0.448472 0.495078 0.456667 0.493438 0.455417 0.493438 0.451667 0.491328 0.454306 0.486172 0.454306 0.483828 0.450139 0.484531 0.447083 0.487812 0.444861 0.492969 0.436250 0.496016 0.436806 0.496719 0.439722 0.493047 0.447361 0.493516 0.448889 0.499531 0.435556 0.501172 0.436806 0.501797 0.441528 0.506563 0.439028
1 0.449297 0.436667 0.453906 0.416667 0.456094 0.413194 0.457656 0.413611 0.458359 0.416667 0.454922 0.423056 0.452891 0.444583 0.446094 0.444583 0.448906 0.436944
1 0.486875 0.414306 0.487266 0.417917 0.475938 0.450556 0.475234 0.446389 0.478984 0.430278 0.485000 0.415833
1 0.359766 0.429722 0.360703 0.424167 0.364063 0.424167 0.363828 0.432639 0.360469 0.432639
1 0.348594 0.417500 0.349922 0.409444 0.352109 0.409444 0.352813 0.412361 0.347734 0.429861 0.344297 0.430139 0.345625 0.423194
1 0.354609 0.424444 0.356172 0.427222 0.353906 0.431806 0.352344 0.429028 0.353516 0.425278
1 0.335234 0.423750 0.334531 0.426806 0.331953 0.427917 0.329844 0.423889 0.336172 0.408611 0.338281 0.412361 0.337812 0.418056
1 0.328750 0.413611 0.331094 0.417778 0.327813 0.423889 0.319531 0.424306 0.324531 0.406250 0.326719 0.406250 0.327266 0.410694 0.325078 0.416806 0.327031 0.415000
1 0.312578 0.404722 0.314922 0.408889 0.313281 0.415694 0.315703 0.418750 0.317500 0.417222 0.317500 0.423056 0.307422 0.421250 0.307188 0.415000 0.310234 0.408472
1 0.301016 0.410139 0.297187 0.422083 0.298203 0.423889 0.302187 0.423889 0.303750 0.421111 0.301172 0.418056 0.301719 0.412083
1 0.267734 0.501806 0.269297 0.504583 0.269062 0.507639 0.272969 0.506806 0.274531 0.509583 0.272422 0.517778 0.267109 0.514722 0.265703 0.510278 0.266562 0.502639
1 0.300078 0.439028 0.300078 0.446250 0.293594 0.459028 0.292344 0.466250 0.286094 0.482083 0.278828 0.514167 0.276641 0.518889 0.272734 0.517778 0.299844 0.439028
1 0.284531 0.516389 0.301406 0.470000 0.301406 0.466806 0.303203 0.465556 0.283750 0.523472
1 0.311328 0.449722 0.318203 0.439722 0.320156 0.442917 0.319297 0.451667 0.312578 0.473056 0.312656 0.469861 0.308281 0.478194 0.307500 0.475972 0.296875 0.502639 0.297969 0.506111 0.295312 0.519306 0.302656 0.502639 0.292969 0.531250 0.283750 0.524583 0.308672 0.449028
1 0.304844 0.502917 0.301719 0.512639 0.301563 0.520000 0.298125 0.528472 0.298125 0.534306 0.293125 0.531389 0.305234 0.496667
1 0.304141 0.534583 0.305703 0.537361 0.304141 0.540139 0.299453 0.535833 0.301016 0.533056 0.304063 0.534583
1 0.309688 0.540556 0.313125 0.540278 0.316016 0.544722 0.315547 0.546389 0.311172 0.543333
1 0.325469 0.529028 0.327031 0.526250 0.328594 0.529028 0.328594 0.535139 0.321953 0.549028 0.320391 0.546250 0.320625 0.542083 0.325469 0.529167
1 0.337031 0.561111 0.338594 0.558333 0.340156 0.561111 0.338594 0.563889
1 0.342656 0.564028 0.344219 0.561250 0.347422 0.566944 0.345859 0.569722
1 0.359766 0.570000 0.357266 0.572639 0.355938 0.569722 0.356094 0.565417 0.359063 0.565278 0.360000 0.569167
1 0.361016 0.574722 0.364375 0.571944 0.366641 0.574306 0.366328 0.578750 0.362578 0.577500
1 0.384453 0.535278 0.387969 0.534028 0.383437 0.543750 0.382422 0.539722
1 0.423203 0.615694 0.423828 0.610972 0.426484 0.606389 0.428047 0.609167 0.424766 0.618472
1 0.454297 0.637639 0.457344 0.631250 0.458906 0.636111 0.455859 0.640417