0 0.761328 0.489375 0.794609 0.548194 0.740195 0.552431 0.712656 0.491458 0.761133 0.489375
0 0.836992 0.628542 0.776211 0.638750 0.740547 0.553194 0.794844 0.548125 0.837227 0.628542
0 0.737930 0.553264 0.774141 0.638958 0.705508 0.648403 0.678711 0.559167 0.737891 0.553819
0 0.610938 0.563889 0.675742 0.559514 0.702187 0.648125 0.627070 0.657014 0.611250 0.564514
0 0.657930 0.493264 0.710430 0.491736 0.736680 0.551736 0.677344 0.557083
0 0.610117 0.560278 0.599141 0.495625 0.655273 0.493264 0.674687 0.557361 0.610703 0.560903
0 0.493203 0.498819 0.551250 0.498819 0.550039 0.564792 0.482617 0.564097 0.493008 0.498125
0 0.467266 0.661181 0.481836 0.564722 0.550234 0.565417 0.549258 0.661875
0 0.478516 0.565556 0.463906 0.659167 0.384805 0.656250 0.411250 0.564306
0 0.490117 0.498125 0.478711 0.562986 0.412344 0.561736 0.431953 0.499375 0.489883 0.498542
0 0.429766 0.499236 0.408984 0.562639 0.345977 0.560556 0.374023 0.498819
0 0.344922 0.562708 0.408164 0.564375 0.380898 0.656111 0.308086 0.651181 0.344766 0.562500
0 0.237969 0.573056 0.292305 0.576042 0.248242 0.663264 0.188906 0.656042 0.238203 0.573542
0 0.187148 0.570556 0.235820 0.573403 0.186563 0.654931 0.135313 0.647847 0.187148 0.569861
0 0.327930 0.511042 0.293203 0.574167 0.239375 0.572014 0.278438 0.509583
0 0.230820 0.510000 0.276016 0.510347 0.236875 0.571389 0.188477 0.568958
0 0.074180 0.556319 0.108867 0.559514 0.055430 0.625139 0.021523 0.618056 0.074180 0.555625
0 0.042188 0.552847 0.071680 0.556319 0.020313 0.618333 0.000000 0.613681 0.000000 0.601319 0.042344 0.552569
0 0.000000 0.564167 0.013516 0.549167 0.040938 0.552083 0.000000 0.599861 0.000078 0.564444
0 0.120664 0.505139 0.155625 0.505694 0.110000 0.557847 0.075859 0.554792
0 0.043867 0.551250 0.088516 0.502847 0.119336 0.504514 0.073633 0.555208 0.043750 0.551667
0 0.015156 0.548194 0.059727 0.501597 0.087305 0.502847 0.042539 0.551875 0.014961 0.548403
3 0.820742 0.602361 0.821094 0.600903 0.822734 0.600833 0.824531 0.603819 0.824609 0.607500 0.823477 0.607917 0.824922 0.613611 0.826562 0.616319 0.826562 0.617847 0.829648 0.617917 0.831289 0.619583 0.831641 0.622292 0.833555 0.623958 0.834180 0.625972 0.833008 0.628056 0.826562 0.621736 0.826289 0.625139 0.825313 0.627847 0.818828 0.627847 0.815352 0.630069 0.813672 0.630069 0.811328 0.627361 0.808437 0.628333 0.806758 0.630556 0.805234 0.630556 0.800273 0.617778 0.791523 0.605208 0.787109 0.597083 0.782930 0.587708 0.780312 0.576667 0.774922 0.569792 0.773672 0.565347 0.774219 0.552986 0.795000 0.551042 0.806914 0.572222 0.812734 0.589931 0.819102 0.598542 0.820977 0.603611 0.820781 0.602569
3 0.797969 0.631181 0.797227 0.628611 0.797539 0.625069 0.798516 0.624444 0.800586 0.625903 0.800703 0.630764 0.799414 0.632361 0.798555 0.631875
3 0.772813 0.625347 0.773984 0.623264 0.775156 0.624792 0.776055 0.624306 0.778164 0.627014 0.783711 0.628819 0.785000 0.630208 0.785391 0.632292 0.783125 0.635833 0.780352 0.636319 0.778438 0.635347 0.774961 0.631458 0.772813 0.625486
3 0.787070 0.618681 0.788242 0.616597 0.789414 0.618542 0.791719 0.623681 0.793164 0.629028 0.792812 0.630556 0.791836 0.631111 0.790391 0.629444 0.787070 0.618819
3 0.772383 0.546111 0.773555 0.544028 0.775391 0.545208 0.775781 0.546736 0.774609 0.548819 0.772734 0.547778 0.772383 0.546250
3 0.776563 0.535069 0.776797 0.532847 0.777969 0.531111 0.778789 0.531736 0.779141 0.533403 0.778555 0.536528 0.776875 0.536528
3 0.764102 0.537292 0.764414 0.535833 0.766094 0.535833 0.766094 0.538750 0.764414 0.538750
3 0.739727 0.528056 0.740078 0.526597 0.741719 0.526597 0.741719 0.529583 0.740078 0.529583
3 0.760586 0.512778 0.760938 0.511319 0.762500 0.511181 0.763516 0.507361 0.764258 0.506806 0.764375 0.503819 0.765977 0.503194 0.768086 0.505000 0.768203 0.508403 0.767461 0.509931 0.765195 0.510625 0.764102 0.515278 0.762344 0.515556 0.760586 0.512847
3 0.724805 0.510139 0.726289 0.507431 0.727109 0.508056 0.727461 0.509514 0.726797 0.511597 0.725156 0.511597
3 0.730000 0.512431 0.731172 0.510347 0.732656 0.510903 0.733008 0.512431 0.731836 0.514514 0.730352 0.513889
3 0.714570 0.493611 0.715742 0.491528 0.717500 0.493542 0.719414 0.496597 0.719258 0.499167 0.717773 0.499444 0.714570 0.493681
3 0.719883 0.498056 0.720703 0.496597 0.719961 0.494653 0.720313 0.493194 0.721953 0.493194 0.721875 0.501597 0.720195 0.501597 0.719883 0.498194
3 0.753633 0.520903 0.754805 0.518819 0.755625 0.519375 0.755625 0.522361 0.753945 0.522361
3 0.766211 0.518819 0.767383 0.516736 0.768203 0.517361 0.768203 0.520278 0.766563 0.520278
3 0.744492 0.495556 0.745664 0.493472 0.746484 0.494097 0.746484 0.497083 0.744844 0.497083
3 0.756680 0.616806 0.763594 0.630000 0.766250 0.630139 0.767617 0.631667 0.767656 0.637014 0.765625 0.637292 0.763047 0.634236 0.762695 0.636597 0.761250 0.637569 0.758437 0.633889 0.755781 0.627014 0.752461 0.621319 0.752070 0.617153 0.748320 0.609861 0.745586 0.602639 0.745195 0.599792 0.741602 0.594792 0.738516 0.585347 0.734687 0.578403 0.734648 0.574931 0.735508 0.574306 0.740273 0.582431 0.744531 0.594514 0.747734 0.598681 0.748086 0.601319 0.755508 0.617986 0.756641 0.616806
3 0.731289 0.568750 0.731602 0.567292 0.733281 0.567292 0.733281 0.570208 0.731602 0.570208
3 0.738203 0.598819 0.739375 0.596736 0.740547 0.598056 0.741094 0.600764 0.739922 0.602847 0.738555 0.600278
3 0.742891 0.609375 0.744062 0.607292 0.747266 0.609167 0.748281 0.612361 0.747969 0.618958 0.746094 0.618819 0.743398 0.614514 0.742930 0.609514
3 0.749062 0.622569 0.750156 0.623194 0.750508 0.626389 0.748359 0.629931 0.747148 0.629097 0.746797 0.625903 0.747812 0.623194 0.748945 0.622569
3 0.751094 0.634236 0.752266 0.631944 0.754258 0.632639 0.754805 0.635208 0.753633 0.637292 0.751406 0.635694
3 0.735859 0.614306 0.737031 0.612222 0.737852 0.612847 0.737852 0.615764 0.736172 0.615764
3 0.740703 0.623681 0.741055 0.622222 0.742695 0.622222 0.742695 0.625139 0.741055 0.625139
3 0.739102 0.628194 0.741289 0.629097 0.741289 0.636458 0.738945 0.637083 0.738047 0.636319 0.737383 0.632014 0.738203 0.628958
3 0.730234 0.635833 0.731406 0.637917 0.729688 0.641042 0.728555 0.639583 0.728359 0.637917 0.728711 0.636458 0.730078 0.635903
3 0.712031 0.642847 0.711133 0.639931 0.710000 0.641528 0.707812 0.640417 0.707578 0.638819 0.705859 0.638889 0.705859 0.635972 0.707148 0.635556 0.706914 0.633542 0.703164 0.628194 0.702734 0.621458 0.703906 0.617292 0.706836 0.616667 0.709219 0.620764 0.711875 0.634444 0.714375 0.642361 0.714023 0.644306 0.712383 0.644306
3 0.704414 0.600000 0.705586 0.597917 0.707461 0.599653 0.708008 0.601528 0.707656 0.602986 0.705859 0.603611 0.704414 0.600278
3 0.715117 0.595486 0.716289 0.597569 0.716172 0.600486 0.714727 0.603611 0.713906 0.603611 0.712031 0.600486 0.712031 0.598056 0.712383 0.596597 0.715078 0.595486
3 0.712422 0.621667 0.712773 0.620208 0.714453 0.620208 0.714453 0.623194 0.712773 0.623194
3 0.707188 0.577847 0.707812 0.575625 0.709727 0.573819 0.712070 0.574653 0.712969 0.577153 0.712578 0.579236 0.711406 0.580417 0.707500 0.579306
3 0.696641 0.574931 0.695469 0.577014 0.694609 0.576389 0.693047 0.572431 0.693320 0.567917 0.694219 0.567153 0.695273 0.567917 0.696445 0.573750
3 0.684180 0.566528 0.688750 0.558819 0.690469 0.558681 0.690703 0.561111 0.687969 0.566250 0.685781 0.568611 0.684531 0.567986
3 0.727656 0.537639 0.728828 0.535556 0.730000 0.537639 0.728828 0.539722 0.728008 0.539097
3 0.698320 0.530000 0.699492 0.527917 0.700469 0.528472 0.703164 0.532986 0.701836 0.535069 0.698711 0.531597
3 0.677891 0.534583 0.676289 0.531458 0.676719 0.527431 0.677734 0.526458 0.679414 0.527083 0.679727 0.528542 0.679414 0.533958 0.678242 0.534444
3 0.675938 0.509236 0.677109 0.511319 0.675664 0.514375 0.674844 0.513750 0.674492 0.511528 0.675859 0.509236
3 0.663906 0.502083 0.666641 0.503889 0.667695 0.507083 0.667344 0.509306 0.666523 0.509931 0.662578 0.504167 0.663828 0.502083
3 0.645234 0.504167 0.646250 0.503958 0.647617 0.499583 0.648516 0.498889 0.649648 0.499861 0.650820 0.499306 0.651992 0.501389 0.650391 0.506111 0.645977 0.510069 0.644336 0.509444 0.643984 0.507778 0.644531 0.505417
3 0.646992 0.523333 0.648164 0.521250 0.649336 0.523333 0.648164 0.525417 0.647344 0.524792
3 0.646523 0.540764 0.647695 0.538681 0.648867 0.540764 0.647695 0.542847 0.646875 0.542222
3 0.643320 0.552917 0.644492 0.550833 0.646797 0.554097 0.645625 0.556181 0.643750 0.554583
3 0.640195 0.531528 0.641367 0.529444 0.642539 0.531528 0.641367 0.533611 0.640547 0.533056
3 0.631055 0.517639 0.631641 0.514861 0.633359 0.514792 0.633320 0.518542 0.632227 0.519722 0.631406 0.519097
3 0.624336 0.513889 0.624688 0.509653 0.626328 0.509653 0.626328 0.515347 0.624688 0.515347
3 0.626055 0.521528 0.627227 0.519444 0.628398 0.521528 0.627227 0.523611 0.626406 0.523056
3 0.617109 0.534722 0.618281 0.532639 0.619570 0.535556 0.618398 0.537639 0.617578 0.537083 0.617148 0.534861
3 0.610039 0.541597 0.608867 0.543681 0.608008 0.542986 0.607422 0.540694 0.608594 0.538472 0.609883 0.540486
3 0.614727 0.525833 0.615898 0.527917 0.615234 0.530833 0.614375 0.531528 0.613320 0.530903 0.613008 0.529444 0.614141 0.526111
3 0.600313 0.498125 0.601484 0.496042 0.602656 0.498125 0.601484 0.500208 0.600625 0.499583
3 0.602305 0.510764 0.603477 0.508681 0.604648 0.510764 0.603477 0.512847 0.602656 0.512292
3 0.606641 0.512847 0.607812 0.510764 0.608633 0.511389 0.608984 0.513681 0.607812 0.515764 0.606992 0.515139 0.606641 0.512917
3 0.611250 0.520000 0.612422 0.517917 0.613594 0.520000 0.612422 0.522083 0.611602 0.521528
3 0.542305 0.571389 0.544492 0.567500 0.546172 0.568472 0.547344 0.571042 0.546172 0.573125 0.544844 0.572222 0.544844 0.584931 0.543320 0.590694 0.543320 0.639931 0.542656 0.646736 0.543008 0.648472 0.543984 0.649097 0.544336 0.652222 0.545664 0.652639 0.546016 0.654097 0.545664 0.656736 0.544844 0.657361 0.543047 0.655972 0.540000 0.656181 0.538828 0.654097 0.540664 0.647292 0.540977 0.589653 0.542500 0.584097 0.542500 0.572431
3 0.535664 0.569028 0.536016 0.567500 0.537656 0.567500 0.538008 0.575486 0.537695 0.582292 0.535703 0.594028 0.535703 0.610347 0.534023 0.617986 0.533711 0.628125 0.534687 0.638403 0.533516 0.640486 0.532695 0.639931 0.532188 0.637222 0.531367 0.623681 0.532031 0.614514 0.533359 0.609306 0.533359 0.593264 0.535352 0.581458 0.535664 0.569167
3 0.533359 0.642292 0.533711 0.640833 0.534844 0.640208 0.535820 0.641111 0.537031 0.644653 0.536680 0.656458 0.535508 0.658542 0.534492 0.657847 0.533359 0.655000 0.533516 0.649514 0.534687 0.646736 0.534180 0.644306
3 0.532500 0.566597 0.533672 0.568681 0.531875 0.579444 0.530586 0.582292 0.530586 0.591042 0.529883 0.597639 0.529062 0.599028 0.529297 0.600486 0.528164 0.604583 0.526758 0.606944 0.526328 0.619167 0.526914 0.620972 0.525938 0.622986 0.523750 0.635694 0.523281 0.652014 0.521680 0.655972 0.520586 0.656736 0.519414 0.654653 0.519609 0.652014 0.520937 0.644097 0.521250 0.634861 0.523906 0.620694 0.524297 0.608333 0.523047 0.606042 0.524766 0.600556 0.525000 0.595208 0.525742 0.593611 0.527734 0.593681 0.528320 0.580556 0.529727 0.577014 0.531289 0.567986 0.532461 0.566597
3 0.526953 0.571111 0.528125 0.573194 0.527578 0.576736 0.526758 0.577361 0.525898 0.576736 0.525586 0.573403 0.526914 0.571111
3 0.527695 0.597917 0.527227 0.598958 0.527891 0.598264
3 0.526563 0.616250 0.527813 0.612986 0.529219 0.613264 0.529141 0.616389 0.527734 0.618333 0.526914 0.617708
3 0.525078 0.656111 0.525430 0.654653 0.527070 0.654653 0.527070 0.657569 0.525430 0.657569
3 0.513281 0.571042 0.513633 0.569583 0.515273 0.569583 0.515273 0.572500 0.513633 0.572500
3 0.517422 0.628333 0.517773 0.626875 0.519414 0.626875 0.519414 0.629792 0.517773 0.629792
3 0.516719 0.658403 0.516367 0.660208 0.515547 0.660833 0.513633 0.659653 0.513203 0.658056 0.513398 0.656597 0.514961 0.654583 0.516133 0.656597
3 0.511367 0.653264 0.510313 0.651042 0.510313 0.647778 0.511250 0.641875 0.512148 0.641250 0.514805 0.647361 0.515352 0.652569 0.514180 0.654653 0.513320 0.653958 0.512539 0.655347 0.511719 0.654722
3 0.504180 0.653958 0.504492 0.652292 0.506328 0.650139 0.507617 0.650625 0.507969 0.652083 0.506992 0.654792 0.505352 0.656042 0.504492 0.655417
3 0.508828 0.638750 0.508633 0.646736 0.507461 0.648819 0.506641 0.648264 0.506289 0.643889 0.504727 0.639931 0.506055 0.636250 0.505117 0.633056 0.505508 0.625556 0.506680 0.623472 0.508437 0.624375 0.510078 0.629861 0.509375 0.636458 0.508555 0.638194
3 0.506367 0.571944 0.507188 0.572569 0.508242 0.577917 0.508555 0.574583 0.510234 0.574583 0.510234 0.578958 0.508633 0.579028 0.507461 0.581319 0.505742 0.578889 0.505195 0.573750
3 0.503789 0.574028 0.503086 0.575972 0.503086 0.579375 0.504375 0.581875 0.505117 0.580625 0.505938 0.581181 0.506563 0.584375 0.506211 0.589306 0.505742 0.589306 0.506563 0.591319 0.505859 0.597708 0.506016 0.608542 0.504844 0.610625 0.504492 0.610000 0.504492 0.613194 0.502812 0.622222 0.501992 0.644444 0.500312 0.650556 0.500859 0.652361 0.500391 0.654028 0.498867 0.654931 0.498047 0.654306 0.497695 0.651111 0.499648 0.643889 0.500312 0.623611 0.499688 0.623889 0.498125 0.621458 0.496719 0.614931 0.497070 0.613472 0.498750 0.613472 0.500781 0.620486 0.502148 0.611458 0.502188 0.604444 0.501289 0.602847 0.502383 0.583125 0.500742 0.580486 0.500742 0.575069 0.501445 0.572500 0.502461 0.571736 0.503359 0.572500
3 0.504570 0.589306 0.504336 0.587014 0.503906 0.592083 0.505000 0.589306
3 0.493125 0.637569 0.493477 0.636111 0.494727 0.635486 0.498594 0.640069 0.498945 0.641528 0.498594 0.642986 0.496641 0.644097 0.495039 0.642431 0.493867 0.639514
3 0.491211 0.598403 0.492383 0.596319 0.494453 0.598681 0.494766 0.600139 0.492383 0.603472 0.491523 0.602847 0.491211 0.598542
3 0.493555 0.595972 0.495859 0.582500 0.496172 0.574444 0.497539 0.567639 0.498672 0.567014 0.499844 0.569097 0.498359 0.575486 0.497852 0.586250 0.495547 0.595069 0.495547 0.597431 0.493906 0.597431
3 0.499102 0.586111 0.499414 0.584653 0.501094 0.584653 0.501094 0.587569 0.499414 0.587569
3 0.484961 0.568611 0.485313 0.567153 0.486953 0.567153 0.486953 0.570139 0.485313 0.570139
3 0.480391 0.578958 0.480742 0.577500 0.482383 0.577500 0.482383 0.580486 0.480742 0.580486
3 0.481641 0.603611 0.481992 0.602153 0.483633 0.602153 0.483633 0.605069 0.481992 0.605069
3 0.487031 0.606042 0.488203 0.603958 0.489531 0.606042 0.488359 0.608125 0.487383 0.607569
3 0.473125 0.639375 0.474297 0.641458 0.473125 0.645208 0.472969 0.650625 0.471758 0.653542 0.470469 0.654514 0.469297 0.652431 0.470391 0.649514 0.469766 0.647708 0.471680 0.640833 0.472930 0.639444
3 0.483437 0.645972 0.484609 0.648056 0.484023 0.651736 0.484961 0.652361 0.485195 0.655486 0.484180 0.657847 0.481953 0.659028 0.481094 0.658403 0.480781 0.655903 0.481680 0.653264 0.482344 0.647292
3 0.490000 0.634931 0.490313 0.633542 0.489219 0.631458 0.490703 0.626806 0.490781 0.615903 0.490195 0.609306 0.490547 0.607847 0.493203 0.607222 0.494375 0.609306 0.493867 0.625833 0.490820 0.633472 0.491992 0.633472 0.491992 0.636458 0.490352 0.636458
3 0.537891 0.554236 0.539062 0.556319 0.538711 0.559236 0.537891 0.559861 0.535859 0.556319 0.536211 0.554861 0.537813 0.554236
3 0.532266 0.546458 0.532617 0.545000 0.534258 0.545000 0.534883 0.548194 0.534531 0.549653 0.533828 0.549653 0.534609 0.551597 0.533438 0.553681 0.532070 0.552847 0.531719 0.551389 0.532578 0.549375 0.532422 0.547153
3 0.534414 0.530556 0.536758 0.532639 0.536758 0.535625 0.535234 0.536250 0.533594 0.534375 0.533086 0.532639 0.534336 0.530556
3 0.539336 0.530694 0.540664 0.528611 0.541484 0.529236 0.542383 0.532639 0.542031 0.534167 0.540781 0.534722 0.539687 0.533333 0.539492 0.531667
3 0.541172 0.515069 0.541484 0.505556 0.542656 0.503472 0.543828 0.505556 0.543750 0.514931 0.542500 0.517153 0.541523 0.516528
3 0.524258 0.518958 0.524687 0.516597 0.526484 0.516597 0.526484 0.520417 0.524609 0.520417
3 0.522930 0.508611 0.524102 0.510694 0.524102 0.514097 0.522930 0.516181 0.521602 0.513819 0.522070 0.509236
3 0.525859 0.510069 0.526211 0.508611 0.527422 0.507986 0.529258 0.511250 0.528086 0.513333 0.526875 0.512153
3 0.526367 0.506667 0.525195 0.508750 0.524336 0.508056 0.523945 0.505972 0.525195 0.503750 0.526016 0.504375 0.526328 0.506250
3 0.513945 0.503264 0.515313 0.500556 0.516289 0.501181 0.516289 0.504097 0.515234 0.505347 0.514258 0.504722
3 0.513359 0.512708 0.514531 0.510625 0.517773 0.513889 0.518242 0.515556 0.517891 0.517014 0.516953 0.517639 0.515703 0.516667 0.515000 0.520069 0.517227 0.523056 0.517070 0.525833 0.512070 0.525833 0.511719 0.524167 0.512617 0.518125 0.514258 0.514375 0.513359 0.512778
3 0.508633 0.512222 0.509805 0.514306 0.509375 0.516181 0.509687 0.520486 0.508516 0.522569 0.506914 0.522014 0.506094 0.519653 0.507539 0.513542
3 0.512461 0.534236 0.514883 0.534792 0.515117 0.537153 0.513945 0.538542 0.509961 0.538056 0.509180 0.536111 0.509375 0.533750 0.510586 0.531944 0.511484 0.532153
3 0.501406 0.533889 0.502578 0.531806 0.503750 0.533889 0.502773 0.541597 0.501758 0.544375 0.502812 0.543750 0.503906 0.545694 0.505508 0.545764 0.505508 0.548750 0.504687 0.549306 0.502734 0.547986 0.501563 0.549931 0.500742 0.548472 0.499336 0.548125 0.499102 0.545625 0.501406 0.534028
3 0.488945 0.540903 0.489297 0.539444 0.490977 0.539444 0.490977 0.542361 0.489297 0.542361
3 0.488477 0.527361 0.488828 0.525903 0.490000 0.525347 0.491836 0.519931 0.492891 0.518681 0.493711 0.519306 0.493867 0.521944 0.491367 0.531181 0.488828 0.531319 0.488516 0.527431
3 0.529023 0.525278 0.529336 0.523819 0.531016 0.523819 0.531016 0.528403 0.529336 0.528403 0.529023 0.525486
3 0.527305 0.535069 0.528477 0.537153 0.527344 0.539444 0.525664 0.539514 0.525469 0.536667 0.527227 0.535069
3 0.519336 0.548403 0.520664 0.546042 0.521836 0.546597 0.522148 0.548125 0.521094 0.550139 0.519648 0.549861
3 0.509180 0.555208 0.509961 0.553194 0.511680 0.553125 0.511797 0.555833 0.510703 0.557292 0.509531 0.556667
3 0.460078 0.570417 0.460391 0.568958 0.461445 0.568333 0.462266 0.568958 0.462617 0.570903 0.466211 0.570486 0.468008 0.574375 0.466602 0.576806 0.463828 0.576806 0.460703 0.574583 0.460273 0.571597
3 0.461328 0.606042 0.462500 0.603958 0.464453 0.605486 0.465508 0.608611 0.465156 0.612986 0.464141 0.613611 0.462266 0.611111 0.461328 0.606111
3 0.462070 0.635208 0.462383 0.633750 0.464062 0.633750 0.464062 0.636736 0.462383 0.636736
3 0.456680 0.653611 0.457031 0.652153 0.458672 0.652153 0.458672 0.655069 0.457031 0.655069
3 0.448672 0.619028 0.449023 0.617361 0.450664 0.617361 0.450664 0.620486 0.449023 0.620486
3 0.445859 0.608472 0.448477 0.612847 0.446758 0.621944 0.445625 0.623333 0.443789 0.619792 0.444258 0.616389 0.443789 0.611944 0.444492 0.609236 0.445820 0.608472
3 0.434766 0.643333 0.435117 0.641875 0.436797 0.641875 0.437227 0.646111 0.435469 0.651458 0.435547 0.654583 0.434727 0.655208 0.433320 0.653958 0.432891 0.652014 0.434883 0.645486 0.434766 0.643403
3 0.418672 0.651736 0.419648 0.648472 0.420703 0.647292 0.421523 0.647917 0.421875 0.649375 0.421133 0.652500 0.420039 0.653819 0.418984 0.653194
3 0.405703 0.651042 0.407422 0.653611 0.406094 0.656042 0.404922 0.655347 0.404414 0.653472 0.404766 0.651667 0.405625 0.651042
3 0.407813 0.646597 0.406875 0.648889 0.405039 0.648681 0.403008 0.653819 0.402070 0.653194 0.401719 0.651736 0.404570 0.638472 0.405391 0.637847 0.406367 0.638750 0.407031 0.634167 0.412266 0.614167 0.411172 0.612083 0.411484 0.610625 0.412852 0.610208 0.414062 0.607917 0.414727 0.609097 0.415898 0.607292 0.418945 0.608958 0.420391 0.607431 0.421719 0.607847 0.422070 0.609375 0.421445 0.611181 0.419727 0.613125 0.415156 0.610972 0.414922 0.613681 0.410469 0.629931 0.407578 0.645903
3 0.401641 0.626389 0.402500 0.627014 0.402813 0.629167 0.400508 0.636736 0.401289 0.639583 0.397266 0.650486 0.397109 0.653056 0.395195 0.653125 0.394023 0.651042 0.394375 0.648542 0.395273 0.647986 0.395898 0.645972 0.395117 0.646458 0.393984 0.645069 0.393477 0.647500 0.392422 0.648681 0.391250 0.646597 0.392969 0.638403 0.398008 0.627778 0.398828 0.628403 0.398906 0.631667 0.395039 0.640486 0.396289 0.644653 0.397813 0.636667 0.400508 0.628125
3 0.401289 0.654514 0.400117 0.656597 0.398633 0.655069 0.397891 0.650208 0.398242 0.648194 0.399062 0.647639 0.400234 0.649514 0.401289 0.654375
3 0.386250 0.652431 0.387422 0.650347 0.388594 0.652431 0.387422 0.654514 0.386602 0.653889
3 0.399453 0.622847 0.400625 0.624931 0.399453 0.627014 0.398320 0.625139 0.396211 0.624653 0.395859 0.623194 0.396211 0.621736 0.397227 0.621111 0.398555 0.621875 0.398828 0.623889
3 0.395781 0.619097 0.396094 0.617431 0.397773 0.617431 0.397773 0.620556 0.396094 0.620556
3 0.444062 0.588681 0.445312 0.590417 0.445156 0.593819 0.443398 0.593819 0.443047 0.595347 0.441328 0.596667 0.439492 0.596111 0.439492 0.592222 0.440547 0.591111 0.442305 0.591597
3 0.438086 0.598472 0.439258 0.596389 0.440430 0.598472 0.439258 0.600556 0.438438 0.599931
3 0.432188 0.597431 0.431836 0.598958 0.430117 0.599792 0.428945 0.597708 0.429297 0.595694 0.430117 0.595069 0.431836 0.595972
3 0.428945 0.587083 0.429297 0.585278 0.431211 0.584861 0.432266 0.586944 0.432109 0.589722 0.430664 0.591111 0.428945 0.587222
3 0.435508 0.585903 0.436016 0.585000 0.435430 0.583194 0.435781 0.581736 0.437461 0.581736 0.437773 0.583194 0.437266 0.584931 0.438203 0.586597 0.437031 0.588681 0.435781 0.587083
3 0.432227 0.580208 0.433398 0.578125 0.434570 0.580208 0.433398 0.582292 0.432578 0.581667
3 0.414648 0.566181 0.416367 0.568958 0.414883 0.571597 0.413398 0.568958 0.413789 0.566875
3 0.424609 0.567847 0.425781 0.565764 0.426953 0.567847 0.425781 0.569931 0.424961 0.569306
3 0.427344 0.570694 0.428516 0.568611 0.429688 0.570694 0.428516 0.572778 0.427695 0.572153
3 0.420937 0.574931 0.422109 0.572847 0.423359 0.574931 0.421055 0.588611 0.418086 0.597917 0.416016 0.601528 0.415234 0.605486 0.414414 0.606111 0.413242 0.604028 0.413477 0.601250 0.418711 0.587500 0.420937 0.575000
3 0.420117 0.597361 0.421250 0.599375 0.422422 0.597361 0.423672 0.599236 0.423984 0.601042 0.422461 0.604653 0.421055 0.605556 0.418633 0.603472 0.416953 0.603472 0.416953 0.600556 0.418242 0.600139 0.418438 0.598611 0.420078 0.597361
3 0.410039 0.584097 0.411211 0.582014 0.412383 0.584097 0.411211 0.586181 0.410391 0.585556
3 0.402813 0.597431 0.403984 0.595347 0.405156 0.597431 0.403984 0.599514 0.403164 0.598958
3 0.468867 0.559167 0.469219 0.557639 0.472930 0.555972 0.473047 0.554722 0.471719 0.556319 0.470703 0.555556 0.468047 0.551042 0.468477 0.546944 0.470703 0.546319 0.471367 0.544236 0.471680 0.541319 0.470625 0.540694 0.470273 0.539236 0.471406 0.537153 0.472969 0.530625 0.474062 0.529514 0.475234 0.531597 0.474531 0.537014 0.476016 0.537222 0.476367 0.538681 0.475039 0.541319 0.474141 0.541250 0.472891 0.548194 0.473164 0.553194 0.473242 0.552222 0.474922 0.552222 0.475234 0.554722 0.474453 0.556875 0.474688 0.557917 0.473086 0.560486 0.469219 0.560625
3 0.478437 0.551042 0.478789 0.549514 0.480430 0.549514 0.480430 0.552500 0.478789 0.552500
3 0.462148 0.555000 0.463555 0.544931 0.464531 0.543125 0.463281 0.542639 0.462930 0.541181 0.464102 0.539097 0.464922 0.539722 0.465234 0.541806 0.465625 0.541042 0.466445 0.541667 0.466797 0.543611 0.466055 0.546458 0.467344 0.548542 0.466992 0.550000 0.465078 0.550278 0.465000 0.553819 0.466094 0.557431 0.465781 0.560625 0.463008 0.561250 0.461914 0.560000 0.460859 0.557917 0.461641 0.555694
3 0.462773 0.536250 0.463125 0.534792 0.465352 0.534167 0.468672 0.536250 0.469023 0.537708 0.468672 0.539167 0.467422 0.539792 0.463125 0.537708
3 0.466797 0.529375 0.467500 0.525625 0.466406 0.521944 0.466719 0.520486 0.468203 0.520069 0.469922 0.516806 0.472227 0.508542 0.473242 0.501042 0.474922 0.501042 0.475234 0.503264 0.474570 0.509444 0.470937 0.520833 0.470742 0.523611 0.469844 0.525000 0.469688 0.528403 0.468867 0.530694 0.467148 0.530833
3 0.485508 0.501319 0.486680 0.499236 0.487500 0.499792 0.487852 0.501806 0.486016 0.507361 0.487031 0.509444 0.486172 0.523472 0.485430 0.525417 0.484180 0.526250 0.482969 0.525139 0.482188 0.521458 0.480508 0.524792 0.479766 0.528333 0.477969 0.528333 0.477617 0.526667 0.478125 0.524167 0.481094 0.515972 0.481289 0.508681 0.483008 0.508819 0.483437 0.506181 0.485508 0.501389
3 0.482031 0.505694 0.480859 0.507778 0.479492 0.505903 0.480039 0.500278 0.481680 0.500278 0.481719 0.504306
3 0.462852 0.512986 0.464023 0.515069 0.462852 0.517153 0.458711 0.517431 0.457266 0.515069 0.457578 0.513125 0.458437 0.512500 0.462773 0.512986
3 0.463945 0.506806 0.465117 0.508889 0.464805 0.510417 0.463672 0.510972 0.462500 0.508889 0.462852 0.507431 0.463828 0.506875
3 0.454141 0.509514 0.455312 0.511597 0.453984 0.513681 0.452930 0.511806 0.451211 0.511875 0.450898 0.510417 0.452070 0.508333 0.452891 0.508889 0.453164 0.511042 0.454063 0.509514
3 0.449141 0.523611 0.450313 0.521528 0.451484 0.523611 0.451133 0.525139 0.449453 0.525139
3 0.432500 0.515417 0.433789 0.513333 0.440937 0.513333 0.442109 0.515417 0.440937 0.517500 0.432852 0.516875
3 0.441289 0.532847 0.443438 0.534375 0.444297 0.537361 0.441055 0.541944 0.439766 0.541319 0.439414 0.539861 0.440156 0.534444
3 0.456992 0.550139 0.458164 0.548056 0.459336 0.550139 0.458984 0.551597 0.457305 0.551597
3 0.447148 0.552986 0.448320 0.550903 0.449492 0.552986 0.449180 0.554444 0.447500 0.554444
3 0.441836 0.551736 0.442422 0.549236 0.444219 0.549028 0.444180 0.552292 0.443008 0.553819 0.442188 0.553194
3 0.438047 0.550556 0.439687 0.547639 0.440625 0.548194 0.440977 0.549722 0.440156 0.552014 0.438398 0.552014
3 0.433672 0.559167 0.434414 0.554931 0.435859 0.553750 0.437109 0.554722 0.437383 0.557153 0.435937 0.560764 0.433984 0.560625
3 0.430312 0.549722 0.431484 0.547639 0.434023 0.547639 0.435195 0.549722 0.434023 0.551806 0.430664 0.551181
3 0.436328 0.540833 0.437500 0.542917 0.436523 0.545000 0.434375 0.546250 0.433555 0.545625 0.433594 0.542569 0.435781 0.541111
3 0.423516 0.537361 0.424687 0.535278 0.426289 0.536944 0.427344 0.541528 0.426992 0.543194 0.425273 0.543056 0.424414 0.539444
3 0.418438 0.552986 0.419609 0.550903 0.423281 0.551736 0.424922 0.549653 0.426602 0.550417 0.426992 0.551944 0.426055 0.555486 0.424102 0.557292 0.420039 0.556736 0.418438 0.553056
3 0.415898 0.560347 0.417070 0.558264 0.418242 0.560347 0.417891 0.561875 0.416211 0.561875
3 0.314766 0.646736 0.313594 0.644653 0.313984 0.642083 0.319102 0.631319 0.321914 0.622292 0.323516 0.619792 0.324336 0.620417 0.324492 0.623403 0.322266 0.630556 0.316133 0.644444 0.322578 0.632153 0.325625 0.623819 0.326758 0.622292 0.327578 0.622847 0.327930 0.624792 0.327070 0.627986 0.319141 0.645347 0.316836 0.648194 0.316016 0.647569 0.315820 0.645069
3 0.329961 0.612847 0.330313 0.611389 0.331953 0.611389 0.331953 0.614306 0.330313 0.614306
3 0.332031 0.607500 0.332383 0.606042 0.334063 0.606042 0.334063 0.609028 0.332383 0.609028
3 0.325000 0.644444 0.326055 0.642778 0.326445 0.637778 0.330313 0.629653 0.334805 0.614931 0.338320 0.606944 0.340508 0.604236 0.341445 0.604792 0.341680 0.607222 0.336523 0.617917 0.332227 0.632014 0.328633 0.639514 0.328867 0.645278 0.327969 0.647639 0.325391 0.647083 0.325000 0.644653
3 0.330898 0.636875 0.332070 0.634792 0.333477 0.636944 0.335234 0.631181 0.336094 0.630486 0.336914 0.631111 0.337148 0.634167 0.335117 0.639583 0.337969 0.639306 0.339062 0.640417 0.339453 0.642431 0.338789 0.644514 0.337148 0.646111 0.332813 0.645000 0.331719 0.642847 0.332461 0.640833 0.330898 0.636944
3 0.345195 0.606319 0.345547 0.604792 0.347187 0.604792 0.347187 0.607778 0.345547 0.607778
3 0.350547 0.605000 0.351719 0.607083 0.350781 0.609167 0.350195 0.613889 0.349141 0.614514 0.347969 0.612431 0.348203 0.607083 0.348555 0.605625 0.350430 0.605069
3 0.341992 0.649028 0.340703 0.646944 0.341094 0.644722 0.345703 0.636181 0.347500 0.631319 0.348828 0.624653 0.354844 0.609236 0.356172 0.606667 0.357109 0.605833 0.357930 0.606458 0.358086 0.609097 0.351055 0.626389 0.348477 0.636528 0.343164 0.647153
3 0.346211 0.651389 0.345234 0.652083 0.344062 0.650000 0.345195 0.647222 0.345313 0.644167 0.348086 0.640556 0.350391 0.630694 0.355703 0.617986 0.356914 0.612292 0.359883 0.607083 0.361641 0.607708 0.361641 0.610625 0.358984 0.614514 0.357930 0.619861 0.355742 0.624167 0.351562 0.636181 0.350664 0.640000 0.351016 0.647014 0.348984 0.650208 0.346992 0.650208
3 0.363437 0.620625 0.364609 0.622708 0.364063 0.627847 0.363125 0.628472 0.362266 0.627847 0.361953 0.624375 0.362461 0.621319 0.363398 0.620625
3 0.364805 0.635000 0.366484 0.631806 0.368320 0.631667 0.368672 0.633194 0.367969 0.635069 0.365977 0.637083 0.365156 0.636458
3 0.368281 0.637292 0.369453 0.635208 0.372266 0.639514 0.371914 0.640972 0.370156 0.641042 0.368281 0.637361
3 0.375547 0.650833 0.376719 0.648750 0.379961 0.649792 0.381133 0.651875 0.379961 0.653958 0.376523 0.652847
3 0.367578 0.626181 0.368984 0.622292 0.370625 0.621042 0.374648 0.621042 0.376211 0.622153 0.377109 0.624167 0.376172 0.627222 0.376289 0.630000 0.374766 0.631944 0.373672 0.631667 0.372656 0.629306 0.369219 0.628889 0.368008 0.627778
3 0.374766 0.615764 0.376250 0.612639 0.377383 0.613542 0.379414 0.617778 0.378984 0.621806 0.377773 0.623125 0.376602 0.622292 0.375312 0.619444 0.374766 0.615833
3 0.374063 0.606250 0.374922 0.606875 0.374922 0.609792 0.371758 0.611667 0.370938 0.611042 0.370586 0.609375 0.371211 0.606944 0.373945 0.606250
3 0.376133 0.608125 0.376445 0.606389 0.378008 0.605000 0.379531 0.607153 0.380078 0.610208 0.379688 0.611736 0.377773 0.612500 0.376914 0.611944 0.376133 0.608472
3 0.394492 0.597917 0.394883 0.599861 0.393594 0.601944 0.390820 0.597639 0.391172 0.596111 0.392461 0.595556 0.394453 0.597778
3 0.357930 0.601944 0.359648 0.597361 0.357930 0.591250 0.359219 0.589167 0.363398 0.595347 0.363828 0.597222 0.363516 0.598681 0.361992 0.598889 0.359219 0.604028 0.358281 0.603403
3 0.366563 0.592500 0.367383 0.588542 0.369805 0.582639 0.368789 0.578958 0.369961 0.576875 0.372969 0.582847 0.370391 0.587639 0.368867 0.593194 0.367734 0.594583 0.366914 0.593958
3 0.360586 0.563750 0.361758 0.565833 0.361523 0.570347 0.360352 0.570972 0.359219 0.569931 0.358750 0.567431 0.359570 0.564792
3 0.339688 0.577708 0.340469 0.575764 0.341914 0.576042 0.341875 0.579097 0.340039 0.579167
3 0.341289 0.593125 0.341641 0.591597 0.342930 0.591042 0.343555 0.592361 0.345156 0.592639 0.345508 0.594097 0.344687 0.600417 0.343281 0.602778 0.342109 0.600694 0.342773 0.597014 0.341133 0.601736 0.339453 0.601736 0.339102 0.598819 0.339766 0.596250 0.341445 0.594097
3 0.348789 0.590000 0.349141 0.588542 0.350820 0.588542 0.350820 0.591458 0.349141 0.591458
3 0.354375 0.593889 0.355547 0.595972 0.354570 0.598333 0.354961 0.599861 0.354453 0.601597 0.352617 0.603194 0.351445 0.600903 0.352813 0.595556 0.354258 0.593889
3 0.377773 0.593333 0.378125 0.591806 0.379766 0.591806 0.379766 0.594792 0.378125 0.594792
3 0.420625 0.504444 0.421797 0.502361 0.423750 0.502569 0.424805 0.505417 0.424805 0.508333 0.423320 0.509931 0.421875 0.509236 0.420664 0.504653
3 0.413633 0.531875 0.414805 0.533958 0.413633 0.536319 0.412109 0.535417 0.411797 0.533958 0.412109 0.532500 0.413516 0.531875
3 0.408398 0.543472 0.409570 0.545556 0.408477 0.548472 0.410391 0.555903 0.410039 0.557361 0.407539 0.558681 0.405781 0.556597 0.404766 0.552917 0.403164 0.554861 0.404297 0.557569 0.403281 0.559653 0.400352 0.559306 0.400156 0.555417 0.402148 0.554097 0.401133 0.552431 0.401445 0.550972 0.403125 0.550069 0.404766 0.551389 0.404844 0.547292 0.407305 0.544653
3 0.402852 0.538056 0.398906 0.544444 0.395078 0.553958 0.393984 0.555278 0.393008 0.554653 0.392656 0.550694 0.393516 0.546042 0.400664 0.529792 0.405039 0.528403 0.407148 0.529028 0.407617 0.531736 0.407266 0.537708 0.404648 0.542431 0.403828 0.541806 0.403359 0.533056 0.402852 0.533125
3 0.372695 0.550486 0.374258 0.544028 0.377930 0.537361 0.378672 0.533333 0.380312 0.531319 0.382656 0.532083 0.382812 0.535625 0.380508 0.538333 0.376133 0.546667 0.375430 0.552569 0.374141 0.553125 0.372695 0.550556
3 0.388828 0.549375 0.390000 0.547292 0.391172 0.549375 0.390820 0.550833 0.389180 0.550833
3 0.356367 0.536806 0.356719 0.535347 0.358086 0.534861 0.358867 0.533194 0.360625 0.533056 0.360664 0.536042 0.359336 0.538681 0.357109 0.538750
3 0.360469 0.530972 0.360781 0.529514 0.362227 0.528194 0.365078 0.527014 0.368164 0.530556 0.368984 0.533681 0.367617 0.536597 0.365859 0.537083 0.361289 0.532986
3 0.380820 0.506181 0.381992 0.508264 0.380625 0.510694 0.379453 0.508611 0.380273 0.506667
3 0.381758 0.513403 0.382734 0.510139 0.383711 0.509306 0.384961 0.510000 0.385469 0.511736 0.384570 0.515347 0.382109 0.514931
3 0.377188 0.506944 0.376250 0.506319 0.375898 0.504514 0.377227 0.500694 0.378047 0.500069 0.379219 0.502153 0.378281 0.505556
3 0.402500 0.500833 0.403125 0.502014 0.405391 0.500139 0.406562 0.502222 0.405820 0.504167 0.403359 0.503958 0.401602 0.506875 0.400430 0.504792 0.401602 0.501597
3 0.247031 0.658056 0.247305 0.657431 0.246055 0.658472 0.245234 0.657847 0.244961 0.655486 0.252383 0.640625 0.255156 0.632431 0.256211 0.631250 0.257070 0.631875 0.257227 0.634514 0.253867 0.644097 0.249648 0.652083 0.255117 0.643264 0.258867 0.633889 0.261367 0.630000 0.264766 0.620764 0.267461 0.616389 0.269297 0.617917 0.269414 0.621806 0.267148 0.626875 0.266133 0.627500 0.265781 0.629167 0.264492 0.629583 0.264180 0.631389 0.262891 0.631944 0.257500 0.644583 0.253437 0.652153 0.248203 0.660139 0.247383 0.659514
3 0.256289 0.622569 0.257461 0.620486 0.258633 0.621111 0.258984 0.622569 0.257812 0.624653 0.256641 0.624028
3 0.233828 0.653750 0.232656 0.655833 0.231719 0.654583 0.229883 0.655000 0.227773 0.657083 0.226367 0.656458 0.226055 0.655000 0.228242 0.649722 0.225156 0.655833 0.222578 0.655625 0.222227 0.654167 0.223320 0.649097 0.225586 0.648333 0.227266 0.645347 0.235312 0.625069 0.239102 0.620486 0.240273 0.622569 0.236836 0.628681 0.234727 0.635000 0.236211 0.634028 0.237617 0.636528 0.237422 0.638889 0.233008 0.644306 0.231484 0.648056 0.231328 0.649306 0.233359 0.652083
3 0.223750 0.638542 0.224609 0.636528 0.226406 0.635833 0.228008 0.636875 0.228828 0.638958 0.226758 0.643750 0.225703 0.644306 0.223906 0.642361 0.223750 0.638750
3 0.216094 0.650556 0.217617 0.649375 0.218789 0.651458 0.218164 0.653472 0.215313 0.655625 0.214141 0.653542 0.215547 0.651250
3 0.207539 0.654097 0.218711 0.634653 0.223984 0.621528 0.227891 0.614653 0.229922 0.612361 0.231250 0.612778 0.231211 0.615833 0.225664 0.624514 0.220039 0.638264 0.212109 0.650972 0.210742 0.655069 0.209648 0.656389 0.207891 0.655486
3 0.199727 0.652847 0.200937 0.647153 0.202266 0.647014 0.203594 0.642708 0.211211 0.630694 0.209648 0.627014 0.210078 0.620764 0.211250 0.620208 0.213125 0.622639 0.213555 0.627083 0.216172 0.622986 0.219844 0.614514 0.222539 0.611250 0.223984 0.611528 0.223906 0.614583 0.221523 0.617500 0.217227 0.626944 0.211055 0.636042 0.212461 0.636389 0.212773 0.637847 0.211758 0.639931 0.206523 0.646319 0.203945 0.651528 0.200898 0.654931 0.200039 0.654306
3 0.204687 0.631667 0.207109 0.628611 0.208359 0.629306 0.208750 0.630903 0.208047 0.633611 0.205000 0.635208 0.195977 0.653542 0.193594 0.653264 0.193555 0.649167 0.196836 0.645625 0.200352 0.637500 0.204648 0.631667
3 0.224062 0.609028 0.225508 0.605069 0.226758 0.603889 0.228437 0.604167 0.227695 0.600972 0.226367 0.600139 0.225859 0.598403 0.226211 0.596597 0.229063 0.593264 0.230000 0.594931 0.231250 0.590347 0.233945 0.585069 0.233008 0.583403 0.235312 0.580417 0.236484 0.582500 0.235977 0.584167 0.237500 0.585625 0.237852 0.587500 0.234297 0.597986 0.235312 0.596528 0.237148 0.600139 0.236758 0.602222 0.235703 0.603403 0.234570 0.602639 0.233945 0.600486 0.234141 0.598472 0.231055 0.603125 0.228828 0.604236 0.230117 0.606389 0.230078 0.609444 0.229219 0.610764 0.224375 0.610486
3 0.220312 0.605417 0.220508 0.602986 0.221719 0.600208 0.223867 0.597847 0.224805 0.598472 0.224766 0.601528 0.222734 0.604444 0.222305 0.606875 0.220625 0.606875
3 0.258398 0.603542 0.259570 0.605625 0.259023 0.608472 0.257070 0.609375 0.254492 0.608750 0.254141 0.607292 0.255039 0.605208 0.256484 0.603681 0.258359 0.603542
3 0.266445 0.603194 0.267617 0.601111 0.268789 0.603194 0.268477 0.604653 0.266797 0.604653
3 0.252344 0.606111 0.251172 0.608194 0.249492 0.608333 0.248281 0.610069 0.247461 0.609444 0.247305 0.606528 0.248281 0.604722 0.251406 0.604097
3 0.238867 0.593958 0.241289 0.589514 0.242969 0.590069 0.243320 0.592292 0.242383 0.595069 0.241367 0.596042 0.239219 0.595417
3 0.250977 0.597014 0.252109 0.591667 0.253008 0.590833 0.253828 0.591458 0.254180 0.593264 0.253320 0.597708 0.252148 0.599097 0.251328 0.598542
3 0.254453 0.586111 0.255625 0.584028 0.256484 0.584722 0.257344 0.589722 0.256953 0.592083 0.254844 0.592083 0.254492 0.586597
3 0.255781 0.581667 0.257734 0.578542 0.259453 0.578403 0.260625 0.579792 0.259883 0.582639 0.258125 0.583750 0.256133 0.583125
3 0.262148 0.580625 0.263320 0.578542 0.265000 0.579167 0.265352 0.580625 0.263516 0.583542 0.262344 0.581458
3 0.266836 0.578958 0.268008 0.576875 0.270195 0.577431 0.270547 0.578958 0.269375 0.581042 0.267188 0.580417
3 0.270703 0.578611 0.271875 0.576528 0.273047 0.578611 0.272578 0.581597 0.270859 0.581597 0.270742 0.578819
3 0.278086 0.589167 0.279258 0.587083 0.280547 0.589167 0.279375 0.591250 0.278438 0.590625
3 0.278789 0.593472 0.279961 0.591389 0.281133 0.593472 0.280781 0.594931 0.279102 0.594931
3 0.277617 0.595972 0.278789 0.598056 0.278398 0.600000 0.274062 0.607847 0.271406 0.614583 0.270313 0.615903 0.269492 0.615278 0.269258 0.612917 0.270508 0.609167 0.276523 0.597500
3 0.248945 0.577917 0.250117 0.575833 0.251289 0.577917 0.250937 0.579375 0.249297 0.579375
3 0.226758 0.591944 0.227930 0.589861 0.229102 0.591944 0.228750 0.593403 0.227070 0.593403
3 0.234453 0.615833 0.235625 0.613750 0.236445 0.614375 0.236445 0.617292 0.234805 0.617292
3 0.248008 0.593194 0.248359 0.591736 0.250039 0.591736 0.250039 0.594653 0.248359 0.594653
3 0.281797 0.582569 0.282148 0.581111 0.283828 0.581111 0.283828 0.584097 0.282148 0.584097
3 0.267266 0.562569 0.267969 0.559792 0.271250 0.553681 0.273711 0.551181 0.274766 0.552847 0.275859 0.549444 0.277578 0.549306 0.277773 0.551736 0.275938 0.557153 0.274258 0.557153 0.273906 0.555625 0.272031 0.557847 0.269531 0.563264 0.268437 0.564653 0.267617 0.564028
3 0.278750 0.560139 0.277578 0.562222 0.276602 0.561597 0.276602 0.556181 0.278281 0.556181 0.278633 0.559167
3 0.288711 0.549028 0.288398 0.550764 0.286758 0.550833 0.285430 0.549028 0.285273 0.546597 0.287148 0.541667 0.291680 0.535486 0.300508 0.520417 0.303711 0.516250 0.305391 0.516319 0.305742 0.517778 0.305273 0.519514 0.300234 0.526389 0.287930 0.547083
3 0.264648 0.568472 0.265820 0.566389 0.266992 0.568472 0.266641 0.570000 0.265000 0.570000
3 0.258125 0.559167 0.259297 0.557083 0.260469 0.559167 0.260117 0.560625 0.258477 0.560625
3 0.302344 0.531319 0.303516 0.529236 0.306562 0.533194 0.306211 0.534653 0.305117 0.535278 0.303594 0.534583 0.302695 0.532847
3 0.310859 0.529375 0.312031 0.527292 0.313203 0.529375 0.312852 0.530833 0.311211 0.530833
3 0.315586 0.524931 0.316758 0.522847 0.317930 0.524931 0.317578 0.526389 0.315937 0.526389
3 0.318242 0.519514 0.319414 0.517431 0.320586 0.519514 0.320234 0.520972 0.318555 0.520972
3 0.294570 0.518125 0.295742 0.516042 0.296914 0.518125 0.296563 0.519583 0.294922 0.519583
3 0.292266 0.517569 0.293438 0.515486 0.294609 0.517569 0.294258 0.519097 0.292617 0.519097
3 0.285195 0.522014 0.284023 0.524306 0.282187 0.521528 0.283438 0.518611 0.284570 0.519167 0.284883 0.520694
3 0.261602 0.546458 0.263008 0.541667 0.265937 0.538750 0.266953 0.539375 0.267305 0.540833 0.266836 0.542500 0.264297 0.545278 0.262773 0.548542 0.261914 0.547986
3 0.269375 0.523056 0.270547 0.520972 0.271719 0.523056 0.271367 0.524514 0.269727 0.524514
3 0.269570 0.526806 0.270742 0.524722 0.272617 0.526389 0.272969 0.527847 0.271797 0.529931 0.269922 0.528333
3 0.267461 0.526250 0.268633 0.528333 0.267930 0.531181 0.269023 0.535347 0.267656 0.538125 0.266328 0.537431 0.264375 0.533472 0.266602 0.527014
3 0.245234 0.569583 0.245586 0.568125 0.247070 0.567500 0.249180 0.568819 0.250117 0.570903 0.248945 0.572986 0.245586 0.571042
3 0.139336 0.646319 0.138047 0.644236 0.139727 0.640764 0.148477 0.627639 0.154219 0.621181 0.155273 0.623056 0.157070 0.620972 0.173203 0.595972 0.173594 0.593542 0.176445 0.587917 0.180664 0.584444 0.179844 0.582431 0.180234 0.580903 0.184023 0.575417 0.185742 0.575208 0.186094 0.576944 0.185312 0.578889 0.182578 0.583681 0.181211 0.584514 0.182617 0.585486 0.182969 0.587153 0.182109 0.590208 0.172617 0.601875 0.164141 0.616111 0.153398 0.630556 0.146836 0.642569 0.144648 0.644653 0.143477 0.642569 0.149688 0.631736 0.140156 0.645694
3 0.186523 0.585972 0.187695 0.583889 0.188867 0.585972 0.188516 0.587431 0.186875 0.587431
3 0.200859 0.572778 0.202031 0.574861 0.196328 0.584514 0.196094 0.587292 0.181836 0.608542 0.167930 0.632083 0.166055 0.638611 0.164336 0.641875 0.160234 0.647917 0.159375 0.647361 0.159062 0.645833 0.160195 0.642153 0.163945 0.636667 0.165859 0.629861 0.171680 0.620069 0.165703 0.627361 0.161289 0.638056 0.158242 0.642778 0.156758 0.648611 0.154219 0.648542 0.153867 0.646458 0.154297 0.644583 0.159648 0.635139 0.164453 0.623819 0.172812 0.613681 0.180820 0.599583 0.184453 0.595694 0.188320 0.588264 0.195352 0.581111 0.200195 0.573125
3 0.210547 0.578750 0.212305 0.579167 0.212305 0.582500 0.209492 0.582500 0.209531 0.579444 0.210469 0.578750
3 0.216328 0.579375 0.217500 0.581458 0.217031 0.583125 0.214570 0.585347 0.213633 0.584722 0.213281 0.583264 0.213750 0.581597 0.215586 0.579792
3 0.200859 0.596181 0.202266 0.596806 0.202578 0.598264 0.202266 0.600347 0.201094 0.601597 0.198984 0.598264 0.199336 0.596806 0.200742 0.596181
3 0.201992 0.602361 0.203633 0.600903 0.204805 0.602986 0.202578 0.606667 0.201758 0.606111 0.201523 0.603681
3 0.172109 0.632500 0.172422 0.631042 0.174063 0.630417 0.176680 0.633403 0.182148 0.621597 0.186602 0.615208 0.188398 0.615069 0.188359 0.618056 0.182500 0.626875 0.177891 0.637778 0.182266 0.631875 0.183438 0.633958 0.183086 0.635417 0.175977 0.647639 0.175000 0.648333 0.173828 0.646250 0.177461 0.638681 0.175703 0.640139 0.174844 0.639514 0.171289 0.647153 0.169570 0.647917 0.168437 0.646458 0.167539 0.647431 0.165391 0.647361 0.165391 0.644375 0.168906 0.640347 0.171094 0.635486 0.172461 0.634514 0.173359 0.635278 0.172422 0.633958
3 0.195273 0.610972 0.196445 0.608889 0.197617 0.610972 0.197305 0.612431 0.195625 0.612431
3 0.201289 0.589167 0.202461 0.587083 0.203281 0.587708 0.203281 0.590625 0.201641 0.590625
3 0.204570 0.583681 0.205742 0.581597 0.206562 0.582222 0.206328 0.586597 0.205156 0.588681 0.203984 0.586597 0.204805 0.584653
3 0.216094 0.594792 0.216484 0.591667 0.217578 0.590347 0.218398 0.590972 0.218750 0.592569 0.218125 0.596250 0.216445 0.596250
3 0.228047 0.575000 0.228398 0.573472 0.230039 0.573472 0.230117 0.577639 0.229297 0.578264 0.228203 0.576944 0.228047 0.575139
3 0.202539 0.566250 0.203711 0.564167 0.204883 0.566250 0.204531 0.567708 0.202852 0.567708
3 0.208281 0.558681 0.209023 0.555000 0.210664 0.555000 0.210625 0.559167 0.209453 0.560764 0.208633 0.560208
3 0.216758 0.559583 0.217109 0.555694 0.217930 0.555069 0.219414 0.556736 0.218906 0.560764 0.217930 0.561667 0.217109 0.561042
3 0.227148 0.553056 0.226680 0.549653 0.227930 0.547569 0.229180 0.549583 0.229492 0.553056 0.229141 0.554514 0.227500 0.554514
3 0.227930 0.566944 0.226758 0.569028 0.225273 0.568194 0.224922 0.566250 0.226562 0.563056 0.227734 0.562639 0.228906 0.564722 0.227930 0.566736
3 0.241367 0.540417 0.242539 0.538333 0.243711 0.540000 0.243750 0.544653 0.242930 0.545208 0.241758 0.543333 0.241367 0.540486
3 0.246172 0.550694 0.247812 0.544306 0.248984 0.543125 0.250117 0.543750 0.250195 0.547986 0.247344 0.552778 0.246523 0.552153
3 0.251172 0.532569 0.251523 0.531042 0.253906 0.529097 0.254922 0.529722 0.255273 0.531528 0.254258 0.533819 0.253320 0.534653 0.251523 0.534028
3 0.254258 0.526736 0.255430 0.524653 0.256602 0.526736 0.256250 0.528194 0.254609 0.528194
3 0.254258 0.520556 0.255430 0.518472 0.256602 0.520556 0.256250 0.522014 0.254609 0.522014
3 0.238867 0.559028 0.240039 0.556944 0.241211 0.559028 0.240859 0.560486 0.239219 0.560486
3 0.052266 0.619653 0.054336 0.615486 0.055977 0.615486 0.056172 0.616319 0.060391 0.611667 0.063398 0.606806 0.064883 0.607083 0.065117 0.609444 0.061992 0.614722 0.056641 0.620486 0.055273 0.619722 0.053438 0.621736 0.052578 0.621111
3 0.064492 0.604444 0.065664 0.602361 0.066836 0.604444 0.066484 0.605903 0.064844 0.605903
3 0.067266 0.600347 0.068437 0.598264 0.070508 0.598264 0.071680 0.600347 0.070977 0.602639 0.068672 0.604861 0.067617 0.604306 0.067500 0.601597
3 0.081133 0.584931 0.082305 0.587014 0.080273 0.591875 0.078555 0.591944 0.078203 0.590486 0.078867 0.587708 0.081016 0.584931
3 0.043008 0.619236 0.050234 0.607986 0.081719 0.571944 0.073281 0.579444 0.065586 0.590000 0.059648 0.595903 0.049023 0.609028 0.043867 0.617014 0.042461 0.618264 0.041523 0.617639 0.041563 0.614583 0.053906 0.598125 0.049258 0.602500 0.036445 0.618681 0.035547 0.619236 0.034375 0.617153 0.036484 0.612778 0.056719 0.590000 0.058516 0.588819 0.059336 0.589444 0.059648 0.591319 0.072461 0.575556 0.078203 0.571181 0.087813 0.559306 0.089063 0.560972 0.090586 0.559722 0.091641 0.560278 0.091992 0.561806 0.091289 0.563681 0.081914 0.577153 0.082773 0.579236 0.082422 0.580694 0.081602 0.581319 0.079922 0.579375 0.072070 0.587361 0.066172 0.595347 0.051094 0.612153 0.045430 0.620625 0.043359 0.620694
3 0.028164 0.612639 0.029492 0.613542 0.029883 0.615139 0.028711 0.617431 0.026875 0.614722 0.028086 0.612639
3 0.102227 0.560694 0.103398 0.562778 0.101445 0.565694 0.100273 0.563403 0.102070 0.560764
3 0.011406 0.613681 0.010156 0.611667 0.008750 0.612431 0.007617 0.610486 0.006211 0.611806 0.005039 0.609722 0.005938 0.607500 0.015703 0.597153 0.032305 0.577083 0.033242 0.576250 0.034063 0.576875 0.034180 0.579583 0.012305 0.605417 0.012930 0.606806 0.018711 0.598750 0.040898 0.573889 0.047891 0.568056 0.048555 0.565972 0.057813 0.554861 0.060273 0.554375 0.060625 0.555833 0.059883 0.557917 0.055430 0.561944 0.050117 0.569167 0.048555 0.569861 0.045430 0.574722 0.032891 0.587083 0.020117 0.602153 0.011953 0.613403
3 0.001133 0.611597 0.000000 0.610069 0.000078 0.605625 0.002539 0.603125 0.004805 0.603958 0.005781 0.606042 0.005469 0.607917 0.002305 0.609583 0.001992 0.611042
3 0.003906 0.597847 0.004258 0.596389 0.006133 0.594653 0.007969 0.594514 0.008320 0.595972 0.006406 0.599583 0.004258 0.599306
3 0.011992 0.592917 0.016289 0.584583 0.018008 0.584444 0.018242 0.586806 0.016914 0.589444 0.018008 0.590000 0.018359 0.591458 0.017852 0.593264 0.014297 0.597222 0.013008 0.596667 0.012344 0.594375
3 0.032656 0.570972 0.034258 0.568056 0.035234 0.568681 0.035547 0.570139 0.034805 0.572292 0.032969 0.572431
3 0.056680 0.567222 0.057500 0.567847 0.057500 0.570764 0.055156 0.570764 0.055156 0.567847 0.056602 0.567222
3 0.052266 0.569097 0.053438 0.571181 0.052773 0.573056 0.054141 0.574583 0.054492 0.576250 0.053555 0.578819 0.052031 0.580208 0.051055 0.579306 0.049727 0.573194 0.050039 0.571319 0.051641 0.569375
3 0.014102 0.572778 0.016523 0.568958 0.017969 0.569722 0.018398 0.571250 0.018125 0.572847 0.016758 0.574514 0.014453 0.574236
3 0.000273 0.576667 0.000586 0.575208 0.006289 0.570069 0.010000 0.564792 0.011680 0.564861 0.011758 0.567708 0.007656 0.573472 0.002422 0.578542 0.000586 0.578194
3 0.000273 0.567569 0.000586 0.566111 0.004023 0.563403 0.006797 0.559653 0.008633 0.559931 0.008984 0.561458 0.008242 0.563403 0.004453 0.570069 0.001719 0.570903 0.000547 0.568958
3 0.138750 0.508264 0.138945 0.506875 0.140352 0.505417 0.142227 0.506736 0.143164 0.509722 0.142383 0.511736 0.140742 0.512569 0.139219 0.511736 0.138750 0.508403
3 0.134883 0.515625 0.136172 0.513542 0.137891 0.516181 0.137891 0.517361 0.137578 0.518819 0.136445 0.519444 0.135000 0.516667
3 0.120938 0.511597 0.122031 0.512222 0.122031 0.516111 0.120547 0.517014 0.119297 0.516389 0.118945 0.514931 0.120000 0.512431
3 0.125703 0.515903 0.124531 0.523542 0.123594 0.524167 0.122617 0.523264 0.121445 0.519583 0.123242 0.514306 0.124922 0.513958
3 0.113945 0.526458 0.112070 0.527847 0.110898 0.525486 0.112930 0.521944 0.115273 0.522431 0.116289 0.524514 0.116289 0.526458 0.115937 0.527986 0.114297 0.527986
3 0.102930 0.525139 0.104102 0.527222 0.102383 0.533542 0.103750 0.533889 0.104102 0.535347 0.103750 0.539514 0.102930 0.540139 0.101758 0.538056 0.101953 0.534167 0.101016 0.535486 0.100156 0.534861 0.099844 0.532917 0.102031 0.525903
3 0.095937 0.546667 0.097109 0.544583 0.098281 0.546667 0.097969 0.548125 0.096289 0.548125
3 0.098242 0.552222 0.099414 0.554306 0.098242 0.556667 0.096445 0.556042 0.096094 0.554583 0.096445 0.553056 0.097695 0.552500
3 0.100117 0.550139 0.100586 0.546458 0.101562 0.545556 0.104297 0.548542 0.113477 0.542153 0.114648 0.544236 0.114141 0.546181 0.105859 0.552292 0.103477 0.555625 0.102305 0.553542 0.102773 0.551944 0.100430 0.551597
3 0.106211 0.555069 0.107383 0.552986 0.108555 0.555069 0.108203 0.556528 0.106523 0.556528
3 0.118125 0.542014 0.118789 0.539931 0.120664 0.538681 0.122344 0.539306 0.122656 0.540764 0.121484 0.543125 0.119297 0.544097 0.118438 0.543472
3 0.095742 0.516389 0.096914 0.514097 0.098516 0.515694 0.098281 0.518125 0.097461 0.518750 0.096094 0.517917
3 0.097539 0.508056 0.098711 0.505972 0.100781 0.505972 0.101953 0.508056 0.100781 0.510139 0.097891 0.509514
3 0.114180 0.506111 0.114961 0.508819 0.114648 0.510278 0.113398 0.510903 0.111680 0.507569 0.111992 0.506111 0.113672 0.505764
3 0.056563 0.539583 0.056953 0.537986 0.058555 0.536736 0.060625 0.536736 0.061797 0.538819 0.060625 0.540903 0.056875 0.541042
3 0.051133 0.547708 0.052305 0.545625 0.054336 0.549653 0.053984 0.551111 0.052500 0.551389 0.051133 0.547847
3 0.106680 0.513056 0.105391 0.510972 0.106914 0.507639 0.108086 0.509722 0.107773 0.511806
3 0.095234 0.526389 0.096406 0.524306 0.097266 0.524861 0.097266 0.527847 0.095586 0.527847
3 0.028828 0.542778 0.031680 0.538750 0.032656 0.539306 0.032578 0.542639 0.030430 0.544861 0.029180 0.544236
3 0.040625 0.536875 0.041797 0.534792 0.042969 0.536875 0.042617 0.538333 0.040977 0.538333
3 0.039492 0.524028 0.040820 0.521944 0.042344 0.522569 0.042695 0.524028 0.041523 0.526111 0.039844 0.525556
3 0.053633 0.520347 0.054805 0.518264 0.055977 0.520347 0.055625 0.521806 0.053984 0.521806
3 0.051133 0.510486 0.052305 0.508403 0.053477 0.510486 0.053125 0.512014 0.051484 0.512014
3 0.892695 0.553681 0.893047 0.552222 0.894727 0.552222 0.894727 0.555139 0.893047 0.555139
3 0.628320 0.650903 0.627148 0.652986 0.625977 0.652361 0.625664 0.641181 0.621484 0.627778 0.618828 0.609236 0.618477 0.599861 0.617344 0.596250 0.617031 0.592153 0.614023 0.581806 0.613516 0.571389 0.612344 0.567569 0.613516 0.565208 0.621172 0.564028 0.622227 0.565069 0.623672 0.571736 0.626328 0.592153 0.628164 0.599236 0.626836 0.604514 0.621172 0.605417 0.621328 0.610486 0.623828 0.626806 0.630039 0.647222 0.631484 0.645556 0.633203 0.646667 0.633984 0.649722 0.633633 0.654444 0.631992 0.654444 0.631641 0.651458 0.630664 0.650347 0.629805 0.651806 0.627891 0.647569 0.627930 0.649375
3 0.636484 0.640903 0.635313 0.643264 0.633320 0.641736 0.632969 0.640278 0.633516 0.637222 0.631133 0.638819 0.627969 0.631667 0.626641 0.617847 0.626641 0.609861 0.627695 0.607778 0.629961 0.608056 0.631328 0.612500 0.633984 0.635417 0.634961 0.634375 0.635977 0.635000 0.636133 0.639375
3 0.634961 0.648264 0.636133 0.646181 0.637617 0.647083 0.637617 0.650000 0.635781 0.650278
3 0.642266 0.644722 0.642617 0.646181 0.641563 0.650347 0.640469 0.651806 0.638945 0.649167 0.638945 0.644722 0.639492 0.643819 0.638633 0.643264 0.637461 0.638542 0.637461 0.632569 0.633281 0.610764 0.634453 0.608681 0.635625 0.610556 0.639492 0.629722 0.640625 0.632014 0.640977 0.636736 0.639922 0.638819 0.640469 0.642847
3 0.646250 0.641458 0.646250 0.644444 0.645117 0.645347 0.643437 0.644722 0.643437 0.641736 0.645742 0.641458
3 0.634297 0.568194 0.634297 0.573542 0.633750 0.575278 0.632656 0.576806 0.630977 0.576181 0.630625 0.570833 0.631367 0.567500 0.633125 0.565486 0.633984 0.566111 0.634297 0.567917
3 0.655117 0.646250 0.656328 0.642569 0.657266 0.641667 0.658086 0.642292 0.658438 0.644028 0.657617 0.646597 0.656289 0.648333 0.655469 0.647708
3 0.650859 0.636181 0.651172 0.634653 0.652852 0.634653 0.652852 0.637639 0.651172 0.637639
3 0.661094 0.630208 0.661445 0.628750 0.663086 0.628750 0.663086 0.631736 0.661445 0.631736
3 0.667188 0.638889 0.668359 0.636806 0.670078 0.639514 0.670781 0.642083 0.670430 0.643542 0.668750 0.643472 0.667188 0.638958
3 0.668828 0.635625 0.669180 0.631458 0.670859 0.631458 0.670859 0.637153 0.669180 0.637153
3 0.675547 0.632361 0.676719 0.634444 0.676602 0.643542 0.676094 0.645764 0.673047 0.646389 0.671875 0.644306 0.672305 0.640069 0.674258 0.637292 0.674609 0.632986 0.675469 0.632361
3 0.671602 0.618194 0.670000 0.621250 0.669180 0.620625 0.668281 0.617431 0.668633 0.615972 0.670312 0.615139 0.671484 0.617222
3 0.646758 0.562431 0.647891 0.563889 0.656367 0.566597 0.658672 0.570208 0.658516 0.573333 0.655742 0.573958 0.654453 0.571667 0.654727 0.570000 0.651719 0.569792 0.649609 0.567986 0.646484 0.569514 0.645312 0.567708 0.645156 0.565000 0.646680 0.562431
3 0.666406 0.560208 0.668203 0.561042 0.668555 0.562500 0.667617 0.564583 0.664609 0.567569 0.663086 0.566944 0.663086 0.564028 0.665234 0.562153
3 0.673906 0.564514 0.672227 0.564514 0.671602 0.562500 0.671953 0.560556 0.673633 0.560556 0.673906 0.563194
3 0.672461 0.568472 0.673633 0.566389 0.674805 0.567569 0.681172 0.591806 0.683242 0.605347 0.685469 0.610278 0.687227 0.626736 0.691680 0.636389 0.692656 0.641806 0.692305 0.644792 0.690586 0.644375 0.690234 0.646250 0.689414 0.646875 0.686992 0.645833 0.685781 0.642292 0.684961 0.642917 0.681680 0.638403 0.666445 0.588681 0.666094 0.587153 0.667266 0.585069 0.668906 0.587431 0.676133 0.612014 0.677227 0.610694 0.678008 0.611181 0.675781 0.602431 0.675977 0.598958 0.677617 0.598958 0.680508 0.610694 0.684023 0.618472 0.683242 0.612153 0.682344 0.613611 0.680352 0.608125 0.678828 0.592500 0.672930 0.570139
3 0.681797 0.631250 0.683164 0.633681 0.682852 0.630347 0.678398 0.612708 0.678047 0.614444 0.677031 0.615069
3 0.687695 0.613958 0.686562 0.611528 0.686914 0.609792 0.689531 0.608958 0.690703 0.610764 0.691563 0.615208 0.690234 0.617292 0.688008 0.615486
3 0.648789 0.640069 0.651211 0.641806 0.652773 0.645694 0.653438 0.648333 0.653086 0.652778 0.651250 0.652986 0.647461 0.648333 0.646602 0.642778 0.647930 0.640069 0.648672 0.640069