0 0.725273 0.740278 0.752109 0.848125 0.673672 0.882153 0.658711 0.766042
0 0.670000 0.882292 0.586406 0.911806 0.586094 0.791250 0.655039 0.767083 0.670000 0.881389
0 0.704180 0.662014 0.725234 0.738333 0.658867 0.765139 0.647539 0.684861 0.704180 0.662292
0 0.655352 0.765556 0.585859 0.789514 0.585039 0.707431 0.644023 0.686528 0.655117 0.764931
0 0.457734 0.831736 0.526563 0.806875 0.519570 0.927153 0.437461 0.951389 0.457266 0.831111
0 0.453789 0.833264 0.434102 0.952569 0.358945 0.968542 0.388086 0.850972
0 0.355117 0.969514 0.287656 0.978889 0.325625 0.866111 0.385469 0.853056 0.355273 0.969722
0 0.409883 0.768264 0.385156 0.852569 0.325078 0.866250 0.356133 0.783889 0.409570 0.768264
0 0.388867 0.849514 0.412812 0.767361 0.469570 0.748194 0.454258 0.831319
0 0.531953 0.725347 0.526484 0.806319 0.457383 0.830972 0.472734 0.746736
0 0.231836 0.880278 0.281836 0.875833 0.239453 0.984583 0.185586 0.980694
0 0.228672 0.880556 0.183516 0.980000 0.137266 0.974861 0.183789 0.882500
0 0.181758 0.882361 0.134766 0.974167 0.095508 0.967917 0.142734 0.881944 0.181719 0.882361
0 0.318125 0.790625 0.283164 0.874931 0.232500 0.879028 0.270820 0.798403 0.318008 0.790625
0 0.268672 0.798889 0.229883 0.879028 0.185000 0.880903 0.226211 0.805208
0 0.143516 0.880278 0.186211 0.809931 0.224062 0.805764 0.183008 0.880486 0.143398 0.880486
3 0.725742 0.848542 0.726289 0.846111 0.727695 0.845069 0.729063 0.846111 0.729648 0.848542 0.729063 0.851042 0.727695 0.852014 0.726289 0.851042
3 0.738086 0.847569 0.737500 0.850278 0.736133 0.851319 0.734375 0.849375 0.726953 0.834097 0.727422 0.830347 0.728789 0.829375 0.730234 0.830486 0.737812 0.845764
3 0.705508 0.853472 0.706094 0.851042 0.707461 0.850000 0.708828 0.851042 0.709414 0.853472 0.708828 0.855972 0.707461 0.856944 0.706094 0.855972
3 0.678945 0.869722 0.678594 0.871736 0.676016 0.874722 0.673945 0.872292 0.673633 0.870000 0.674258 0.867431 0.676016 0.865556 0.678242 0.867083
3 0.673086 0.851528 0.673672 0.849097 0.675039 0.848056 0.676445 0.849097 0.676992 0.851528 0.676445 0.853958 0.675039 0.855000 0.673672 0.853958
3 0.685586 0.799306 0.686953 0.798333 0.688359 0.799306 0.688828 0.801597 0.685039 0.801528
3 0.665898 0.804722 0.666484 0.802292 0.667852 0.801250 0.669219 0.802292 0.669805 0.804722 0.669219 0.807222 0.667852 0.808194 0.666484 0.807222
3 0.695742 0.684861 0.696289 0.682431 0.697695 0.681389 0.699492 0.683542 0.701602 0.691667 0.701016 0.694722 0.699648 0.695764 0.698477 0.695069 0.695977 0.686597
3 0.652656 0.704444 0.653828 0.702361 0.654766 0.703125 0.655195 0.704722 0.654844 0.709167 0.653164 0.709167 0.652852 0.705556
3 0.659180 0.862847 0.658008 0.858403 0.658555 0.854931 0.660469 0.853958 0.661055 0.851528 0.662422 0.850486 0.664180 0.852431 0.667148 0.859861 0.665469 0.869028 0.664766 0.870972 0.663555 0.871736 0.662031 0.870417 0.659766 0.864444
3 0.636094 0.887431 0.636680 0.885000 0.638047 0.883958 0.639453 0.885000 0.640000 0.887431 0.639453 0.889931 0.638047 0.890903 0.636680 0.889931
3 0.625234 0.881319 0.622266 0.872431 0.622969 0.866944 0.624766 0.864792 0.626523 0.866319 0.629609 0.871736 0.633242 0.880069 0.631914 0.884861 0.628906 0.888472 0.625938 0.884861 0.625312 0.881875
3 0.643320 0.854444 0.643867 0.852014 0.645273 0.850972 0.646641 0.852014 0.647227 0.854444 0.646641 0.856944 0.645273 0.857917 0.643867 0.856944
3 0.659258 0.837500 0.658711 0.840139 0.657305 0.841181 0.655508 0.839028 0.653828 0.832083 0.654414 0.829375 0.655781 0.828333 0.657305 0.829583 0.659102 0.835972
3 0.630430 0.834236 0.631016 0.831806 0.632383 0.830764 0.633750 0.831806 0.634336 0.834236 0.633750 0.836736 0.632383 0.837708 0.631016 0.836736
3 0.626016 0.835764 0.626563 0.833264 0.627969 0.832292 0.629336 0.833264 0.629922 0.835764 0.629336 0.838194 0.627969 0.839236 0.626563 0.838194
3 0.612578 0.847569 0.613125 0.845139 0.614531 0.844097 0.615898 0.845139 0.616484 0.847569 0.615898 0.850000 0.614531 0.851042 0.613125 0.850000
3 0.606602 0.883750 0.607187 0.881319 0.608555 0.880278 0.609961 0.881319 0.610508 0.883750 0.609961 0.886181 0.608555 0.887222 0.607187 0.886181
3 0.594961 0.885486 0.595547 0.883056 0.596914 0.882014 0.598320 0.883056 0.598867 0.885486 0.598320 0.887917 0.596914 0.888958 0.595547 0.887917
3 0.587227 0.865278 0.587773 0.856944 0.589180 0.855903 0.590547 0.856944 0.591133 0.859375 0.591133 0.865278 0.590547 0.867778 0.589180 0.868750 0.587773 0.867778
3 0.589141 0.820694 0.589727 0.818264 0.591094 0.817222 0.592500 0.818264 0.593047 0.820694 0.592500 0.823194 0.591094 0.824167 0.589727 0.823194
3 0.596758 0.811111 0.597344 0.806667 0.598711 0.805694 0.600117 0.806667 0.600664 0.809167 0.600117 0.813611 0.598711 0.814583 0.597344 0.813611
3 0.599688 0.800278 0.600273 0.797847 0.601641 0.796806 0.603008 0.797847 0.603594 0.800278 0.603008 0.802778 0.601641 0.803750 0.600273 0.802778
3 0.651914 0.773194 0.652461 0.770764 0.653867 0.769722 0.655234 0.770764 0.655820 0.773194 0.655234 0.777639 0.653867 0.778611 0.652461 0.777639 0.651914 0.773333
3 0.608711 0.762500 0.609258 0.760000 0.610664 0.759028 0.612031 0.760000 0.612617 0.762500 0.612031 0.764931 0.610664 0.765972 0.609258 0.764931
3 0.594570 0.757778 0.595977 0.758819 0.596523 0.761250 0.596172 0.763264 0.592539 0.769375 0.591523 0.769931 0.590156 0.768889 0.589570 0.766458 0.590234 0.763819 0.592617 0.759097 0.594453 0.757778
3 0.616992 0.720417 0.617578 0.717917 0.618945 0.716944 0.620352 0.717917 0.620898 0.720417 0.620352 0.722847 0.618945 0.723889 0.617578 0.722847
3 0.609805 0.711042 0.610391 0.713472 0.609805 0.715972 0.608437 0.716944 0.606836 0.715069 0.604570 0.714444 0.603984 0.712014 0.604570 0.709583 0.605938 0.708542 0.607812 0.710486 0.607422 0.705556 0.608594 0.703472 0.609648 0.704097 0.610000 0.705556 0.609609 0.710903
3 0.599570 0.712778 0.600117 0.710278 0.601523 0.709306 0.602891 0.710278 0.603477 0.712778 0.602891 0.715208 0.601523 0.716250 0.600117 0.715208
3 0.594180 0.715486 0.593633 0.717847 0.591641 0.720833 0.590430 0.721667 0.589063 0.720625 0.588477 0.717431 0.589727 0.712778 0.591523 0.711528 0.593711 0.713264
3 0.587227 0.726806 0.587812 0.724306 0.589180 0.723333 0.590547 0.724306 0.591133 0.726806 0.590547 0.729236 0.589180 0.730278 0.587812 0.729236
3 0.614492 0.762500 0.615078 0.760000 0.616445 0.759028 0.617852 0.760000 0.618398 0.762500 0.617852 0.764931 0.616445 0.765972 0.615078 0.764931
3 0.606875 0.742569 0.607461 0.740069 0.608828 0.739097 0.610234 0.740069 0.610781 0.742569 0.610234 0.745000 0.608828 0.746042 0.607461 0.745000
3 0.610078 0.718889 0.610664 0.716458 0.612461 0.714722 0.613828 0.715694 0.614414 0.718194 0.613398 0.721389 0.612031 0.722361 0.610664 0.721389
3 0.623203 0.697917 0.623555 0.696458 0.625195 0.696458 0.625195 0.699375 0.623555 0.699375
3 0.629922 0.740000 0.631094 0.737917 0.631914 0.738542 0.631914 0.741458 0.630273 0.741458
3 0.483906 0.878333 0.484492 0.875833 0.485859 0.874861 0.487109 0.875625 0.489297 0.885972 0.488750 0.888750 0.487344 0.889722 0.486250 0.889167 0.484883 0.885139 0.483906 0.878472
3 0.486172 0.924097 0.488242 0.924583 0.488789 0.927083 0.488242 0.929514 0.485508 0.927778 0.485938 0.925278
3 0.500039 0.901806 0.501328 0.904444 0.500938 0.905694 0.497617 0.904653 0.498164 0.902847 0.499844 0.901875
3 0.513477 0.910486 0.514062 0.908056 0.515430 0.907014 0.519141 0.909514 0.519727 0.912014 0.519141 0.914444 0.517773 0.915486 0.514062 0.912986
3 0.514414 0.894236 0.513828 0.896736 0.511406 0.897222 0.509141 0.894514 0.508164 0.890694 0.508750 0.888264 0.510117 0.887222 0.513242 0.891111
3 0.513633 0.888681 0.514219 0.886181 0.515586 0.885208 0.518008 0.887778 0.518398 0.889861 0.517813 0.892292 0.516445 0.893333 0.514219 0.891111
3 0.517148 0.871111 0.517734 0.873611 0.517148 0.876042 0.515781 0.877083 0.514766 0.874097 0.515859 0.870208
3 0.508398 0.888333 0.507852 0.890833 0.505859 0.891528 0.505469 0.886736 0.504258 0.884722 0.504531 0.883264 0.506133 0.882222 0.507070 0.883611
3 0.479844 0.889375 0.480859 0.888750 0.483125 0.891736 0.481172 0.894931 0.480312 0.894931 0.478984 0.892569
3 0.504961 0.858611 0.506367 0.859583 0.506914 0.862083 0.505664 0.865069 0.504453 0.864375 0.503633 0.859514
3 0.478203 0.855069 0.479609 0.856042 0.480156 0.858542 0.479258 0.861250 0.477148 0.859722 0.477070 0.855903
3 0.486523 0.848819 0.487891 0.849861 0.487695 0.853194 0.485703 0.852917 0.485352 0.849722
3 0.501250 0.836875 0.502734 0.835903 0.504180 0.841042 0.502500 0.841736 0.500820 0.838819
3 0.508906 0.828889 0.510273 0.827847 0.511680 0.828889 0.511406 0.831806 0.509922 0.832917 0.508555 0.830347
3 0.492500 0.905278 0.493672 0.903194 0.494844 0.905278 0.493672 0.907361 0.492852 0.906736
3 0.422422 0.931111 0.422969 0.928611 0.424375 0.927639 0.425742 0.928611 0.426328 0.931111 0.425742 0.933542 0.424375 0.934583 0.422969 0.933542
3 0.417383 0.926458 0.418750 0.927431 0.419336 0.929931 0.418750 0.932639 0.416367 0.933958 0.414687 0.932986 0.414102 0.930486 0.414453 0.928542 0.417305 0.926458
3 0.415586 0.895903 0.416250 0.893333 0.417695 0.892153 0.420000 0.893958 0.421016 0.897986 0.420430 0.900486 0.419063 0.901458 0.416055 0.898194
3 0.436211 0.883264 0.436758 0.880764 0.438164 0.879792 0.439531 0.880764 0.440117 0.883264 0.439531 0.885694 0.438164 0.886736 0.436758 0.885694
3 0.433125 0.865486 0.432539 0.867986 0.431172 0.868958 0.429727 0.867778 0.428711 0.863125 0.428711 0.854583 0.430352 0.849931 0.433516 0.846667 0.434883 0.847708 0.435469 0.850139 0.434805 0.852708 0.432617 0.856250 0.432969 0.864097
3 0.414609 0.872917 0.415156 0.870417 0.416563 0.869444 0.417930 0.870417 0.418516 0.872917 0.417930 0.875347 0.416563 0.876389 0.415156 0.875347
3 0.384336 0.878819 0.384922 0.876319 0.386289 0.875347 0.387695 0.876319 0.388242 0.878819 0.387695 0.881250 0.386289 0.882292 0.384922 0.881250
3 0.397148 0.869375 0.397734 0.866875 0.399102 0.865903 0.400469 0.866875 0.401055 0.869375 0.400469 0.871806 0.399102 0.872847 0.397734 0.871806
3 0.398477 0.855486 0.399062 0.852986 0.400430 0.852014 0.401797 0.852986 0.402383 0.855486 0.401797 0.857917 0.400430 0.858958 0.399062 0.857917
3 0.368711 0.928681 0.369297 0.926181 0.370664 0.925208 0.372031 0.926181 0.372617 0.928681 0.372031 0.931111 0.370664 0.932153 0.369297 0.931111
3 0.389922 0.927639 0.390469 0.925208 0.391875 0.924167 0.393242 0.925208 0.393828 0.927639 0.393242 0.930139 0.391875 0.931111 0.390469 0.930139
3 0.328477 0.969792 0.329062 0.967361 0.330430 0.966319 0.331836 0.967361 0.332383 0.969792 0.331836 0.972292 0.330430 0.973264 0.329062 0.972292
3 0.354375 0.946389 0.354961 0.943958 0.356328 0.942917 0.357734 0.943958 0.358281 0.946389 0.357734 0.948889 0.356328 0.949861 0.354961 0.948889
3 0.321563 0.960486 0.322148 0.957986 0.323516 0.957014 0.324883 0.957986 0.325469 0.960486 0.324883 0.962917 0.323516 0.963958 0.322148 0.962917
3 0.333320 0.932361 0.333594 0.931319 0.332500 0.928194 0.333086 0.925278 0.334453 0.924236 0.335820 0.925278 0.336250 0.929653 0.337227 0.932361 0.336680 0.934861 0.335273 0.935833 0.333906 0.934861
3 0.325703 0.935069 0.326289 0.932639 0.327656 0.931597 0.329062 0.932639 0.329609 0.935069 0.329062 0.937569 0.327656 0.938542 0.326289 0.937569
3 0.324883 0.926944 0.325469 0.924514 0.326836 0.923472 0.328203 0.924514 0.328789 0.926944 0.328203 0.929444 0.326836 0.930417 0.325469 0.929444
3 0.320312 0.920069 0.320898 0.917639 0.322266 0.916597 0.323633 0.917639 0.324219 0.920069 0.323633 0.922500 0.322266 0.923542 0.320898 0.922500
3 0.309531 0.925972 0.312031 0.920069 0.313398 0.919097 0.314805 0.920069 0.315352 0.922569 0.312852 0.928472 0.311484 0.929444 0.310078 0.928472
3 0.312695 0.916111 0.313281 0.913681 0.314648 0.912639 0.316016 0.913681 0.316602 0.916111 0.316016 0.918611 0.314648 0.919583 0.313281 0.918611
3 0.311445 0.908264 0.312031 0.905833 0.313398 0.904792 0.314805 0.905833 0.315352 0.908264 0.314805 0.910694 0.313398 0.911736 0.312031 0.910694
3 0.323359 0.895208 0.323945 0.892778 0.325313 0.891736 0.326953 0.893750 0.327539 0.891250 0.328906 0.890278 0.330313 0.891250 0.330859 0.893750 0.329062 0.899375 0.327656 0.900417 0.325859 0.898264 0.323945 0.897639
3 0.335703 0.888056 0.336250 0.885625 0.337656 0.884583 0.339023 0.885625 0.339609 0.888056 0.339023 0.890556 0.337656 0.891528 0.336250 0.890556
3 0.350781 0.898194 0.351367 0.895694 0.352734 0.894722 0.355703 0.898056 0.356211 0.900347 0.355625 0.902847 0.354258 0.903819 0.351367 0.900625
3 0.364375 0.895972 0.365742 0.894931 0.370742 0.896944 0.371328 0.899375 0.370742 0.901875 0.368242 0.902431 0.367617 0.904653 0.366328 0.905556 0.363281 0.902847 0.362695 0.900347 0.363086 0.898264 0.364141 0.897014
3 0.363789 0.889514 0.366602 0.881875 0.367852 0.881181 0.369922 0.882639 0.370469 0.885139 0.368477 0.890347 0.365742 0.892986 0.364375 0.892014
3 0.360508 0.883125 0.359922 0.885625 0.358555 0.886597 0.356523 0.885278 0.354687 0.887569 0.352852 0.885417 0.352031 0.886111 0.350664 0.885139 0.350078 0.882639 0.350547 0.880486 0.351641 0.879236 0.352187 0.875278 0.354414 0.873264 0.355781 0.874306 0.356172 0.878264 0.359883 0.880556
3 0.346641 0.872292 0.347187 0.869861 0.348594 0.868819 0.349961 0.869861 0.350547 0.872292 0.349961 0.874792 0.348594 0.875764 0.347187 0.874792
3 0.337773 0.880208 0.338320 0.877708 0.340273 0.876736 0.342148 0.878611 0.342773 0.882431 0.342148 0.885000 0.340547 0.886389 0.338555 0.884514 0.337773 0.880347
3 0.324766 0.880208 0.325313 0.877708 0.326719 0.876736 0.328086 0.877708 0.328672 0.880208 0.328086 0.882639 0.326719 0.883681 0.325313 0.882639
3 0.513516 0.785625 0.514062 0.783194 0.515469 0.782153 0.516836 0.783194 0.517422 0.785625 0.516836 0.788056 0.515469 0.789097 0.514062 0.788056
3 0.514062 0.782569 0.513516 0.782847 0.514102 0.782361
3 0.503242 0.782361 0.505273 0.778750 0.505742 0.776458 0.505312 0.773333 0.506680 0.772292 0.508047 0.773333 0.508633 0.778264 0.507695 0.782708 0.506523 0.785208 0.505430 0.785833 0.503789 0.784792
3 0.494922 0.807500 0.494727 0.804375 0.496875 0.804931 0.497344 0.809861 0.495937 0.815764 0.494688 0.816597 0.493164 0.815069 0.494453 0.809792
3 0.482461 0.764028 0.481914 0.761597 0.483750 0.754514 0.485547 0.752431 0.486953 0.753403 0.486133 0.760694 0.485117 0.761944 0.484727 0.764028 0.485156 0.769375 0.484492 0.771319 0.483242 0.772083 0.482148 0.771319 0.481563 0.767222
3 0.486719 0.744375 0.488086 0.743403 0.489492 0.744375 0.489805 0.745764 0.487852 0.746806 0.486445 0.745486
3 0.476367 0.795972 0.477539 0.793889 0.478711 0.795972 0.478359 0.797431 0.476719 0.797431
3 0.481172 0.797431 0.482344 0.795347 0.483516 0.797431 0.482344 0.799514 0.481523 0.798889
3 0.470703 0.764306 0.471875 0.762222 0.473047 0.764306 0.472344 0.767083 0.470547 0.765694 0.470820 0.764722
3 0.523398 0.796528 0.524570 0.794444 0.525742 0.796528 0.524570 0.798611 0.523750 0.797986
3 0.513437 0.792431 0.514609 0.790347 0.515781 0.792431 0.515430 0.793889 0.513750 0.793889
3 0.449219 0.814028 0.449805 0.811528 0.451172 0.810556 0.452578 0.811528 0.453125 0.814028 0.452578 0.816458 0.451172 0.817500 0.449805 0.816458
3 0.450039 0.757014 0.450625 0.754514 0.451992 0.753542 0.453398 0.754514 0.453945 0.757014 0.453398 0.759444 0.451992 0.760486 0.450625 0.759444
3 0.418477 0.816111 0.419063 0.813611 0.420430 0.812639 0.421797 0.813611 0.422383 0.816111 0.421797 0.818542 0.419922 0.819167 0.420742 0.822014 0.420156 0.824444 0.418789 0.825486 0.417383 0.824444 0.416836 0.822014 0.417383 0.819514 0.419063 0.818542
3 0.417148 0.829097 0.417734 0.826597 0.419102 0.825625 0.420469 0.826597 0.421484 0.830556 0.417500 0.830486
3 0.412734 0.824931 0.412188 0.827708 0.411367 0.828333 0.409375 0.823819 0.407148 0.822708 0.407578 0.820694 0.408984 0.819722 0.412344 0.822847
3 0.411328 0.818472 0.411914 0.815972 0.413281 0.815000 0.414687 0.815972 0.415234 0.818472 0.414687 0.820903 0.413281 0.821944 0.411914 0.820903
3 0.410547 0.773194 0.411719 0.771111 0.412891 0.773194 0.411719 0.775278 0.410898 0.774653
3 0.444375 0.830208 0.445547 0.828125 0.446719 0.830208 0.445547 0.832292 0.444727 0.831736
3 0.421406 0.800278 0.422734 0.794167 0.424453 0.794097 0.424805 0.795764 0.423711 0.800764 0.422578 0.802361 0.421758 0.801736
3 0.365469 0.849931 0.366055 0.847431 0.367422 0.846458 0.368828 0.847431 0.369375 0.849931 0.368828 0.852361 0.367422 0.853403 0.366055 0.852361
3 0.370898 0.839097 0.371445 0.836597 0.372852 0.835625 0.374219 0.836597 0.374805 0.839097 0.374219 0.841528 0.372852 0.842569 0.371445 0.841528
3 0.380703 0.830208 0.381289 0.827778 0.382656 0.826736 0.384063 0.827778 0.384609 0.830208 0.384063 0.832708 0.382656 0.833681 0.381289 0.832708
3 0.340156 0.857569 0.340703 0.855069 0.342109 0.854097 0.343477 0.855069 0.344062 0.857569 0.343477 0.860000 0.342109 0.861042 0.340703 0.860000
3 0.332109 0.851389 0.332695 0.848958 0.334063 0.847917 0.335430 0.848958 0.336016 0.851389 0.335430 0.853819 0.334063 0.854861 0.332695 0.853819
3 0.354141 0.827500 0.353594 0.829931 0.350938 0.832639 0.347070 0.834931 0.344609 0.833889 0.344180 0.829861 0.347383 0.821597 0.349297 0.820347 0.351953 0.822153 0.353359 0.824722
3 0.361055 0.827778 0.361641 0.825278 0.363008 0.824306 0.364375 0.825278 0.364961 0.827778 0.364375 0.830208 0.363008 0.831250 0.361641 0.830208
3 0.375469 0.809514 0.376016 0.807083 0.377422 0.806042 0.378789 0.807083 0.379375 0.809514 0.378789 0.812014 0.377422 0.812986 0.376016 0.812014
3 0.394570 0.795278 0.395898 0.790972 0.397344 0.789792 0.398750 0.790833 0.399297 0.793264 0.398281 0.796806 0.396523 0.798750 0.395156 0.797708
3 0.401758 0.778542 0.402344 0.776042 0.403711 0.775069 0.405117 0.776042 0.405664 0.778542 0.405117 0.780972 0.403711 0.782014 0.402344 0.780972
3 0.372422 0.783681 0.372969 0.781250 0.374375 0.780208 0.375742 0.781250 0.376328 0.783681 0.375742 0.786111 0.374375 0.787153 0.372969 0.786111
3 0.351211 0.797708 0.351797 0.795278 0.353164 0.794236 0.354570 0.795278 0.355117 0.797708 0.354570 0.800139 0.353164 0.801181 0.351797 0.800139
3 0.232422 0.975347 0.233008 0.972917 0.234375 0.971875 0.235156 0.972431 0.234687 0.978611 0.233008 0.977847
3 0.248516 0.948264 0.249883 0.949306 0.250469 0.951736 0.250078 0.953333 0.248008 0.953333 0.247578 0.948958
3 0.238477 0.949167 0.235898 0.947222 0.235273 0.944653 0.236094 0.941458 0.238359 0.939722 0.239727 0.940694 0.241133 0.946875 0.240820 0.948958
3 0.217969 0.946736 0.218555 0.944236 0.219922 0.943264 0.221289 0.944236 0.221875 0.946736 0.221289 0.949167 0.219922 0.950208 0.218555 0.949167
3 0.207148 0.972361 0.207930 0.972708 0.208008 0.976667 0.206641 0.977639 0.205234 0.976667 0.205469 0.971944 0.206680 0.972222
3 0.215234 0.977222 0.216250 0.975417 0.217656 0.976458 0.218203 0.978889 0.217656 0.981389 0.215195 0.980625 0.215195 0.977222
3 0.225625 0.975972 0.226172 0.973472 0.227578 0.972500 0.228945 0.973472 0.229531 0.975972 0.229180 0.977361 0.230195 0.980417 0.229609 0.982847 0.224570 0.982639 0.224102 0.980694 0.224648 0.978333 0.225898 0.977222
3 0.187891 0.975347 0.188477 0.972917 0.189844 0.971875 0.190820 0.972639 0.191016 0.976528 0.188398 0.977569
3 0.200156 0.965000 0.201797 0.957500 0.204180 0.957569 0.204766 0.960278 0.204102 0.962917 0.199922 0.970833 0.198320 0.972361 0.196797 0.970694 0.199297 0.965903
3 0.222969 0.931667 0.223516 0.929167 0.224922 0.928194 0.226289 0.929167 0.226875 0.931667 0.223516 0.934097
3 0.240859 0.917292 0.241445 0.919722 0.240859 0.922222 0.239805 0.922500 0.238906 0.918958 0.240039 0.916667
3 0.245938 0.905000 0.246523 0.902500 0.247891 0.901528 0.248906 0.902222 0.248320 0.906944 0.246406 0.906875
3 0.254844 0.898611 0.255430 0.896181 0.256797 0.895139 0.257969 0.896042 0.257773 0.900347 0.256797 0.902083 0.255430 0.901042
3 0.270664 0.893056 0.271211 0.890625 0.272617 0.889583 0.273789 0.890486 0.273711 0.893681 0.272227 0.896250 0.271211 0.895556
3 0.265703 0.881181 0.266250 0.878750 0.267656 0.877708 0.269023 0.878750 0.269609 0.881181 0.269023 0.883611 0.267656 0.884653 0.266250 0.883611
3 0.254727 0.880764 0.255312 0.878333 0.256680 0.877292 0.258047 0.878333 0.258633 0.880764 0.258047 0.883194 0.256680 0.884236 0.255312 0.883194
3 0.261406 0.881806 0.261992 0.879306 0.263359 0.878333 0.264766 0.879306 0.265313 0.881806 0.264766 0.884236 0.263359 0.885278 0.261992 0.884236
3 0.222305 0.898403 0.223672 0.897431 0.225039 0.898403 0.225625 0.900903 0.225039 0.903333 0.222969 0.905139 0.221602 0.904167 0.221016 0.901667 0.222266 0.898472
3 0.219883 0.908264 0.220430 0.905833 0.221836 0.904792 0.223203 0.905833 0.223789 0.908264 0.223203 0.913194 0.221836 0.914167 0.220703 0.913403 0.221016 0.915208 0.220078 0.920556 0.218711 0.921597 0.217344 0.920556 0.216758 0.918125 0.217656 0.912778 0.219062 0.911736 0.220391 0.912708 0.220078 0.909167
3 0.189102 0.959653 0.193047 0.949931 0.196797 0.942917 0.195664 0.948958 0.188594 0.965972 0.184453 0.973264 0.183320 0.971389 0.185039 0.967639
3 0.183672 0.955278 0.184102 0.957917 0.182930 0.960000 0.181055 0.956389 0.181406 0.954931 0.183164 0.954653
3 0.178555 0.974861 0.181445 0.969236 0.183555 0.962847 0.184883 0.962847 0.182070 0.971111 0.180898 0.972500 0.180313 0.974861 0.179180 0.975417 0.179180 0.977569 0.177539 0.977569 0.178203 0.975694
3 0.161953 0.962292 0.162305 0.960833 0.163945 0.960833 0.163945 0.963819 0.162305 0.963819
3 0.162773 0.957361 0.163125 0.955903 0.164766 0.955903 0.164766 0.958889 0.163125 0.958889
3 0.158906 0.959861 0.159258 0.958403 0.160898 0.958403 0.160898 0.961319 0.159258 0.961319
3 0.175234 0.945347 0.175586 0.943819 0.177266 0.943819 0.177266 0.946806 0.175586 0.946806
3 0.139375 0.972639 0.139727 0.971181 0.141367 0.971181 0.141367 0.974097 0.139727 0.974097
3 0.188984 0.942847 0.188633 0.944306 0.187578 0.944931 0.181563 0.942222 0.180391 0.940139 0.180742 0.938681 0.182266 0.938056 0.188086 0.940833
3 0.178437 0.935000 0.178789 0.933542 0.180430 0.933542 0.180430 0.936528 0.178789 0.936528
3 0.186523 0.938333 0.189570 0.931875 0.190586 0.930903 0.191406 0.931528 0.191758 0.933403 0.190547 0.936597 0.187812 0.940417 0.186836 0.939792
3 0.193086 0.929306 0.193437 0.927778 0.195078 0.927778 0.195078 0.930764 0.193437 0.930764
3 0.199102 0.929514 0.199453 0.927986 0.201094 0.927986 0.201094 0.930972 0.199453 0.930972
3 0.193320 0.944028 0.193672 0.942569 0.195312 0.942569 0.195312 0.945556 0.193672 0.945556
3 0.195430 0.918611 0.195781 0.917083 0.197422 0.917083 0.197422 0.919236 0.198398 0.919792 0.198750 0.921319 0.197578 0.923403 0.196719 0.922778 0.196602 0.920069 0.195781 0.920069
3 0.205547 0.922292 0.205859 0.920833 0.207539 0.920833 0.207539 0.923750 0.205859 0.923750
3 0.203437 0.900139 0.203789 0.898681 0.205469 0.898681 0.205469 0.899861 0.203789 0.901597
3 0.196055 0.905417 0.196836 0.904028 0.197617 0.905417 0.196836 0.906806
3 0.131133 0.911528 0.132227 0.912083 0.132578 0.913611 0.131289 0.919306 0.132148 0.921319 0.132031 0.923264 0.131250 0.925972 0.128203 0.930764 0.127383 0.930139 0.126641 0.926736 0.126758 0.920069 0.127969 0.918264
3 0.141328 0.913611 0.141680 0.912083 0.143320 0.912083 0.143320 0.915069 0.141680 0.915069
3 0.139531 0.916528 0.139883 0.915069 0.141523 0.915069 0.141523 0.917986 0.139883 0.917986
3 0.147266 0.915069 0.147617 0.913611 0.151367 0.912500 0.152539 0.914583 0.151094 0.917361 0.149141 0.917639 0.147617 0.916528
3 0.159727 0.900278 0.160508 0.895139 0.161914 0.894792 0.162930 0.896806 0.162852 0.900764 0.160078 0.901736
3 0.145742 0.881875 0.146914 0.884167 0.144922 0.888819 0.140508 0.893889 0.137422 0.901875 0.129297 0.913819 0.119414 0.933958 0.112422 0.945625 0.105781 0.960417 0.104258 0.961875 0.103594 0.963889 0.105078 0.964167 0.105078 0.967083 0.102461 0.968958 0.100078 0.967083 0.099766 0.965625 0.102734 0.958472 0.105078 0.955278 0.111680 0.940903 0.118867 0.928819 0.128008 0.910278 0.135859 0.898611 0.139180 0.890486 0.144570 0.883681
3 0.113203 0.968542 0.114375 0.966458 0.115195 0.967083 0.115195 0.970069 0.113516 0.970069
3 0.138828 0.953542 0.140000 0.951458 0.140820 0.952083 0.140820 0.955000 0.139141 0.955000
3 0.141914 0.898542 0.142734 0.899167 0.143086 0.901111 0.141367 0.904653 0.140195 0.902569 0.140820 0.899931
3 0.265781 0.867917 0.266953 0.865833 0.268711 0.868611 0.267539 0.870694 0.265937 0.868889
3 0.248672 0.865069 0.249531 0.866597 0.249492 0.868333 0.247695 0.867917 0.247578 0.867014
3 0.285195 0.861736 0.286367 0.859653 0.287539 0.861736 0.287188 0.863194 0.285547 0.863194
3 0.276758 0.853889 0.277930 0.851806 0.279102 0.853889 0.278750 0.855347 0.277070 0.855347
3 0.276328 0.849444 0.277734 0.847500 0.276172 0.845000 0.277344 0.842917 0.278867 0.843542 0.279492 0.845764 0.278438 0.847778 0.279219 0.849167 0.278047 0.851250 0.276680 0.850903
3 0.262109 0.838264 0.263281 0.840347 0.262969 0.842500 0.259336 0.843056 0.259023 0.841319 0.259570 0.839236 0.262070 0.838264
3 0.270352 0.841528 0.270703 0.839583 0.272383 0.839583 0.272383 0.843056 0.270703 0.843056
3 0.270078 0.836597 0.271250 0.834306 0.272422 0.836389 0.272109 0.838125 0.271250 0.838472 0.270117 0.836667
3 0.263164 0.860278 0.262813 0.861736 0.261719 0.861875 0.260547 0.859792 0.261719 0.857708
3 0.242148 0.860347 0.243320 0.858264 0.243867 0.859236 0.243750 0.860208 0.242266 0.860972
3 0.246406 0.851319 0.247344 0.853611 0.245664 0.854167 0.245703 0.852569
3 0.283984 0.823333 0.284297 0.821875 0.285977 0.821875 0.285977 0.824792 0.284297 0.824792
3 0.281914 0.827778 0.283086 0.829861 0.282695 0.831458 0.279766 0.832014 0.279023 0.830069 0.279336 0.828611 0.281406 0.827986
3 0.277266 0.822500 0.277617 0.821042 0.279297 0.821042 0.279297 0.823958 0.277617 0.823958
3 0.282109 0.813889 0.282461 0.812431 0.284141 0.812431 0.284141 0.815347 0.282461 0.815347
3 0.298516 0.803403 0.299336 0.798472 0.302461 0.798472 0.302461 0.801389 0.301133 0.801806 0.300781 0.804097 0.299687 0.805486 0.298867 0.804861
3 0.276602 0.805694 0.277773 0.803611 0.278945 0.805694 0.278594 0.807153 0.276914 0.807153
3 0.300820 0.808750 0.300273 0.810417 0.299570 0.809931 0.300586 0.806875 0.300898 0.808472
3 0.291367 0.810764 0.291875 0.809167 0.292539 0.809931 0.292070 0.812292 0.291367 0.810833
3 0.297422 0.814028 0.297891 0.813333 0.299102 0.814444 0.298555 0.815417 0.297617 0.814583
3 0.276367 0.802153 0.276133 0.804306 0.275000 0.804236 0.274727 0.801944 0.276094 0.801667
3 0.259063 0.865903 0.259609 0.863958 0.261289 0.864931 0.260937 0.867153 0.259727 0.867292
3 0.196055 0.860417 0.194453 0.867014 0.192852 0.870347 0.192188 0.869931 0.192031 0.866806 0.196406 0.859444
3 0.202773 0.853056 0.203555 0.851667 0.205117 0.854236 0.203555 0.855625 0.202773 0.853472
3 0.216719 0.862292 0.217383 0.859653 0.218555 0.859931 0.218867 0.862500 0.218086 0.863889 0.216719 0.862361
3 0.212930 0.862083 0.213711 0.860694 0.214492 0.862083 0.213711 0.863472
3 0.215781 0.869028 0.216562 0.867639 0.217344 0.869028 0.216562 0.870417
3 0.211406 0.869236 0.212188 0.867847 0.213789 0.869861 0.213008 0.872292 0.212031 0.870625
3 0.206094 0.873611 0.206875 0.875000 0.205859 0.877014 0.205078 0.875625 0.205703 0.874236
3 0.198242 0.875625 0.199023 0.874236 0.199805 0.875625 0.199023 0.877014
3 0.204883 0.865972 0.204102 0.867361 0.201914 0.867153 0.201133 0.865764 0.202617 0.864167 0.204609 0.864861
3 0.232578 0.855486 0.231797 0.856875 0.231211 0.856389 0.230938 0.853333 0.232148 0.852292 0.232930 0.853681 0.232578 0.855208
3 0.229844 0.822153 0.230859 0.819931 0.231641 0.821319 0.230859 0.824236 0.230117 0.822639
3 0.242461 0.823264 0.243906 0.820347 0.245000 0.823681 0.244219 0.825069 0.243242 0.824653
3 0.205313 0.856528 0.206367 0.854792 0.207461 0.856181 0.206094 0.857917
3 0.210625 0.848125 0.209844 0.849514 0.208984 0.847986 0.209766 0.846597 0.210352 0.847083
3 0.169570 0.863542 0.171250 0.863542 0.171563 0.862083 0.170391 0.860000 0.169219 0.862083
3 0.192070 0.815625 0.193750 0.815625 0.194062 0.814167 0.192891 0.812083 0.191719 0.814167
3 0.173633 0.833681 0.175273 0.833681 0.175625 0.832153 0.174453 0.830069 0.173281 0.832153
3 0.174766 0.837917 0.175000 0.840764 0.176133 0.842222 0.179258 0.841667 0.180430 0.839583 0.179258 0.837500 0.177109 0.838056 0.176797 0.836319 0.175937 0.835694 0.174766 0.837778
3 0.179297 0.849306 0.180938 0.849306 0.181289 0.847847 0.180117 0.845764 0.178945 0.847847
3 0.181445 0.847222 0.183086 0.847222 0.183438 0.845764 0.182266 0.843681 0.181094 0.845764
3 0.184766 0.848125 0.186406 0.848125 0.186758 0.846667 0.185586 0.844583 0.184414 0.846667
3 0.189414 0.853472 0.191055 0.853472 0.191406 0.852014 0.190234 0.849931 0.189062 0.852014
3 0.192734 0.848750 0.194414 0.848750 0.194727 0.847222 0.193555 0.845139 0.192383 0.847222
3 0.188203 0.860903 0.187070 0.861458 0.186758 0.862917 0.187930 0.865000 0.189570 0.863472 0.189922 0.862014 0.188750 0.859931
3 0.183750 0.861458 0.185430 0.861458 0.185781 0.859931 0.185117 0.858750 0.187266 0.858194 0.187266 0.855208 0.184922 0.854722 0.184102 0.856736 0.184414 0.858194 0.183438 0.859931
3 0.180273 0.859097 0.181914 0.859097 0.182266 0.857569 0.181094 0.855486 0.179922 0.857569
3 0.175820 0.856944 0.176953 0.858472 0.177773 0.857917 0.177773 0.852847 0.175273 0.852847 0.174961 0.854931
3 0.157930 0.876042 0.159570 0.876042 0.159922 0.874583 0.158750 0.872500 0.157578 0.874583