0 0.761328 0.489375 0.794609 0.548194 0.740195 0.552431 0.712656 0.491458 0.761133 0.489375
0 0.836992 0.628542 0.776211 0.638750 0.740547 0.553194 0.794844 0.548125 0.837227 0.628542
0 0.737930 0.553264 0.774141 0.638958 0.705508 0.648403 0.678711 0.559167 0.737891 0.553819
0 0.610938 0.563889 0.675742 0.559514 0.702187 0.648125 0.627070 0.657014 0.611250 0.564514
0 0.657930 0.493264 0.710430 0.491736 0.736680 0.551736 0.677344 0.557083
0 0.610117 0.560278 0.599141 0.495625 0.655273 0.493264 0.674687 0.557361 0.610703 0.560903
0 0.493203 0.498819 0.551250 0.498819 0.550039 0.564792 0.482617 0.564097 0.493008 0.498125
0 0.467266 0.661181 0.481836 0.564722 0.550234 0.565417 0.549258 0.661875
0 0.478516 0.565556 0.463906 0.659167 0.384805 0.656250 0.411250 0.564306
0 0.490117 0.498125 0.478711 0.562986 0.412344 0.561736 0.431953 0.499375 0.489883 0.498542
0 0.429766 0.499236 0.408984 0.562639 0.345977 0.560556 0.374023 0.498819
0 0.344922 0.562708 0.408164 0.564375 0.380898 0.656111 0.308086 0.651181 0.344766 0.562500
0 0.237969 0.573056 0.292305 0.576042 0.248242 0.663264 0.188906 0.656042 0.238203 0.573542
0 0.187148 0.570556 0.235820 0.573403 0.186563 0.654931 0.135313 0.647847 0.187148 0.569861
0 0.327930 0.511042 0.293203 0.574167 0.239375 0.572014 0.278438 0.509583
0 0.230820 0.510000 0.276016 0.510347 0.236875 0.571389 0.188477 0.568958
0 0.074180 0.556319 0.108867 0.559514 0.055430 0.625139 0.021523 0.618056 0.074180 0.555625
0 0.042188 0.552847 0.071680 0.556319 0.020313 0.618333 0.000000 0.613681 0.000000 0.601319 0.042344 0.552569
0 0.000000 0.564167 0.013516 0.549167 0.040938 0.552083 0.000000 0.599861 0.000078 0.564444
0 0.120664 0.505139 0.155625 0.505694 0.110000 0.557847 0.075859 0.554792
0 0.043867 0.551250 0.088516 0.502847 0.119336 0.504514 0.073633 0.555208 0.043750 0.551667
0 0.015156 0.548194 0.059727 0.501597 0.087305 0.502847 0.042539 0.551875 0.014961 0.548403
3 0.834727 0.625903 0.830352 0.626319 0.828828 0.627917 0.817656 0.629167 0.806914 0.629167 0.803672 0.627500 0.802617 0.623611 0.793164 0.600833 0.787969 0.590764 0.784961 0.581944 0.773906 0.562708 0.773086 0.559583 0.773320 0.556944 0.775508 0.554097 0.779883 0.554097 0.783359 0.551597 0.796055 0.552014 0.799961 0.558194 0.801133 0.561667 0.809688 0.576806 0.811289 0.581181 0.821211 0.597153 0.825352 0.606597 0.834375 0.622153
3 0.800352 0.629444 0.799180 0.631528 0.797500 0.629931 0.796680 0.627639 0.798008 0.625069 0.799844 0.624097 0.801016 0.626181 0.800195 0.628333
3 0.794375 0.630000 0.794023 0.631458 0.793047 0.632083 0.789258 0.625972 0.786719 0.619306 0.786875 0.616111 0.788555 0.616111 0.791445 0.624444 0.793750 0.628125
3 0.784883 0.630903 0.786055 0.632986 0.785742 0.634444 0.784727 0.635069 0.776758 0.634722 0.772109 0.627014 0.771602 0.625278 0.771953 0.623819 0.767383 0.616875 0.766758 0.614653 0.767109 0.612569 0.768789 0.612569 0.769805 0.615486 0.777930 0.627361 0.779258 0.625833 0.784883 0.630903
1 0.784297 0.590208 0.782734 0.588819 0.782539 0.585694 0.783125 0.583194 0.785313 0.581944 0.788008 0.583819 0.788672 0.586250 0.788359 0.589583 0.784531 0.590139
1 0.739727 0.543750 0.752227 0.544792 0.754727 0.546111 0.755469 0.548056 0.753594 0.550625 0.740586 0.551181 0.739609 0.550278 0.738438 0.546389 0.738789 0.544375 0.739687 0.543750
3 0.714766 0.493889 0.715938 0.491806 0.719297 0.497083 0.718125 0.499167 0.715352 0.495694
3 0.719453 0.495347 0.720273 0.493403 0.722031 0.492014 0.723828 0.492639 0.724180 0.494097 0.723008 0.496181 0.720625 0.497431 0.719805 0.496806
3 0.719453 0.500000 0.719805 0.498542 0.720898 0.497917 0.722695 0.498542 0.723047 0.500000 0.721875 0.502083 0.719805 0.501528
3 0.726172 0.505833 0.727344 0.507917 0.726328 0.511250 0.724922 0.510833 0.724570 0.509375 0.725078 0.507153
3 0.729453 0.512361 0.729766 0.510833 0.731172 0.510278 0.734023 0.511875 0.734844 0.513819 0.733672 0.515903 0.729766 0.513819
3 0.739414 0.521181 0.740703 0.519097 0.741836 0.520556 0.742148 0.522708 0.742305 0.526389 0.740586 0.530694 0.739414 0.528611 0.739844 0.522778
3 0.768633 0.506667 0.768047 0.509236 0.765781 0.511111 0.764883 0.514653 0.762305 0.515417 0.761445 0.514653 0.761016 0.512847 0.762266 0.509236 0.765156 0.506181 0.764336 0.504236 0.764687 0.502708 0.765508 0.502153 0.766328 0.502708 0.766641 0.504653 0.768203 0.505069
3 0.776523 0.533542 0.777695 0.531458 0.779414 0.534028 0.779414 0.536250 0.778633 0.538194 0.777969 0.538542 0.776797 0.536736 0.776523 0.533750
3 0.763906 0.536458 0.765078 0.534375 0.765937 0.535000 0.765937 0.537917 0.764258 0.537917
3 0.771797 0.543125 0.773125 0.541042 0.773984 0.541667 0.775273 0.545556 0.774102 0.547639 0.772539 0.545000
3 0.754102 0.522153 0.754414 0.517014 0.756094 0.517014 0.756094 0.523681 0.754414 0.523681
3 0.766406 0.518958 0.767578 0.516875 0.768750 0.518958 0.768398 0.520486 0.766758 0.520486
3 0.744805 0.495625 0.745977 0.493542 0.747148 0.495625 0.746797 0.497083 0.745156 0.497083
1 0.684102 0.566875 0.684375 0.564306 0.686562 0.560972 0.690117 0.559653 0.694258 0.564444 0.697344 0.570625 0.697813 0.574722 0.699883 0.577986 0.698711 0.580069 0.693516 0.577431 0.693203 0.579167 0.691523 0.579167 0.691172 0.575556 0.691992 0.571944 0.691172 0.571875 0.689570 0.568819 0.690391 0.566528 0.689492 0.564792 0.685859 0.568681 0.684453 0.568333
1 0.684102 0.575000 0.685273 0.572917 0.686367 0.574375 0.687266 0.578472 0.686953 0.579931 0.685195 0.579792 0.684258 0.576042
1 0.705000 0.569583 0.704609 0.572431 0.703437 0.573681 0.702305 0.573681 0.700742 0.570556 0.701641 0.566458 0.704961 0.562083 0.707852 0.562708 0.708867 0.564306 0.709297 0.566875 0.708594 0.571528 0.713320 0.573403 0.715195 0.577292 0.715039 0.580903 0.713242 0.581528 0.712070 0.580139 0.708828 0.579653 0.706562 0.582847 0.706797 0.583750 0.709922 0.582778 0.712656 0.584306 0.715547 0.588681 0.717578 0.586319 0.719609 0.585764 0.722578 0.588333 0.724961 0.586389 0.725156 0.583889 0.728477 0.580833 0.729648 0.582917 0.728242 0.586806 0.736250 0.585764 0.737422 0.587847 0.736719 0.588889 0.737891 0.588750 0.738477 0.585833 0.739297 0.585278 0.744570 0.584722 0.746680 0.586736 0.747109 0.589792 0.746328 0.591736 0.745117 0.592361 0.737227 0.592847 0.736367 0.592222 0.736250 0.589653 0.731953 0.592361 0.727461 0.592361 0.716562 0.595556 0.705977 0.595486 0.697617 0.596389 0.695937 0.597778 0.695117 0.597153 0.694922 0.593750 0.695898 0.590347 0.693242 0.586319 0.693516 0.584028 0.694961 0.582292 0.695625 0.582639 0.697695 0.586389 0.699297 0.587222 0.705391 0.582431 0.704102 0.581875 0.703789 0.579444 0.705039 0.576875 0.704609 0.573819 0.706250 0.570764 0.705000 0.569444
1 0.699375 0.592153 0.700547 0.592083 0.700273 0.591389
1 0.730898 0.583611 0.732070 0.581528 0.733242 0.583611 0.732930 0.585139 0.731250 0.585139
1 0.745664 0.576597 0.741563 0.571944 0.740898 0.570069 0.741250 0.566667 0.742344 0.566042 0.745586 0.570000 0.747109 0.574514 0.746758 0.575972 0.745820 0.576597
3 0.708672 0.639861 0.707773 0.639167 0.706680 0.635833 0.706875 0.633403 0.708164 0.633472 0.707930 0.631528 0.707305 0.632500 0.704141 0.628194 0.702813 0.623264 0.703437 0.621111 0.705234 0.619236 0.706328 0.619861 0.707070 0.624167 0.707891 0.622986 0.706680 0.619861 0.708008 0.617500 0.708828 0.618125 0.709297 0.621319 0.708359 0.622986 0.709297 0.625000 0.709297 0.627361 0.710391 0.632292 0.713945 0.641319 0.713789 0.643958 0.712969 0.644583 0.711875 0.643264 0.709805 0.637847
3 0.704727 0.599861 0.705898 0.597778 0.706758 0.598403 0.706875 0.604583 0.706055 0.605139 0.704961 0.603750 0.704727 0.600000
3 0.712500 0.598681 0.712852 0.597153 0.713945 0.596597 0.716641 0.601111 0.716289 0.602569 0.715195 0.603194 0.713203 0.600556
3 0.711797 0.622014 0.712500 0.619722 0.714336 0.617431 0.716016 0.617361 0.716367 0.618819 0.715625 0.620764 0.712969 0.624097 0.712148 0.623542
3 0.705586 0.611944 0.706680 0.608403 0.708398 0.608264 0.708750 0.609722 0.708047 0.612361 0.706875 0.614028 0.705898 0.613403
3 0.729766 0.635069 0.731445 0.635486 0.731875 0.637083 0.730820 0.640000 0.728477 0.640000 0.728164 0.637778 0.729258 0.635694
3 0.738242 0.636319 0.738828 0.629097 0.739844 0.628056 0.740820 0.628681 0.741563 0.634583 0.739414 0.638403 0.738594 0.637778
3 0.743086 0.623750 0.741914 0.625833 0.740625 0.623264 0.741797 0.620972 0.742930 0.622778
3 0.736055 0.614931 0.737344 0.612083 0.738164 0.612708 0.738320 0.615556 0.737227 0.617014 0.736367 0.616389
3 0.747383 0.635833 0.744648 0.631181 0.744844 0.628472 0.745664 0.627847 0.746758 0.629236 0.749883 0.635069 0.749531 0.637292 0.747734 0.637292
3 0.737578 0.597639 0.738750 0.595556 0.740469 0.597569 0.742383 0.603611 0.742070 0.606042 0.740391 0.606042 0.737578 0.597778
3 0.743125 0.609028 0.744297 0.606944 0.746445 0.607292 0.743672 0.599861 0.743984 0.598403 0.745508 0.598194 0.750469 0.609931 0.752852 0.608403 0.754805 0.609028 0.754805 0.611944 0.753750 0.612708 0.753359 0.615000 0.763437 0.628611 0.767109 0.632153 0.767891 0.634097 0.767539 0.635556 0.766445 0.636181 0.763516 0.633611 0.760156 0.628889 0.762500 0.635556 0.762148 0.637083 0.761055 0.637639 0.760078 0.636806 0.755586 0.623889 0.751484 0.617847 0.747930 0.610625 0.746953 0.611597 0.748203 0.615417 0.747109 0.618472 0.745937 0.619236 0.744492 0.617153 0.743398 0.610417
3 0.766250 0.627986 0.768086 0.625625 0.769258 0.627708 0.768086 0.629792 0.766563 0.629444
3 0.747539 0.625486 0.748711 0.623403 0.749648 0.624306 0.753750 0.631181 0.755156 0.634861 0.754805 0.636319 0.752930 0.636181 0.748047 0.627222
3 0.727070 0.547917 0.728242 0.545833 0.730078 0.546181 0.729727 0.542847 0.727500 0.537986 0.728672 0.535903 0.731758 0.540972 0.732422 0.547222 0.731758 0.549514 0.730859 0.550347 0.727422 0.549375
3 0.712109 0.501458 0.713281 0.499375 0.715000 0.499792 0.716250 0.503958 0.716133 0.507153 0.715273 0.507778 0.713672 0.503611 0.712461 0.502917
3 0.698359 0.529444 0.699531 0.527361 0.703242 0.531389 0.704102 0.533403 0.702930 0.535486 0.701133 0.534375 0.698945 0.531250
3 0.676836 0.534097 0.676445 0.528403 0.676758 0.526944 0.678398 0.526319 0.679570 0.528333 0.680156 0.532292 0.678008 0.536181 0.677187 0.535556
3 0.674023 0.512083 0.675312 0.509653 0.677031 0.509583 0.677383 0.511042 0.676719 0.513056 0.675195 0.514167 0.674375 0.513542
3 0.666992 0.507847 0.666680 0.509653 0.665820 0.510278 0.663125 0.506667 0.662461 0.504306 0.662813 0.502500 0.663633 0.501875 0.666445 0.506042
1 0.652109 0.555417 0.652461 0.553889 0.655664 0.552708 0.669258 0.542639 0.671328 0.545208 0.674063 0.556250 0.673750 0.558056 0.672891 0.558681 0.664258 0.557361 0.654609 0.558333 0.652461 0.556875
3 0.646641 0.508125 0.645469 0.510208 0.644141 0.507500 0.645078 0.502917 0.646328 0.501597 0.647031 0.502847 0.648242 0.499722 0.649492 0.499583 0.650625 0.497778 0.651641 0.498333 0.651992 0.499861 0.651289 0.504167 0.650156 0.506042 0.649062 0.504792 0.648125 0.505764 0.647148 0.504861 0.646523 0.507153
3 0.646797 0.523472 0.648984 0.518750 0.649805 0.519306 0.650156 0.521111 0.648945 0.524653 0.647969 0.525556 0.647148 0.524931
3 0.640156 0.531181 0.641328 0.529097 0.643320 0.530000 0.643672 0.531458 0.642500 0.533542 0.640586 0.532778
3 0.645977 0.541181 0.647070 0.536667 0.648789 0.536458 0.649141 0.537917 0.648320 0.541458 0.647148 0.543264 0.646328 0.542639
3 0.642500 0.552153 0.642813 0.550625 0.643828 0.550069 0.646563 0.552292 0.646992 0.553889 0.645820 0.555972 0.643320 0.554097
3 0.631523 0.518125 0.631875 0.513750 0.633516 0.513750 0.633516 0.519653 0.631875 0.519653
3 0.624219 0.514931 0.625039 0.507847 0.626719 0.507847 0.627031 0.509583 0.626211 0.516389 0.624531 0.516389
3 0.612891 0.530000 0.615000 0.526319 0.616719 0.526111 0.617070 0.527639 0.616055 0.530208 0.614414 0.532083 0.613242 0.531458
3 0.614062 0.553889 0.614961 0.551181 0.616250 0.549722 0.617070 0.550347 0.618242 0.554514 0.617891 0.556528 0.617070 0.557153 0.614414 0.555347
3 0.609609 0.541806 0.608437 0.543889 0.607422 0.543264 0.606602 0.537083 0.606914 0.535278 0.607773 0.534653 0.608906 0.536597 0.609414 0.540694
3 0.616406 0.536736 0.617734 0.533542 0.618711 0.532639 0.619570 0.533194 0.619453 0.536597 0.617578 0.538819 0.616719 0.538264
1 0.679219 0.599097 0.678047 0.601181 0.670586 0.600903 0.669766 0.600278 0.669258 0.595556 0.669570 0.594097 0.671250 0.593472 0.674219 0.594097 0.678438 0.597153
3 0.645820 0.564861 0.646992 0.562778 0.654609 0.565694 0.656719 0.567500 0.658125 0.571944 0.656953 0.574028 0.653945 0.569792 0.646992 0.567222 0.645820 0.565000
3 0.666250 0.560417 0.667422 0.562500 0.666289 0.564167 0.667422 0.566875 0.666641 0.568264 0.668320 0.568542 0.671758 0.578403 0.671406 0.580486 0.670586 0.581111 0.669453 0.579653 0.666680 0.571458 0.666523 0.568472 0.665039 0.567639 0.664102 0.561667 0.666172 0.560417
3 0.671406 0.560972 0.672578 0.558889 0.673398 0.559514 0.673398 0.562222 0.677734 0.571111 0.679414 0.578194 0.680547 0.578750 0.685195 0.595069 0.685039 0.597917 0.684336 0.598472 0.684883 0.601111 0.686367 0.599375 0.689023 0.605347 0.688281 0.606667 0.688711 0.607986 0.689688 0.607083 0.690820 0.608472 0.693008 0.614236 0.694375 0.620417 0.695352 0.630139 0.699844 0.642639 0.700000 0.644583 0.698984 0.647292 0.695664 0.647847 0.694531 0.646250 0.692500 0.647292 0.687383 0.646111 0.687383 0.643750 0.686406 0.642569 0.684922 0.641389 0.683867 0.642569 0.682773 0.641111 0.675898 0.615972 0.672891 0.609722 0.668398 0.595000 0.666094 0.591458 0.666523 0.587153 0.669766 0.585833 0.671758 0.589097 0.672383 0.598194 0.676211 0.609306 0.676719 0.604444 0.677539 0.602431 0.680781 0.601736 0.677500 0.595417 0.676055 0.588194 0.674414 0.583472 0.674219 0.577222 0.675312 0.574306 0.671406 0.561319
3 0.673711 0.644931 0.674258 0.639028 0.675977 0.639167 0.677070 0.642847 0.676719 0.648472 0.674922 0.648472 0.674609 0.646389 0.674063 0.646389
3 0.668398 0.634861 0.668828 0.633264 0.671914 0.630417 0.672734 0.631042 0.673086 0.632778 0.672500 0.634722 0.669570 0.636944 0.668750 0.636319
3 0.667422 0.639306 0.668594 0.637222 0.671250 0.641458 0.671094 0.644028 0.669336 0.643889 0.667422 0.639444
3 0.668906 0.618611 0.670000 0.614931 0.671563 0.613542 0.672734 0.614167 0.672734 0.617153 0.671641 0.617847 0.670898 0.620069 0.669258 0.620069
3 0.661445 0.630417 0.662539 0.625833 0.664258 0.625694 0.664609 0.627153 0.663711 0.631111 0.662617 0.632500 0.661758 0.631875
3 0.655117 0.646667 0.657969 0.642014 0.659102 0.642569 0.659453 0.644028 0.657305 0.648681 0.655469 0.648472 0.655117 0.646806
3 0.651133 0.636319 0.652031 0.633958 0.653281 0.633056 0.654141 0.633681 0.654453 0.635139 0.653672 0.637153 0.652305 0.638403 0.651484 0.637778
3 0.650469 0.652292 0.650469 0.650556 0.649648 0.649931 0.647148 0.638681 0.648320 0.636597 0.649883 0.638889 0.652813 0.647569 0.652461 0.653750 0.650820 0.653750
3 0.642852 0.647847 0.641680 0.649931 0.640391 0.648472 0.639492 0.644306 0.638516 0.630903 0.633828 0.618333 0.632500 0.607361 0.631016 0.602639 0.631016 0.599722 0.632188 0.597639 0.633008 0.598194 0.633359 0.601875 0.634648 0.605556 0.636172 0.617431 0.640625 0.629236 0.642422 0.646319
3 0.643984 0.645208 0.643984 0.639306 0.645156 0.637222 0.646328 0.639306 0.646328 0.645208 0.645977 0.646667 0.644336 0.646667
3 0.624531 0.581944 0.625703 0.579861 0.626875 0.581944 0.626875 0.588472 0.625703 0.590556 0.624531 0.588472 0.624531 0.582292
3 0.616211 0.591458 0.617383 0.589375 0.618242 0.589931 0.619414 0.598056 0.621563 0.605000 0.622227 0.616736 0.623555 0.617153 0.623906 0.618611 0.623867 0.624097 0.624531 0.627778 0.626875 0.637222 0.630000 0.645139 0.630195 0.649306 0.628203 0.652292 0.625312 0.650347 0.622891 0.643125 0.620391 0.626319 0.619219 0.605556 0.617227 0.599097 0.616250 0.591736
3 0.635195 0.631944 0.636836 0.631944 0.636836 0.634861 0.635469 0.635139 0.635703 0.636597 0.636836 0.636944 0.637188 0.638403 0.636406 0.641111 0.638086 0.642431 0.638672 0.644583 0.638242 0.649167 0.634336 0.652639 0.632266 0.652292 0.630508 0.648472 0.630703 0.638611 0.626367 0.612083 0.627695 0.608333 0.629375 0.607361 0.630469 0.608819 0.630820 0.611806 0.631875 0.613889 0.631875 0.620000 0.635039 0.633194
3 0.633359 0.646111 0.634570 0.643125 0.633516 0.643125 0.633164 0.640000 0.632773 0.644444
3 0.635859 0.645208 0.636367 0.646111 0.635781 0.644514
1 0.492188 0.566111 0.546211 0.566806 0.547031 0.570347 0.546445 0.573194 0.539844 0.571042 0.532461 0.571042 0.532070 0.572500 0.535664 0.577083 0.538438 0.576389 0.541250 0.573889 0.545234 0.573194 0.549609 0.576389 0.549805 0.578889 0.548438 0.582431 0.547813 0.587361 0.545625 0.588819 0.542422 0.588819 0.537266 0.586667 0.529062 0.586667 0.519883 0.584514 0.502734 0.584514 0.497773 0.583125 0.489375 0.583125 0.485391 0.580972 0.483984 0.576944 0.483008 0.586181 0.481445 0.587917 0.479570 0.587292 0.479453 0.580417 0.481992 0.568194 0.483047 0.566111 0.485234 0.564861 0.490547 0.564861 0.491719 0.566528
1 0.484922 0.569236 0.484609 0.570139 0.485234 0.569167
1 0.495430 0.559583 0.501250 0.558819 0.502617 0.559583 0.502617 0.560556 0.501641 0.562500 0.498047 0.562500 0.493477 0.560556
1 0.414414 0.565486 0.477148 0.566458 0.475625 0.570903 0.475039 0.581250 0.472969 0.593056 0.469922 0.601944 0.468398 0.604375 0.467578 0.608056 0.464805 0.613472 0.458867 0.610069 0.454570 0.609306 0.452187 0.607361 0.452344 0.603889 0.455664 0.598194 0.454844 0.593542 0.446523 0.592778 0.443359 0.596528 0.441250 0.596528 0.436562 0.592083 0.430469 0.589097 0.417031 0.586389 0.413281 0.577292 0.413281 0.572639 0.414531 0.566250
1 0.405859 0.584514 0.407188 0.581042 0.408828 0.579236 0.410039 0.579583 0.412773 0.584028 0.410898 0.586806 0.406172 0.585972
1 0.420859 0.557361 0.423828 0.553681 0.432148 0.557778 0.436094 0.553889 0.437109 0.554514 0.436523 0.561528 0.426484 0.561875 0.419453 0.560278
1 0.459375 0.558819 0.463555 0.553889 0.464453 0.553889 0.465977 0.557222 0.467930 0.555556 0.470937 0.554931 0.472656 0.552708 0.479609 0.553472 0.478555 0.562708 0.458477 0.561875
1 0.487734 0.508056 0.487461 0.512500 0.484766 0.521181 0.484297 0.525486 0.482930 0.525486 0.480820 0.523403 0.480547 0.520347 0.482930 0.515556 0.483711 0.508542 0.485625 0.507708
1 0.376680 0.533056 0.380977 0.531597 0.395508 0.531111 0.405352 0.528125 0.410898 0.528125 0.416719 0.530833 0.417148 0.537014 0.409219 0.558194 0.407578 0.561111 0.372656 0.559167 0.370195 0.557708 0.370195 0.553750 0.370938 0.550972 0.372734 0.549028 0.374492 0.549444 0.375781 0.551736 0.380000 0.554236 0.386797 0.556736 0.393164 0.556736 0.394844 0.554514 0.394844 0.551528 0.391641 0.548819 0.380430 0.544861 0.376016 0.541944 0.375156 0.539444 0.375312 0.535764
1 0.356406 0.536875 0.357578 0.534792 0.358008 0.535556 0.359648 0.531806 0.360391 0.532014 0.361523 0.526944 0.363398 0.526806 0.363516 0.529514 0.364180 0.530139 0.364570 0.523194 0.366172 0.520278 0.367539 0.520625 0.367891 0.522083 0.366523 0.525903 0.366523 0.530486 0.368242 0.533264 0.368086 0.535903 0.366719 0.536528 0.361133 0.533403 0.361250 0.534653 0.360117 0.537431 0.359102 0.538472 0.358242 0.537778 0.357578 0.538958 0.356758 0.538333
1 0.381523 0.505764 0.382695 0.507847 0.381055 0.511597 0.379336 0.511736 0.378984 0.510278 0.379609 0.507917 0.381484 0.505764
1 0.381875 0.512986 0.383906 0.508681 0.385078 0.509444 0.385898 0.511528 0.385547 0.514722 0.383320 0.515833 0.382227 0.514444
1 0.367695 0.564097 0.407031 0.565069 0.401484 0.579375 0.398711 0.590208 0.394844 0.596389 0.394844 0.600764 0.390117 0.608194 0.386250 0.617778 0.382656 0.620486 0.379883 0.617292 0.379609 0.611875 0.375703 0.605694 0.373086 0.599583 0.373516 0.594167 0.371289 0.590208 0.362695 0.588958 0.358555 0.586250 0.355508 0.578889 0.357695 0.574444 0.364766 0.570000 0.366719 0.566806
1 0.227891 0.568681 0.232852 0.565625 0.240820 0.563333 0.236914 0.570903 0.226055 0.570556
1 0.197383 0.607083 0.199648 0.603403 0.204766 0.600486 0.214336 0.596389 0.216680 0.597014 0.217031 0.598472 0.216094 0.601389 0.209063 0.610278 0.200156 0.625556 0.195352 0.627153 0.193086 0.625208 0.192656 0.622847 0.193633 0.620000 0.198633 0.612986 0.198906 0.612153 0.197852 0.611528 0.197500 0.610069 0.197773 0.608681
3 0.542500 0.647986 0.543906 0.647639 0.544766 0.651667 0.546172 0.654375 0.545977 0.658125 0.543906 0.660417 0.542734 0.658750 0.542188 0.654514 0.540977 0.656250 0.540000 0.656250 0.538828 0.654167 0.539180 0.649722 0.540117 0.649236 0.541055 0.628819 0.541055 0.624583 0.539961 0.618472 0.539961 0.611319 0.541055 0.602917 0.541055 0.591597 0.542227 0.589514 0.543398 0.591597 0.543398 0.603958 0.542305 0.612361 0.545000 0.609722 0.545820 0.610347 0.546602 0.613750 0.545000 0.616319 0.542305 0.615833 0.543398 0.624097 0.541953 0.650417 0.542344 0.650764
3 0.528438 0.587431 0.529609 0.585347 0.530781 0.587431 0.529609 0.589514 0.528789 0.588889
3 0.528320 0.593333 0.529492 0.591250 0.530664 0.593333 0.529492 0.595417 0.528672 0.594792
3 0.524453 0.596528 0.524844 0.592986 0.526719 0.591736 0.528125 0.593681 0.528984 0.598750 0.527422 0.601319 0.525938 0.608194 0.523945 0.608958 0.522344 0.606389 0.525117 0.598403
3 0.528008 0.621181 0.526836 0.623264 0.525039 0.623264 0.523867 0.621181 0.524219 0.617708 0.525039 0.617083 0.527539 0.619444
3 0.537852 0.647292 0.536680 0.651181 0.535859 0.651806 0.533008 0.647292 0.532734 0.638889 0.530547 0.622153 0.530547 0.615000 0.531484 0.611181 0.532813 0.609722 0.533984 0.611806 0.532891 0.615764 0.532891 0.621875 0.535078 0.638403 0.535273 0.644653 0.537383 0.645556
3 0.521992 0.655278 0.520742 0.655278 0.519648 0.653819 0.519805 0.650694 0.521133 0.645694 0.522227 0.630486 0.523398 0.628403 0.524219 0.629028 0.524570 0.632222 0.523438 0.646528 0.522500 0.651181 0.523125 0.652014 0.522969 0.654653 0.522070 0.655278
3 0.525898 0.654514 0.527070 0.656597 0.526719 0.659097 0.525898 0.659722 0.524141 0.656597 0.524492 0.655139 0.525742 0.654583
3 0.515078 0.655278 0.516445 0.655903 0.516797 0.657361 0.516328 0.660556 0.515508 0.661181 0.513984 0.660903 0.513086 0.658333 0.513437 0.655903 0.514961 0.655278
3 0.510742 0.652708 0.511055 0.651181 0.513281 0.650347 0.515078 0.650972 0.515430 0.652431 0.514258 0.654792 0.511055 0.654167
3 0.512773 0.646250 0.511602 0.648611 0.510469 0.646806 0.510664 0.641111 0.512305 0.641111 0.512656 0.645278
3 0.504648 0.654167 0.506602 0.650278 0.505586 0.648264 0.506406 0.646042 0.507891 0.645208 0.508984 0.645764 0.508984 0.648750 0.507305 0.650069 0.508555 0.650000 0.508516 0.653056 0.505820 0.656250 0.504961 0.655625
3 0.508516 0.641597 0.508164 0.643056 0.506680 0.643333 0.504922 0.641944 0.504492 0.639375 0.504844 0.637708 0.506641 0.635903 0.505859 0.633958 0.507031 0.631875 0.508203 0.633958 0.507070 0.636042 0.507617 0.636458 0.508008 0.639931
3 0.500195 0.628056 0.501289 0.626111 0.498398 0.622292 0.497031 0.615278 0.497344 0.611806 0.498203 0.611181 0.499023 0.611806 0.500391 0.619931 0.502969 0.624097 0.502617 0.625625 0.501484 0.626181 0.502539 0.628056 0.500898 0.653681 0.499727 0.655764 0.498633 0.654028 0.497227 0.653681 0.496875 0.652222 0.497305 0.650625 0.498828 0.649097
3 0.493828 0.638403 0.494844 0.635694 0.495977 0.634861 0.497617 0.634861 0.498789 0.636944 0.497891 0.643542 0.497070 0.644167 0.495273 0.642569 0.493828 0.638542
3 0.502344 0.601875 0.504414 0.602708 0.504375 0.605764 0.506016 0.607778 0.506094 0.610833 0.503164 0.610833 0.502969 0.606875 0.501367 0.606389 0.501016 0.603958 0.502266 0.601875
3 0.507734 0.625486 0.508906 0.627569 0.506484 0.631111 0.505312 0.629028 0.505664 0.627569 0.506836 0.627083
3 0.516680 0.628819 0.518008 0.624861 0.519648 0.624861 0.520000 0.626319 0.518789 0.628403 0.518750 0.630139 0.517031 0.630278
3 0.527773 0.614236 0.528945 0.612153 0.530117 0.614236 0.528945 0.616319 0.528086 0.615764
3 0.527266 0.609444 0.528438 0.611528 0.527266 0.613611 0.525352 0.613750 0.525352 0.610833 0.526719 0.610486
3 0.501602 0.590139 0.502773 0.588056 0.504961 0.588681 0.505312 0.590139 0.504141 0.592222 0.501914 0.591597
3 0.499219 0.586944 0.500391 0.584861 0.501563 0.586944 0.500391 0.589028 0.499570 0.588403
3 0.493555 0.595556 0.494727 0.593472 0.495898 0.595556 0.494727 0.597639 0.493906 0.597014
3 0.493203 0.596944 0.494648 0.599236 0.494648 0.600694 0.492930 0.603542 0.491328 0.600972 0.491328 0.599028 0.491680 0.597500 0.493125 0.596944
3 0.484414 0.602917 0.483359 0.606389 0.482539 0.607014 0.481367 0.604931 0.481719 0.603958 0.481211 0.602222 0.482383 0.600139 0.483437 0.601250
3 0.488828 0.634931 0.490000 0.632847 0.491797 0.633472 0.492148 0.634931 0.490977 0.637292 0.489180 0.636458
3 0.490078 0.625625 0.491133 0.623264 0.492656 0.622778 0.493828 0.624861 0.492656 0.627153 0.490430 0.627083
3 0.469297 0.650972 0.472070 0.640764 0.473789 0.640625 0.473984 0.643333 0.471953 0.650694 0.470469 0.653056 0.469648 0.652431
3 0.481484 0.656111 0.482344 0.650347 0.482461 0.639861 0.483633 0.637778 0.484805 0.639861 0.484687 0.651181 0.483516 0.657569 0.481836 0.657569
3 0.537070 0.552708 0.539023 0.554583 0.539375 0.558264 0.538945 0.559861 0.537930 0.560625 0.536328 0.558889 0.535625 0.556806 0.535898 0.554722
3 0.534375 0.550417 0.533203 0.552500 0.531875 0.550417 0.532031 0.546181 0.532930 0.543611 0.534297 0.543958 0.534648 0.545486 0.534375 0.550278
3 0.533398 0.532431 0.534570 0.530347 0.536719 0.533889 0.536523 0.535069 0.535000 0.536736 0.533828 0.534931 0.533438 0.532500
3 0.538555 0.530694 0.539297 0.527014 0.540117 0.526389 0.542422 0.530694 0.542070 0.533611 0.541250 0.534236 0.538906 0.532153
3 0.542773 0.512569 0.543945 0.514653 0.542773 0.516736 0.541367 0.516181 0.541367 0.513194 0.542656 0.512778
3 0.525781 0.510278 0.526953 0.508194 0.528750 0.508750 0.529102 0.510278 0.527930 0.512361 0.526133 0.511736
3 0.523984 0.505556 0.525156 0.503472 0.526328 0.505556 0.525703 0.508750 0.524062 0.508750 0.524062 0.505833
3 0.521367 0.511250 0.522539 0.509167 0.523867 0.512222 0.522695 0.514306 0.521836 0.513681 0.521523 0.511875
3 0.523867 0.518125 0.525039 0.516042 0.526406 0.516667 0.526758 0.518125 0.525586 0.520208 0.524219 0.519583
3 0.525508 0.537847 0.526680 0.535764 0.527852 0.537847 0.526680 0.539931 0.525859 0.539306
3 0.519297 0.547917 0.520469 0.545833 0.521641 0.547917 0.520469 0.550000 0.519648 0.549375
3 0.517070 0.554583 0.517266 0.551875 0.518945 0.551875 0.519414 0.554583 0.518242 0.556667 0.517422 0.556042
3 0.510508 0.531528 0.513945 0.535694 0.513594 0.538681 0.510508 0.539444 0.509414 0.538125 0.509023 0.533611 0.509375 0.532153 0.510430 0.531528
3 0.508398 0.512569 0.509727 0.514931 0.509375 0.520069 0.506602 0.520069 0.506289 0.518125 0.507305 0.513889
3 0.501836 0.509236 0.503008 0.507153 0.504180 0.509236 0.503008 0.511319 0.502188 0.510764
3 0.501055 0.511597 0.501914 0.512222 0.502227 0.514167 0.500430 0.520486 0.498594 0.523194 0.497422 0.520833 0.499922 0.513264
3 0.488555 0.528472 0.490234 0.525417 0.491445 0.520486 0.492617 0.518542 0.493438 0.519097 0.493789 0.521111 0.492188 0.527778 0.490664 0.530208 0.488867 0.529931
3 0.489219 0.541042 0.490391 0.538958 0.491563 0.541042 0.490391 0.543125 0.489570 0.542500
3 0.502656 0.547708 0.501484 0.550000 0.499766 0.548542 0.498516 0.544722 0.501367 0.533681 0.502461 0.532292 0.503281 0.532917 0.503633 0.534861 0.501250 0.544861 0.501875 0.545694
3 0.503359 0.548194 0.504531 0.546111 0.505703 0.548194 0.504648 0.550069 0.505625 0.550625 0.505625 0.553611 0.503984 0.553611 0.503633 0.552083 0.504414 0.550139 0.503711 0.549653
3 0.503867 0.557708 0.504687 0.558333 0.504648 0.561736 0.503047 0.563125 0.501875 0.561042 0.502227 0.559514 0.503281 0.558958
3 0.457813 0.515000 0.458984 0.512917 0.464297 0.512917 0.465469 0.515000 0.464297 0.517083 0.458164 0.516458
3 0.473125 0.502847 0.474297 0.500764 0.475117 0.501389 0.475469 0.504931 0.471445 0.517014 0.470430 0.523889 0.468398 0.526458 0.469453 0.527083 0.469453 0.530069 0.467461 0.531250 0.466289 0.529167 0.467969 0.526528 0.466953 0.524931 0.466797 0.521458 0.468242 0.516597 0.470742 0.511667 0.473125 0.503125
3 0.485742 0.500764 0.486914 0.498681 0.488086 0.500625 0.487930 0.507569 0.486250 0.507569 0.485742 0.500972
3 0.477773 0.526806 0.478945 0.524722 0.480117 0.526806 0.478945 0.528889 0.478125 0.528264
3 0.472461 0.529167 0.473633 0.527083 0.474609 0.527986 0.475117 0.529722 0.475117 0.535069 0.476094 0.535694 0.476445 0.537431 0.473398 0.544931 0.472734 0.550833 0.468984 0.556389 0.467969 0.555764 0.467617 0.554306 0.469531 0.549444 0.471289 0.540694 0.470117 0.540694 0.468945 0.538819 0.467422 0.539792 0.467148 0.550139 0.465156 0.555486 0.464336 0.554861 0.463633 0.549236 0.463633 0.540069 0.464570 0.537847 0.462148 0.537431 0.461797 0.535972 0.462969 0.533889 0.465820 0.533889 0.468203 0.535833 0.469062 0.537778 0.470117 0.536528 0.472383 0.536250 0.472813 0.530625
3 0.419766 0.550139 0.422852 0.551458 0.423281 0.553056 0.422578 0.557847 0.420937 0.558264 0.421602 0.561667 0.420117 0.564028 0.416719 0.562778 0.415273 0.558681 0.415625 0.552500 0.416367 0.550000 0.417266 0.549236 0.418438 0.551042 0.419453 0.550208
3 0.418125 0.555903 0.418086 0.559236 0.419297 0.559861 0.420195 0.558125 0.418164 0.555764
3 0.429414 0.550694 0.430586 0.548611 0.433242 0.548333 0.435078 0.548958 0.435391 0.550417 0.434219 0.552500 0.429766 0.552222
3 0.438398 0.550417 0.439570 0.548333 0.440742 0.550417 0.439570 0.552500 0.438711 0.551875
3 0.441055 0.551042 0.442227 0.548958 0.444023 0.550139 0.444375 0.551597 0.443203 0.553681 0.441367 0.552500
3 0.444219 0.538333 0.442891 0.540972 0.440703 0.540972 0.439531 0.538889 0.440391 0.534167 0.441211 0.533542 0.444219 0.533611 0.444531 0.535069 0.443906 0.536944
3 0.437070 0.541250 0.438242 0.543333 0.437891 0.544792 0.435391 0.545972 0.434063 0.545417 0.433711 0.543958 0.434531 0.541944 0.436875 0.541250
3 0.424258 0.540417 0.424609 0.537153 0.426250 0.537153 0.426250 0.541875 0.424609 0.541875
3 0.420430 0.537708 0.421602 0.539792 0.419453 0.544236 0.418281 0.542153 0.419531 0.538472
3 0.456797 0.653681 0.457969 0.651597 0.459141 0.653681 0.457969 0.655764 0.457148 0.655139
3 0.461367 0.638403 0.462539 0.636319 0.463711 0.638403 0.462539 0.640486 0.461719 0.639931
3 0.462070 0.634514 0.463242 0.632431 0.464414 0.634514 0.463242 0.636597 0.462422 0.635972
3 0.448516 0.617986 0.449688 0.615903 0.450859 0.617986 0.449688 0.620069 0.448828 0.619444
3 0.444766 0.622639 0.443789 0.611319 0.444336 0.609028 0.446758 0.608264 0.448711 0.612569 0.448633 0.616597 0.446328 0.620486 0.447109 0.622639 0.445937 0.624722 0.445117 0.624167
3 0.432852 0.652708 0.435430 0.640903 0.437070 0.640903 0.437422 0.644097 0.435117 0.653472 0.434023 0.654792 0.433203 0.654167
3 0.419766 0.653333 0.418438 0.651250 0.419883 0.647917 0.421289 0.648264 0.421641 0.649722 0.420859 0.651944
3 0.428437 0.627083 0.429609 0.625000 0.430430 0.625625 0.430781 0.630764 0.428008 0.644444 0.426836 0.646389 0.425977 0.645833 0.425664 0.643819 0.426953 0.635069 0.428281 0.631042 0.428437 0.627222
3 0.437695 0.597778 0.438867 0.595694 0.440039 0.597778 0.439687 0.600486 0.438047 0.600486 0.437812 0.598194
3 0.428555 0.597569 0.430547 0.595000 0.431719 0.597083 0.430156 0.599653 0.428906 0.599028
3 0.418516 0.587361 0.419688 0.589444 0.417031 0.602361 0.415898 0.604097 0.414727 0.602014 0.417422 0.587986 0.418359 0.587361
3 0.420312 0.596181 0.421250 0.597014 0.422266 0.595278 0.423359 0.595833 0.423359 0.603958 0.420859 0.605556 0.419141 0.603750 0.418164 0.600278 0.419375 0.597083
3 0.404609 0.647778 0.408125 0.627431 0.411641 0.614375 0.410547 0.612292 0.410898 0.610833 0.412578 0.610903 0.413594 0.607014 0.414922 0.605833 0.415742 0.606458 0.417461 0.609722 0.419063 0.610833 0.419063 0.613819 0.417695 0.614375 0.415195 0.611597 0.408867 0.635000 0.407539 0.644028 0.408555 0.644583 0.408711 0.646944 0.410469 0.646806 0.410469 0.649722 0.408672 0.651111 0.407539 0.649583 0.407031 0.650625 0.404961 0.649236
3 0.405781 0.650625 0.406953 0.652708 0.406602 0.654931 0.403711 0.655139 0.402930 0.651250 0.404102 0.649167 0.404922 0.649722 0.405273 0.651528
3 0.398438 0.657222 0.397266 0.655139 0.398359 0.652778 0.398242 0.649236 0.402734 0.632361 0.403828 0.630903 0.405000 0.632986 0.400703 0.649444 0.401523 0.653472 0.401211 0.654931 0.399141 0.656250
3 0.394062 0.650486 0.394883 0.645208 0.394453 0.644653 0.392188 0.649375 0.391016 0.647292 0.395313 0.633611 0.396641 0.632431 0.397461 0.632986 0.397383 0.636319 0.395625 0.641319 0.396250 0.641944 0.398242 0.637014 0.400039 0.628958 0.401875 0.627222 0.402734 0.627847 0.402930 0.630347 0.401250 0.636944 0.397500 0.648194 0.396914 0.655625 0.395234 0.655625 0.395117 0.652569
3 0.386602 0.651944 0.387773 0.649861 0.388945 0.651944 0.387773 0.654028 0.386953 0.653472
3 0.396719 0.630069 0.397969 0.624931 0.396094 0.624375 0.395742 0.622917 0.396016 0.618264 0.397187 0.616181 0.398359 0.618264 0.398906 0.623264 0.400078 0.623194 0.400312 0.625625 0.398711 0.631528 0.397031 0.631528
3 0.402539 0.596597 0.403711 0.594514 0.404883 0.596597 0.403711 0.598681 0.402852 0.598056
3 0.315273 0.648125 0.313281 0.644861 0.320234 0.629514 0.323398 0.616181 0.325078 0.616181 0.325430 0.618819 0.322227 0.631597 0.326602 0.619097 0.327734 0.617639 0.328555 0.618264 0.328750 0.621111 0.321172 0.642292 0.317852 0.649097 0.316094 0.649236 0.315820 0.647153
3 0.316094 0.645417 0.318828 0.640833 0.320820 0.634931
3 0.333047 0.604931 0.333867 0.605556 0.334219 0.607292 0.333164 0.612986 0.331406 0.615625 0.330234 0.613542 0.332148 0.605694
3 0.324219 0.645417 0.325625 0.638889 0.329297 0.629306 0.334883 0.618264 0.338867 0.606528 0.340039 0.604653 0.340859 0.605278 0.341211 0.607639 0.337891 0.617917 0.330898 0.632431 0.327773 0.642014 0.328555 0.643958 0.327734 0.647500 0.326914 0.648125 0.324570 0.646875
3 0.330898 0.636597 0.332070 0.634514 0.333594 0.636181 0.334766 0.630625 0.335859 0.629167 0.336719 0.629792 0.337031 0.631250 0.335586 0.639306 0.335547 0.643333 0.332891 0.643333 0.332539 0.640000 0.331680 0.638542
3 0.336367 0.641597 0.337539 0.639514 0.338711 0.641597 0.337539 0.643681 0.336719 0.643056
3 0.340508 0.646597 0.343867 0.634861 0.353242 0.613958 0.352813 0.612361 0.354375 0.605833 0.357187 0.598125 0.359141 0.595556 0.357656 0.591667 0.357969 0.590208 0.359492 0.589931 0.363789 0.597569 0.363477 0.599028 0.362305 0.599653 0.361016 0.598333 0.359141 0.600625 0.354805 0.613819 0.355508 0.615278 0.346172 0.635903 0.343203 0.646806 0.341680 0.648681 0.340859 0.648056
3 0.344336 0.648958 0.344570 0.646597 0.347109 0.644097 0.346836 0.642778 0.348711 0.637986 0.349844 0.636528 0.350664 0.637153 0.351016 0.638958 0.349688 0.647153 0.350508 0.648958 0.350156 0.650764 0.347852 0.651042 0.346641 0.649653 0.344687 0.650417
3 0.362812 0.621181 0.363633 0.621806 0.364648 0.625347 0.364297 0.626806 0.361484 0.626806 0.361133 0.624722 0.361875 0.621944
3 0.370391 0.622569 0.371445 0.621458 0.374922 0.621806 0.376445 0.624722 0.375625 0.626736 0.374492 0.627222 0.375430 0.629792 0.375117 0.631250 0.373516 0.631528 0.372500 0.627986 0.368281 0.627083 0.368281 0.623889 0.370352 0.622639
3 0.376094 0.650764 0.377266 0.648681 0.379102 0.649306 0.379414 0.650764 0.378242 0.652847 0.376445 0.652222
3 0.371797 0.638958 0.370625 0.641042 0.367461 0.636597 0.367773 0.635069 0.368945 0.634514 0.371250 0.637222
3 0.367461 0.635972 0.366289 0.638056 0.365156 0.636597 0.364297 0.632986 0.364648 0.631528 0.365781 0.629722 0.367344 0.630764 0.368125 0.632708 0.367227 0.634792
3 0.379414 0.619444 0.379102 0.621458 0.378242 0.622083 0.377266 0.621111 0.376250 0.622083 0.375430 0.621458 0.375430 0.612014 0.376250 0.611458 0.377383 0.612917 0.379258 0.618333
3 0.339180 0.576875 0.340352 0.574792 0.341523 0.576875 0.340352 0.578958 0.339531 0.578333
3 0.359141 0.565069 0.360312 0.562986 0.361484 0.565069 0.361094 0.568681 0.359961 0.570069 0.358789 0.567986 0.359141 0.565208
3 0.343672 0.590139 0.344844 0.592222 0.343984 0.594306 0.345039 0.596389 0.345039 0.598472 0.344297 0.602292 0.343203 0.603750 0.342031 0.601667 0.342617 0.598333 0.341172 0.593750 0.341875 0.591667 0.343516 0.590208
3 0.346836 0.612014 0.347187 0.611250 0.346523 0.609375 0.347227 0.606389 0.351172 0.596389 0.352148 0.595486 0.354492 0.596111 0.354844 0.598750 0.354180 0.603056 0.352500 0.605556 0.350352 0.612014 0.348359 0.614097 0.347187 0.613542
3 0.347187 0.588125 0.348359 0.586042 0.349531 0.588125 0.349023 0.590764 0.347344 0.590764 0.347187 0.588194
3 0.375664 0.505347 0.376797 0.501597 0.377812 0.500556 0.378750 0.501181 0.379102 0.502639 0.377969 0.505764 0.376836 0.507431 0.376016 0.506806
3 0.400586 0.503611 0.400938 0.502153 0.403867 0.501111 0.406055 0.498611 0.407227 0.500694 0.405586 0.503611 0.404141 0.503472 0.402734 0.505486 0.400938 0.505139
3 0.421484 0.506806 0.423164 0.502292 0.424766 0.502431 0.425078 0.503889 0.424609 0.505903 0.422656 0.508889 0.421836 0.508333
3 0.193437 0.651389 0.205195 0.630069 0.207539 0.627986 0.208359 0.628611 0.208711 0.630278 0.208242 0.631944 0.206953 0.632708 0.200781 0.644375 0.196094 0.652153 0.194609 0.653472 0.193789 0.652917
3 0.213320 0.624306 0.212969 0.626597 0.211445 0.627222 0.210273 0.625417 0.209805 0.622292 0.210977 0.620208 0.212852 0.622708
3 0.199219 0.652639 0.200508 0.649931 0.200469 0.646667 0.203203 0.644167 0.208594 0.633264 0.210312 0.631250 0.212969 0.633958 0.212969 0.636875 0.211914 0.637500 0.211406 0.639236 0.201641 0.653472 0.200391 0.654722 0.199531 0.654097
3 0.207734 0.653889 0.212383 0.643403 0.219023 0.631528 0.225352 0.618264 0.227617 0.614444 0.229141 0.614653 0.229297 0.617292 0.214023 0.646319 0.211133 0.653056 0.209727 0.655417 0.208086 0.655347
3 0.215469 0.653056 0.216992 0.648958 0.218750 0.648889 0.219102 0.650625 0.218398 0.652500 0.216641 0.655139 0.215820 0.654514
3 0.225312 0.635417 0.226133 0.635972 0.227266 0.639931 0.226836 0.642986 0.230820 0.633889 0.238867 0.621458 0.239961 0.620208 0.240781 0.620833 0.241133 0.622500 0.240156 0.625278 0.231992 0.637708 0.229375 0.644167 0.233320 0.636528 0.235469 0.634583 0.236406 0.635208 0.236328 0.638194 0.232227 0.644306 0.230820 0.649514 0.233125 0.651736 0.233008 0.655486 0.231992 0.656181 0.231172 0.655556 0.230820 0.653819 0.228477 0.653750 0.228437 0.656597 0.226211 0.656597 0.226211 0.653611 0.227773 0.653056 0.229102 0.644792 0.224180 0.656806 0.223242 0.657639 0.222383 0.657014 0.222070 0.655556 0.222578 0.653611 0.221719 0.651806 0.226797 0.643056 0.225312 0.643681 0.224219 0.642292 0.223672 0.639097 0.224219 0.636667
3 0.256484 0.640625 0.262305 0.627986 0.261875 0.626389 0.265469 0.616319 0.275117 0.602083 0.277383 0.595694 0.279102 0.595556 0.279336 0.597986 0.277031 0.604653 0.266602 0.620417 0.263320 0.628472 0.263633 0.630486 0.263164 0.632153 0.258437 0.642847 0.255039 0.648889 0.251133 0.653750 0.248867 0.659097 0.245117 0.658264 0.244805 0.656736 0.248555 0.649236 0.249531 0.648542 0.250508 0.649375
3 0.279219 0.585556 0.280391 0.587639 0.279570 0.590694 0.281406 0.594167 0.281055 0.595625 0.279609 0.595903 0.277617 0.593264 0.277227 0.589444 0.278203 0.586458
3 0.256680 0.621875 0.257852 0.619792 0.259023 0.621875 0.257852 0.623958 0.257031 0.623333
3 0.219414 0.605486 0.223008 0.597222 0.224531 0.597431 0.224844 0.598889 0.223594 0.602986 0.221875 0.606528 0.220156 0.607431
3 0.225977 0.598681 0.229258 0.591597 0.230977 0.591458 0.231328 0.593125 0.230859 0.594792 0.228242 0.600417 0.227148 0.600972 0.225977 0.598819
1 0.257383 0.578958 0.259570 0.578542 0.260742 0.580625 0.259883 0.582778 0.257266 0.583125 0.256094 0.581042 0.257344 0.578958
1 0.262109 0.580833 0.262461 0.579375 0.263750 0.578750 0.265391 0.579583 0.265703 0.581042 0.264531 0.583125 0.262461 0.582292
1 0.268711 0.575903 0.269883 0.577986 0.269531 0.580278 0.266953 0.580278 0.266719 0.577500 0.268633 0.575903
1 0.270742 0.579167 0.271914 0.577083 0.273047 0.578472 0.273008 0.582083 0.271641 0.582500 0.270742 0.579306
1 0.256680 0.603194 0.258906 0.604375 0.258906 0.607361 0.255078 0.609167 0.254141 0.608542 0.253906 0.606181 0.255859 0.603819
1 0.266367 0.605486 0.267461 0.599792 0.268477 0.598681 0.269414 0.599236 0.269648 0.601667 0.268359 0.606944 0.266719 0.606944
1 0.248320 0.604028 0.250820 0.603611 0.251992 0.605694 0.251563 0.607222 0.248633 0.609792 0.245586 0.608958 0.245234 0.607500 0.245977 0.605625 0.248281 0.604028
1 0.250430 0.597639 0.253906 0.590556 0.253672 0.588819 0.254648 0.584583 0.256367 0.584514 0.256719 0.586181 0.254414 0.595625 0.251602 0.599722 0.250781 0.599167
1 0.248125 0.577986 0.248477 0.576528 0.250937 0.575903 0.253008 0.578264 0.253359 0.580417 0.252188 0.582500 0.250898 0.580208 0.248477 0.579444
1 0.248008 0.592708 0.249180 0.590625 0.250352 0.592708 0.250039 0.594236 0.248359 0.594236
1 0.237969 0.593958 0.238750 0.591181 0.240195 0.589444 0.242109 0.589792 0.242969 0.591944 0.242383 0.594792 0.241211 0.596042 0.238320 0.595417
1 0.220195 0.609167 0.221367 0.607083 0.223242 0.607708 0.223555 0.605625 0.226680 0.602361 0.229492 0.606667 0.226875 0.611597 0.222422 0.611875 0.220625 0.610694
1 0.236992 0.601389 0.235820 0.603472 0.233828 0.600139 0.235234 0.597222 0.236055 0.597847 0.236406 0.599583
1 0.229805 0.601389 0.232773 0.595139 0.230938 0.592014 0.231289 0.588194 0.232227 0.587361 0.233047 0.587986 0.233281 0.590625 0.234219 0.592083 0.235586 0.590278 0.236523 0.590833 0.237539 0.594375 0.237227 0.595833 0.235547 0.595833 0.231992 0.602361 0.230977 0.603472 0.230117 0.602847
1 0.232539 0.584514 0.234141 0.580764 0.236641 0.580625 0.236992 0.582083 0.236016 0.584097 0.233711 0.586597 0.232891 0.585972
3 0.284258 0.569167 0.285430 0.571250 0.284258 0.573333 0.280234 0.573750 0.279062 0.571667 0.280703 0.569167 0.284219 0.569167
3 0.288789 0.550694 0.288438 0.552222 0.287031 0.552778 0.286172 0.552083 0.285391 0.549097 0.286758 0.543542 0.289766 0.537083 0.300078 0.520764 0.305039 0.515208 0.305977 0.515764 0.306328 0.517292 0.305391 0.519931 0.301602 0.523889 0.291719 0.539514 0.288828 0.545764 0.288125 0.548819
3 0.302148 0.531042 0.302500 0.529514 0.303906 0.528958 0.305625 0.531181 0.306797 0.534722 0.305625 0.536806 0.302500 0.532500
3 0.307891 0.535972 0.309063 0.533889 0.310234 0.535972 0.309922 0.537431 0.308242 0.537431
3 0.310234 0.528958 0.311836 0.525625 0.312812 0.526250 0.313125 0.527708 0.312461 0.529792 0.311406 0.531042 0.310547 0.530417
3 0.315977 0.524444 0.317148 0.522361 0.318320 0.524444 0.318008 0.525903 0.316328 0.525903
3 0.318281 0.519097 0.319453 0.517014 0.320625 0.519097 0.320312 0.520625 0.318633 0.520625
3 0.266719 0.562431 0.268437 0.557639 0.272266 0.551319 0.273516 0.550069 0.274375 0.550694 0.274570 0.552778 0.277227 0.548611 0.278047 0.549236 0.278203 0.552222 0.277148 0.554722 0.278398 0.555208 0.278750 0.556667 0.278398 0.562431 0.276758 0.562431 0.276641 0.555417 0.274570 0.557292 0.273320 0.555694 0.268750 0.563750 0.267031 0.563889
3 0.248594 0.568750 0.249766 0.570833 0.248594 0.572917 0.245117 0.571042 0.244766 0.569583 0.245938 0.567500 0.248477 0.568750
3 0.258516 0.560764 0.258867 0.555833 0.260508 0.555833 0.260508 0.562222 0.258867 0.562222
3 0.264297 0.568333 0.265469 0.566250 0.266641 0.568333 0.265469 0.570417 0.264609 0.569861
3 0.261055 0.547431 0.265508 0.535903 0.265547 0.533056 0.266367 0.532431 0.268867 0.534792 0.269062 0.537569 0.268203 0.540625 0.266367 0.540764 0.262969 0.549167 0.261406 0.548889
3 0.269805 0.526528 0.270977 0.524444 0.273789 0.529375 0.273438 0.530833 0.271680 0.531042 0.270859 0.530417 0.270156 0.527986
3 0.282305 0.520764 0.283477 0.518681 0.284648 0.520764 0.284297 0.522222 0.282617 0.522222
3 0.282070 0.531458 0.283242 0.529375 0.284414 0.531458 0.284180 0.533681 0.283008 0.535556 0.281484 0.534931 0.281133 0.533472 0.282070 0.531458
3 0.295469 0.515833 0.296641 0.517917 0.295469 0.520000 0.294492 0.518819 0.293164 0.519792 0.291992 0.517708 0.292344 0.516181 0.293633 0.515417 0.294766 0.517014
3 0.254062 0.526944 0.256992 0.522083 0.258008 0.521111 0.258828 0.521736 0.259180 0.523194 0.257578 0.526458 0.255352 0.529028 0.254375 0.528403
3 0.251406 0.533472 0.253047 0.530069 0.254766 0.529931 0.255117 0.531458 0.254609 0.533194 0.252578 0.535556 0.251719 0.534931
3 0.244141 0.542500 0.242969 0.544583 0.242109 0.543889 0.241250 0.540486 0.242422 0.538403 0.244023 0.541597
3 0.245625 0.549514 0.247305 0.544028 0.249336 0.542500 0.250273 0.543056 0.250508 0.545486 0.248633 0.547639 0.247422 0.551250 0.245977 0.550972
3 0.226133 0.568194 0.225195 0.567569 0.225234 0.564514 0.228086 0.561181 0.228945 0.561736 0.229258 0.563403 0.228789 0.565069 0.226992 0.567500
3 0.226914 0.553403 0.226914 0.547847 0.228086 0.545764 0.229258 0.547847 0.229258 0.553403 0.228086 0.555486 0.227266 0.554861
3 0.219102 0.560139 0.218789 0.561597 0.217109 0.561667 0.216094 0.556667 0.216406 0.555000 0.217266 0.554375 0.218359 0.555764 0.218984 0.559236
3 0.207656 0.558542 0.210781 0.553125 0.211719 0.552292 0.212539 0.552917 0.212773 0.555486 0.211328 0.558264 0.209180 0.560625 0.208008 0.560000
3 0.202344 0.565903 0.203516 0.563819 0.204687 0.565903 0.203516 0.567986 0.202695 0.567361
3 0.138359 0.642708 0.139531 0.640625 0.141836 0.640000 0.162070 0.607917 0.163789 0.607847 0.163633 0.611111 0.167422 0.605833 0.166172 0.603750 0.166875 0.601806 0.169023 0.599306 0.177266 0.583611 0.187422 0.571736 0.197578 0.571319 0.197578 0.572500 0.201641 0.572500 0.201992 0.574028 0.200742 0.576875 0.191016 0.594306 0.189961 0.595139 0.189102 0.594028 0.180898 0.606736 0.179414 0.606319 0.177891 0.609653 0.176172 0.611250 0.172070 0.619792 0.173242 0.620347 0.173594 0.621806 0.172969 0.623611 0.168437 0.630833 0.164688 0.639653 0.160664 0.646667 0.159023 0.646667 0.158672 0.645208 0.164844 0.632222 0.156133 0.645903 0.156836 0.647847 0.156523 0.649306 0.153477 0.649722 0.152305 0.647639 0.156250 0.639583 0.167031 0.623542 0.174531 0.608333 0.176289 0.606458 0.175508 0.605000 0.176328 0.600000 0.172695 0.605833 0.171250 0.605417 0.170938 0.603264 0.169063 0.607153 0.169336 0.609583 0.167539 0.612986 0.152734 0.636042 0.151758 0.637014 0.150859 0.636250 0.144844 0.644792 0.143789 0.643681 0.142422 0.645000 0.138750 0.644306
3 0.210977 0.578056 0.212148 0.580139 0.211797 0.581806 0.209805 0.583681 0.208984 0.583056 0.208633 0.580764 0.209375 0.578819 0.210898 0.578056
3 0.216289 0.578681 0.217461 0.580764 0.216562 0.582986 0.214375 0.585625 0.212891 0.585347 0.212578 0.583611 0.213281 0.581736 0.215625 0.579028
3 0.223203 0.587917 0.224375 0.590000 0.223594 0.591944 0.221602 0.594722 0.220156 0.594306 0.219258 0.592222 0.219609 0.590764 0.222695 0.588125
3 0.198945 0.599236 0.200430 0.595903 0.201367 0.595069 0.202227 0.595694 0.202539 0.597153 0.201445 0.600000 0.200352 0.601319 0.199297 0.600694
3 0.168945 0.646806 0.174023 0.637639 0.166875 0.647708 0.165938 0.648542 0.164766 0.646458 0.165938 0.643125 0.172187 0.634236 0.173828 0.630694 0.175078 0.630625 0.177734 0.625069 0.179023 0.627153 0.178164 0.630208 0.186758 0.614653 0.188867 0.611667 0.190312 0.611944 0.190664 0.613403 0.189883 0.615347 0.178281 0.635694 0.170977 0.648194 0.169297 0.648333
3 0.182812 0.630972 0.184453 0.630972 0.184375 0.634028 0.181797 0.636389 0.175430 0.647917 0.174570 0.647292 0.174258 0.645417 0.175039 0.643125 0.180117 0.633264 0.181602 0.632083
3 0.178867 0.623264 0.179219 0.620347 0.180859 0.620347 0.180859 0.624722 0.179219 0.624722
3 0.059805 0.611597 0.065156 0.605278 0.064609 0.603542 0.064961 0.602083 0.065781 0.601458 0.066953 0.603125 0.068633 0.601181 0.068125 0.599375 0.068437 0.597917 0.069297 0.597292 0.070430 0.599028 0.076641 0.591736 0.075430 0.591111 0.075430 0.588194 0.077070 0.588194 0.077344 0.590417 0.082227 0.584028 0.083242 0.584653 0.083164 0.587708 0.080664 0.590278 0.077617 0.595486 0.057422 0.620417 0.055664 0.620347 0.055469 0.619514 0.052930 0.622778 0.051172 0.622431 0.051172 0.619514 0.054141 0.615764 0.055156 0.615069 0.056328 0.617222
3 0.041719 0.615764 0.040625 0.616944 0.042266 0.616250
3 0.037422 0.620347 0.036250 0.618264 0.035352 0.619375 0.034023 0.617292 0.037070 0.611806 0.054336 0.591597 0.058047 0.589097 0.059297 0.589722 0.059297 0.592639 0.055156 0.595556 0.047305 0.605139 0.049062 0.605764 0.057813 0.595347 0.065547 0.583819 0.080703 0.568889 0.085312 0.563542 0.089648 0.556597 0.090586 0.557222 0.090938 0.558681 0.090430 0.560486 0.091719 0.560625 0.092070 0.562361 0.091094 0.564931 0.084297 0.573542 0.081172 0.576319 0.082227 0.578403 0.081875 0.579861 0.080234 0.579861 0.080039 0.577292 0.076328 0.580556 0.073008 0.585486 0.072422 0.587847 0.071523 0.587847 0.066094 0.595208 0.061797 0.599028 0.045039 0.619444 0.039648 0.621111 0.038359 0.619306
3 0.060977 0.596806 0.070898 0.582847 0.067305 0.586597 0.059414 0.598333
3 0.025742 0.616042 0.026055 0.614583 0.028555 0.613472 0.029727 0.615556 0.028125 0.618125 0.026055 0.617500
3 0.055078 0.584306 0.060273 0.575694 0.061250 0.574792 0.062344 0.575417 0.062695 0.576875 0.062187 0.578611 0.057148 0.585625 0.055430 0.585764
3 0.102227 0.560556 0.103086 0.561111 0.103398 0.563125 0.100078 0.569306 0.096992 0.570833 0.095586 0.570278 0.095586 0.567292 0.098984 0.565486 0.101289 0.561389
3 0.013750 0.605069 0.029102 0.586736 0.031484 0.585000 0.030977 0.583333 0.017031 0.598056 0.009570 0.607500 0.011953 0.605069 0.013008 0.606319
3 0.033828 0.581319 0.036758 0.579583 0.042461 0.572431 0.052812 0.561875 0.057695 0.555000 0.059453 0.555208 0.059766 0.556736 0.058789 0.558750 0.053867 0.565556 0.044414 0.575069 0.037070 0.584375 0.032422 0.588819 0.031250 0.588819 0.012070 0.612569 0.010430 0.612569 0.010195 0.611597 0.008906 0.611111 0.008555 0.609653 0.009102 0.608264 0.005977 0.611736 0.004805 0.609653 0.008945 0.602917 0.015938 0.594375 0.032305 0.577292 0.033398 0.577917 0.033750 0.579375 0.032734 0.581458 0.033320 0.583194
3 0.055000 0.566597 0.058477 0.565694 0.059648 0.567778 0.058945 0.569861 0.056406 0.572847 0.055313 0.571458 0.050313 0.575069 0.049492 0.574444 0.049141 0.572986 0.050039 0.570764 0.054375 0.567639
3 0.032656 0.570278 0.033828 0.568194 0.035000 0.570278 0.034648 0.571736 0.032969 0.571736
3 0.000000 0.610139 0.002227 0.605347 0.005000 0.604097 0.005820 0.604722 0.006172 0.606458 0.005078 0.608542 0.000937 0.611875 0.000000 0.611597
3 0.008672 0.597083 0.010352 0.593056 0.017969 0.581458 0.019141 0.580486 0.019961 0.581111 0.020313 0.582569 0.018906 0.585903 0.010742 0.598403 0.009023 0.598542
3 0.014375 0.571736 0.014688 0.570278 0.016914 0.568889 0.018086 0.570972 0.017031 0.573194 0.014688 0.573194
3 0.000000 0.594167 0.005352 0.584444 0.011094 0.578819 0.013555 0.577778 0.020781 0.570000 0.026680 0.562014 0.028398 0.561875 0.028633 0.564375 0.026914 0.567500 0.021641 0.573889 0.007031 0.587292 0.001211 0.595486 0.000000 0.595625
3 0.004102 0.563125 0.005820 0.560278 0.006680 0.560903 0.006992 0.562361 0.006094 0.564583 0.004453 0.564583
3 0.096016 0.554653 0.096367 0.553194 0.098437 0.551597 0.099414 0.552222 0.099727 0.553681 0.098359 0.556250 0.096367 0.556181
3 0.102109 0.553681 0.106992 0.546736 0.108008 0.545694 0.108945 0.546319 0.109180 0.548750 0.108203 0.550625 0.104062 0.555278 0.102461 0.555139
3 0.105586 0.555903 0.108008 0.553056 0.109727 0.555139 0.108555 0.557222 0.105898 0.557361
3 0.100859 0.549514 0.101328 0.544375 0.103008 0.544375 0.102852 0.550972 0.101211 0.550972
3 0.098906 0.547292 0.097734 0.549375 0.096797 0.548472 0.095742 0.544306 0.096094 0.541875 0.096914 0.541250 0.098633 0.545903
3 0.101289 0.537708 0.101719 0.534514 0.100508 0.533958 0.100156 0.532014 0.101680 0.526528 0.102578 0.525764 0.103750 0.527847 0.102578 0.532431 0.103828 0.532500 0.103711 0.538125 0.102461 0.539792 0.101641 0.539167
3 0.111133 0.524861 0.112305 0.522778 0.114766 0.522778 0.116211 0.525347 0.115039 0.527431 0.111445 0.526389
3 0.118945 0.540208 0.120469 0.537569 0.122109 0.538403 0.122461 0.539931 0.121914 0.542500 0.119922 0.544931 0.118438 0.542639 0.118828 0.540625
3 0.124961 0.521181 0.124609 0.523403 0.123789 0.524028 0.121641 0.520208 0.122812 0.518125 0.124219 0.519236
3 0.122617 0.516250 0.119609 0.515764 0.119609 0.512847 0.122109 0.512222 0.124766 0.513333 0.124883 0.516944 0.123789 0.518333 0.122969 0.517708
1 0.141055 0.511806 0.138477 0.511319 0.138125 0.509653 0.138867 0.507569 0.141797 0.505833 0.142617 0.506458 0.142969 0.509861 0.142617 0.511319 0.141250 0.511736
1 0.135078 0.513819 0.136250 0.511736 0.137070 0.512361 0.137539 0.516042 0.137227 0.520208 0.135547 0.520208 0.135078 0.513958
3 0.051289 0.549236 0.051602 0.547778 0.053398 0.546667 0.054570 0.548750 0.053398 0.551111 0.051602 0.550764
3 0.057930 0.538889 0.058281 0.537431 0.060430 0.536667 0.060742 0.534722 0.062422 0.534722 0.062773 0.536181 0.061562 0.538264 0.061367 0.540278 0.059492 0.541250 0.058281 0.540625 0.057930 0.539028
3 0.095586 0.517222 0.096758 0.515139 0.097930 0.517222 0.097578 0.518750 0.095937 0.518750
3 0.099062 0.507917 0.100234 0.505833 0.101406 0.507917 0.101055 0.509375 0.099414 0.509375
3 0.105000 0.509375 0.106172 0.507292 0.107344 0.509375 0.107031 0.510833 0.105352 0.510833
3 0.111523 0.507917 0.112852 0.505833 0.115039 0.506458 0.115391 0.507917 0.114219 0.510000 0.111875 0.509375
3 0.094609 0.526875 0.095781 0.524514 0.097188 0.524861 0.097109 0.527986 0.095781 0.528958 0.094961 0.528333
3 0.029258 0.542361 0.031602 0.538333 0.033203 0.538403 0.033555 0.539931 0.033047 0.541597 0.030703 0.544444 0.029609 0.543819
3 0.040195 0.537222 0.042070 0.533889 0.042891 0.534514 0.043242 0.535972 0.042695 0.538056 0.041523 0.539306 0.040547 0.538681
3 0.039219 0.523889 0.039570 0.522431 0.041797 0.521111 0.042969 0.523194 0.040938 0.525972 0.039570 0.525347
3 0.052930 0.520694 0.054805 0.517847 0.055898 0.518472 0.056250 0.519931 0.055469 0.521944 0.054375 0.522778 0.053281 0.522153
3 0.050430 0.510833 0.052578 0.507292 0.053711 0.507917 0.054023 0.509375 0.053555 0.511042 0.051602 0.512917 0.050781 0.512292