0 0.761328 0.489375 0.794609 0.548194 0.740195 0.552431 0.712656 0.491458 0.761133 0.489375
0 0.836992 0.628542 0.776211 0.638750 0.740547 0.553194 0.794844 0.548125 0.837227 0.628542
0 0.737930 0.553264 0.774141 0.638958 0.705508 0.648403 0.678711 0.559167 0.737891 0.553819
0 0.610938 0.563889 0.675742 0.559514 0.702187 0.648125 0.627070 0.657014 0.611250 0.564514
0 0.657930 0.493264 0.710430 0.491736 0.736680 0.551736 0.677344 0.557083
0 0.610117 0.560278 0.599141 0.495625 0.655273 0.493264 0.674687 0.557361 0.610703 0.560903
0 0.493203 0.498819 0.551250 0.498819 0.550039 0.564792 0.482617 0.564097 0.493008 0.498125
0 0.467266 0.661181 0.481836 0.564722 0.550234 0.565417 0.549258 0.661875
0 0.478516 0.565556 0.463906 0.659167 0.384805 0.656250 0.411250 0.564306
0 0.490117 0.498125 0.478711 0.562986 0.412344 0.561736 0.431953 0.499375 0.489883 0.498542
0 0.429766 0.499236 0.408984 0.562639 0.345977 0.560556 0.374023 0.498819
0 0.344922 0.562708 0.408164 0.564375 0.380898 0.656111 0.308086 0.651181 0.344766 0.562500
0 0.237969 0.573056 0.292305 0.576042 0.248242 0.663264 0.188906 0.656042 0.238203 0.573542
0 0.187148 0.570556 0.235820 0.573403 0.186563 0.654931 0.135313 0.647847 0.187148 0.569861
0 0.327930 0.511042 0.293203 0.574167 0.239375 0.572014 0.278438 0.509583
0 0.230820 0.510000 0.276016 0.510347 0.236875 0.571389 0.188477 0.568958
0 0.074180 0.556319 0.108867 0.559514 0.055430 0.625139 0.021523 0.618056 0.074180 0.555625
0 0.042188 0.552847 0.071680 0.556319 0.020313 0.618333 0.000000 0.613681 0.000000 0.601319 0.042344 0.552569
0 0.000000 0.564167 0.013516 0.549167 0.040938 0.552083 0.000000 0.599861 0.000078 0.564444
0 0.120664 0.505139 0.155625 0.505694 0.110000 0.557847 0.075859 0.554792
0 0.043867 0.551250 0.088516 0.502847 0.119336 0.504514 0.073633 0.555208 0.043750 0.551667
0 0.015156 0.548194 0.059727 0.501597 0.087305 0.502847 0.042539 0.551875 0.014961 0.548403
3 0.774258 0.560694 0.775703 0.554861 0.779727 0.550903 0.789336 0.549097 0.793711 0.549097 0.795898 0.550278 0.797930 0.555208 0.800742 0.556667 0.807305 0.575347 0.811562 0.583889 0.831250 0.616250 0.832500 0.621319 0.831367 0.626250 0.828594 0.628264 0.811055 0.628611 0.804414 0.623542 0.795977 0.607708 0.793359 0.604236 0.789102 0.591806 0.787266 0.583819 0.780391 0.574444 0.777852 0.567639 0.775273 0.565417
3 0.796953 0.629097 0.797500 0.626667 0.798906 0.625625 0.800273 0.626667 0.800859 0.629097 0.800273 0.631597 0.798906 0.632569 0.797500 0.631597
3 0.794648 0.630208 0.794102 0.632639 0.792695 0.633681 0.790742 0.631597 0.786367 0.621042 0.785977 0.618125 0.786523 0.615694 0.787930 0.614653 0.789062 0.615278 0.793867 0.627361
3 0.783945 0.636458 0.777734 0.636458 0.775469 0.634236 0.771602 0.626389 0.771211 0.623056 0.771797 0.620625 0.773164 0.619583 0.776406 0.624306 0.786914 0.629861 0.787500 0.632292 0.786289 0.635486 0.784141 0.636458
3 0.764961 0.513889 0.764375 0.516319 0.763008 0.517361 0.761523 0.516181 0.760820 0.513542 0.761250 0.509097 0.762930 0.504931 0.765234 0.502639 0.765781 0.500069 0.767188 0.499097 0.768555 0.500069 0.769141 0.502569 0.768945 0.507292 0.765937 0.509653 0.764727 0.512361
3 0.776406 0.532708 0.776953 0.530208 0.778359 0.529236 0.779727 0.530208 0.780312 0.532708 0.779727 0.535139 0.778359 0.536181 0.776953 0.535139
3 0.762852 0.537292 0.763398 0.534861 0.764805 0.533819 0.766172 0.534861 0.766758 0.537292 0.766172 0.539722 0.764805 0.540764 0.763398 0.539722
3 0.739687 0.528056 0.740273 0.525625 0.741641 0.524583 0.743047 0.525625 0.743594 0.528056 0.743047 0.530486 0.741641 0.531528 0.740273 0.530486
3 0.724531 0.511042 0.725117 0.508611 0.726484 0.507569 0.727891 0.508611 0.728437 0.511042 0.727891 0.513472 0.726484 0.514514 0.725117 0.513472
3 0.729336 0.511736 0.729883 0.509306 0.731289 0.508264 0.732656 0.509306 0.733242 0.511736 0.732656 0.514236 0.731289 0.515208 0.729883 0.514236
3 0.719727 0.493681 0.721094 0.492708 0.722500 0.493681 0.723047 0.496181 0.721680 0.501806 0.720313 0.502847 0.716172 0.500347 0.713789 0.494028 0.714336 0.491597 0.715742 0.490556 0.719219 0.495764
3 0.766328 0.632986 0.765781 0.635486 0.764375 0.636458 0.762969 0.635417 0.762383 0.637917 0.761016 0.638958 0.759609 0.637917 0.759062 0.635417 0.755547 0.628889 0.754844 0.626250 0.755117 0.624583 0.751250 0.616667 0.749453 0.611181 0.747734 0.611458 0.749023 0.614653 0.751133 0.625486 0.754805 0.630972 0.755586 0.633750 0.755000 0.636181 0.753633 0.637222 0.748867 0.631250 0.745234 0.620139 0.744609 0.616250 0.743398 0.615486 0.742109 0.610833 0.741094 0.609583 0.740742 0.606597 0.739766 0.605486 0.738711 0.601111 0.739258 0.597917 0.740664 0.596944 0.742031 0.597917 0.743281 0.604236 0.744062 0.597222 0.745430 0.596181 0.747812 0.598611 0.750000 0.605347 0.750820 0.604722 0.752617 0.606806 0.757344 0.618958 0.765898 0.630833
3 0.737305 0.634444 0.737773 0.629375 0.738906 0.627014 0.741055 0.625556 0.741484 0.621667 0.742852 0.620694 0.744219 0.621667 0.744805 0.624167 0.744219 0.626597 0.742539 0.627569 0.742812 0.628750 0.741289 0.632778 0.740625 0.636875 0.739258 0.637917 0.737891 0.636875
3 0.736094 0.615278 0.736680 0.612847 0.738047 0.611806 0.739453 0.612847 0.740000 0.615278 0.739453 0.617708 0.738047 0.618750 0.736680 0.617708
3 0.731836 0.638333 0.731250 0.640764 0.729883 0.641806 0.728359 0.641389 0.726523 0.638611 0.725352 0.634097 0.725898 0.631597 0.727305 0.630625 0.731289 0.635903
3 0.715273 0.639722 0.714727 0.642222 0.713320 0.643194 0.711328 0.641111 0.709727 0.641458 0.708164 0.640069 0.706094 0.635625 0.702187 0.621667 0.702891 0.617986 0.704375 0.616806 0.708555 0.617569 0.711133 0.623819 0.714375 0.636806
3 0.712383 0.598958 0.712930 0.596528 0.714336 0.595486 0.715703 0.596528 0.716289 0.598958 0.715703 0.601458 0.714336 0.602431 0.712930 0.601458
3 0.703398 0.598958 0.703984 0.596528 0.705352 0.595486 0.706719 0.596528 0.707305 0.598958 0.706719 0.601458 0.705352 0.602431 0.703984 0.601458
3 0.705781 0.612083 0.706367 0.609653 0.707734 0.608611 0.709141 0.609653 0.709688 0.612083 0.709141 0.614583 0.707734 0.615556 0.706367 0.614583
3 0.711172 0.621319 0.711758 0.618889 0.713125 0.617847 0.714531 0.618889 0.715078 0.621319 0.714531 0.623750 0.713125 0.624792 0.711758 0.623750
3 0.705781 0.577708 0.706680 0.574792 0.708750 0.572847 0.711523 0.572847 0.713008 0.574028 0.714297 0.577708 0.713711 0.580139 0.712344 0.581181 0.710547 0.579792 0.707930 0.581181 0.706367 0.580139
3 0.696523 0.573472 0.695977 0.575903 0.694570 0.576944 0.692227 0.574167 0.690625 0.568819 0.691211 0.566389 0.692773 0.565347 0.694570 0.567500 0.695742 0.570694
3 0.682656 0.567778 0.683086 0.565625 0.685039 0.563542 0.687109 0.559097 0.688594 0.557917 0.690000 0.558958 0.690547 0.561736 0.688086 0.567917 0.685195 0.571250 0.683242 0.570208
3 0.727344 0.538264 0.727930 0.535764 0.729297 0.534792 0.730703 0.535764 0.731250 0.538264 0.730703 0.540694 0.729297 0.541736 0.727930 0.540694
3 0.701875 0.528819 0.703281 0.529861 0.703828 0.532292 0.703281 0.534792 0.700547 0.535764 0.698281 0.533750 0.697930 0.531736 0.698516 0.529306 0.699883 0.528264 0.701719 0.528889
3 0.676328 0.531736 0.676914 0.527500 0.678281 0.526458 0.679688 0.527500 0.680234 0.529931 0.679688 0.534167 0.678281 0.535208 0.676914 0.534167
3 0.673359 0.510486 0.673906 0.507986 0.675312 0.507014 0.676680 0.507986 0.677266 0.510486 0.676680 0.512917 0.675312 0.513958 0.673906 0.512917
3 0.668438 0.508958 0.667891 0.511458 0.666484 0.512431 0.664570 0.510347 0.662031 0.503958 0.662617 0.501528 0.663984 0.500486 0.667695 0.506250
3 0.666211 0.565903 0.665117 0.565486 0.664531 0.563056 0.665117 0.560625 0.667812 0.559583 0.673516 0.561597 0.679023 0.577500 0.685469 0.605417 0.686602 0.606597 0.690078 0.619722 0.692695 0.636319 0.693203 0.642500 0.692617 0.645000 0.691250 0.645972 0.690117 0.645139 0.688438 0.646875 0.683633 0.642153 0.682734 0.638611 0.681133 0.636389 0.679180 0.626181 0.677852 0.625347 0.672813 0.610972 0.668008 0.594514 0.667539 0.583750 0.668438 0.580764
3 0.638281 0.646389 0.636523 0.634236 0.636367 0.644375 0.638516 0.650486 0.637969 0.652986 0.636406 0.654722 0.635195 0.654722 0.631953 0.653542 0.630430 0.650694 0.630156 0.652639 0.627070 0.653056 0.625312 0.642778 0.623711 0.640278 0.617930 0.605694 0.617812 0.599375 0.618398 0.596944 0.619766 0.595903 0.621602 0.598125 0.626328 0.615347 0.626289 0.607639 0.626875 0.605208 0.629063 0.604514 0.630469 0.607014 0.633398 0.618542 0.631953 0.608542 0.632539 0.605486 0.633906 0.604514 0.635195 0.605347 0.642188 0.642847 0.641602 0.648819 0.640234 0.649861 0.638828 0.648819
3 0.628789 0.640069 0.629883 0.647083 0.628750 0.639306
3 0.653633 0.650208 0.653086 0.652639 0.651680 0.653681 0.649727 0.651319 0.648242 0.644861 0.648828 0.637986 0.650195 0.637014 0.651563 0.637986 0.652305 0.644931 0.653359 0.648403
3 0.643242 0.643125 0.643828 0.640694 0.645195 0.639653 0.646602 0.640694 0.647148 0.643125 0.646602 0.645556 0.645195 0.646597 0.643828 0.645556
3 0.653906 0.645764 0.654375 0.643542 0.657852 0.639931 0.659219 0.640972 0.659805 0.643403 0.658438 0.647222 0.656680 0.649236 0.654453 0.648264
3 0.661523 0.629792 0.662109 0.627361 0.663477 0.626319 0.664883 0.627361 0.665430 0.629792 0.664883 0.632292 0.663477 0.633264 0.662109 0.632292
3 0.668008 0.633681 0.668594 0.631181 0.669961 0.630208 0.671367 0.631181 0.671914 0.636944 0.671133 0.640625 0.669648 0.641597 0.668281 0.640556 0.667695 0.638125 0.668047 0.634097
3 0.672852 0.643681 0.675273 0.634167 0.676445 0.633472 0.677852 0.634444 0.678398 0.637500 0.676562 0.645139 0.674805 0.647153 0.673398 0.646181
3 0.668672 0.620694 0.669258 0.614375 0.670625 0.613333 0.672031 0.614375 0.672578 0.616806 0.672031 0.623125 0.670625 0.624167 0.669258 0.623125
3 0.655508 0.564861 0.657656 0.566667 0.658633 0.570139 0.658047 0.574097 0.656680 0.575069 0.655156 0.574167 0.654570 0.571806 0.651523 0.571250 0.647070 0.568542 0.645937 0.567083 0.645586 0.565139 0.646172 0.562639 0.647539 0.561667 0.655352 0.564931
3 0.644414 0.507569 0.645508 0.504444 0.649297 0.498472 0.651523 0.496667 0.652891 0.497708 0.653477 0.500139 0.651719 0.504444 0.646523 0.511042 0.645000 0.510000
3 0.646250 0.524028 0.646797 0.521597 0.648203 0.520556 0.649570 0.521597 0.650156 0.524028 0.649570 0.526528 0.648203 0.527500 0.646797 0.526528
3 0.640000 0.531944 0.640586 0.529444 0.641953 0.528472 0.643320 0.529444 0.643906 0.531944 0.643320 0.534375 0.641953 0.535417 0.640586 0.534375
3 0.646250 0.539583 0.646797 0.537083 0.648203 0.536111 0.649570 0.537083 0.650156 0.539583 0.649570 0.542014 0.648203 0.543056 0.646797 0.542014
3 0.643047 0.552847 0.643633 0.550417 0.645000 0.549375 0.646367 0.550417 0.646953 0.552847 0.646367 0.555278 0.645000 0.556319 0.643633 0.555278
3 0.616172 0.535625 0.616758 0.533194 0.618125 0.532153 0.619531 0.533194 0.620078 0.535625 0.619531 0.538056 0.618125 0.539097 0.616758 0.538056
3 0.612422 0.529236 0.613008 0.526736 0.614375 0.525764 0.615781 0.526736 0.616328 0.529236 0.615781 0.531667 0.614375 0.532708 0.613008 0.531667
3 0.623086 0.513681 0.624844 0.508681 0.626289 0.507500 0.627695 0.508542 0.628242 0.511250 0.626992 0.515139 0.625039 0.517153 0.623672 0.516181
3 0.630430 0.517431 0.631172 0.514653 0.632969 0.512708 0.634336 0.513681 0.634922 0.516389 0.633828 0.520208 0.632383 0.520903 0.631016 0.519861
3 0.542344 0.654444 0.540977 0.655486 0.539414 0.654444 0.538828 0.652014 0.538828 0.628611 0.540234 0.611250 0.540234 0.595278 0.541680 0.586667 0.541836 0.575069 0.542422 0.570000 0.544961 0.567361 0.546367 0.568403 0.546914 0.570833 0.545742 0.575556 0.545547 0.585694 0.544141 0.596111 0.544141 0.608333 0.545156 0.607778 0.546563 0.608819 0.547109 0.614097 0.546328 0.630069 0.544531 0.647431 0.546719 0.654514 0.546172 0.656944 0.544766 0.657986 0.542383 0.654444
3 0.533633 0.655208 0.533750 0.644514 0.532383 0.643472 0.531836 0.641042 0.531875 0.636250 0.530859 0.628958 0.530859 0.610903 0.532656 0.599167 0.533242 0.585000 0.535078 0.571319 0.535703 0.569236 0.536992 0.568403 0.538359 0.569444 0.538945 0.571875 0.537148 0.585486 0.536562 0.600625 0.534727 0.611458 0.534727 0.628472 0.535742 0.641528 0.536992 0.642500 0.537539 0.644931 0.537539 0.655208 0.536992 0.657639 0.535586 0.658681 0.534219 0.657639
3 0.519102 0.653819 0.521641 0.628889 0.521289 0.625417 0.522266 0.602708 0.524141 0.591597 0.526016 0.590764 0.526992 0.591528 0.525078 0.584306 0.525078 0.574722 0.526406 0.569097 0.530625 0.566319 0.532070 0.567500 0.532969 0.570833 0.532969 0.586458 0.530430 0.596319 0.528164 0.598403 0.528164 0.602708 0.526992 0.609097 0.527578 0.611597 0.526406 0.616250 0.527578 0.621528 0.526992 0.623958 0.525508 0.625000 0.525781 0.627569 0.523008 0.653819 0.522422 0.656250 0.521055 0.657292 0.519648 0.656250
3 0.529062 0.585208 0.529062 0.575486 0.529023 0.585417
3 0.523672 0.656667 0.524258 0.654167 0.525625 0.653194 0.526992 0.654167 0.527578 0.656667 0.526992 0.659097 0.525625 0.660139 0.524258 0.659097
3 0.512500 0.658403 0.512773 0.657292 0.510313 0.655139 0.509297 0.648819 0.510469 0.638194 0.511875 0.637222 0.513242 0.638194 0.513828 0.640694 0.513398 0.650556 0.514492 0.655000 0.515820 0.655972 0.516406 0.658403 0.515820 0.660833 0.514453 0.661875 0.513086 0.660833
3 0.516680 0.628958 0.517266 0.626528 0.518633 0.625486 0.520039 0.626528 0.520586 0.628958 0.520039 0.631458 0.518633 0.632431 0.517266 0.631458
3 0.503516 0.653056 0.504102 0.650625 0.505039 0.649931 0.505508 0.646389 0.506875 0.645347 0.508242 0.646389 0.508828 0.648819 0.508359 0.651042 0.507227 0.652222 0.506875 0.655556 0.505469 0.656528 0.504102 0.655556
3 0.508828 0.641042 0.508242 0.643472 0.506875 0.644514 0.504805 0.643611 0.503516 0.640347 0.504102 0.636458 0.505195 0.635972 0.505117 0.630417 0.505703 0.627917 0.507070 0.626944 0.508477 0.627917 0.509023 0.630417 0.509023 0.633611 0.508125 0.636944
3 0.497930 0.653056 0.498008 0.643611 0.496719 0.644514 0.494297 0.644167 0.492930 0.643125 0.492344 0.640000 0.495586 0.632083 0.497539 0.619375 0.497539 0.611944 0.498125 0.609514 0.499492 0.608472 0.500898 0.609514 0.501445 0.617153 0.503086 0.617986 0.503633 0.620486 0.501836 0.645764 0.501836 0.653056 0.501289 0.655556 0.499883 0.656528 0.498516 0.655556
3 0.504883 0.602847 0.506250 0.603819 0.506836 0.606319 0.506250 0.610903 0.504883 0.611875 0.501719 0.608750 0.501133 0.606319 0.501719 0.603819 0.504141 0.603333
3 0.489180 0.635347 0.489727 0.632917 0.491133 0.631875 0.492500 0.632917 0.493086 0.635347 0.492500 0.637847 0.491133 0.638819 0.489727 0.637847
3 0.472734 0.653472 0.472148 0.655903 0.470781 0.656944 0.469297 0.655694 0.468633 0.652708 0.470156 0.644792 0.471367 0.641458 0.473164 0.639306 0.474570 0.640347 0.475117 0.643542 0.472695 0.652639
3 0.481406 0.604167 0.481953 0.601736 0.483359 0.600694 0.484727 0.601736 0.485313 0.604167 0.484727 0.606597 0.483359 0.607639 0.481953 0.606597
3 0.491172 0.600625 0.491953 0.597153 0.493867 0.593611 0.496094 0.594236 0.496484 0.598264 0.494922 0.601944 0.493125 0.604097 0.491719 0.603056
3 0.504687 0.571597 0.506406 0.573472 0.510273 0.570208 0.511641 0.571181 0.512227 0.574028 0.511680 0.576458 0.509062 0.578611 0.505117 0.590903 0.503281 0.593125 0.501641 0.592500 0.499531 0.586806 0.500039 0.577431 0.502969 0.573472
3 0.513320 0.570486 0.513867 0.568056 0.515273 0.567014 0.516641 0.568056 0.517227 0.570486 0.516641 0.572917 0.515273 0.573958 0.513867 0.572917
3 0.535078 0.556806 0.535664 0.554375 0.537031 0.553333 0.538438 0.554375 0.538984 0.556806 0.538438 0.559306 0.537031 0.560278 0.535664 0.559306
3 0.533828 0.543125 0.535195 0.544097 0.535781 0.546597 0.534844 0.552708 0.533477 0.553750 0.532070 0.552708 0.531523 0.550278 0.532383 0.544236
3 0.532305 0.534028 0.532891 0.531597 0.534258 0.530556 0.535664 0.531597 0.536211 0.534028 0.535664 0.536528 0.534258 0.537500 0.532891 0.536528
3 0.538789 0.531597 0.539375 0.529167 0.540742 0.528125 0.542109 0.529167 0.542695 0.531597 0.542109 0.534028 0.540742 0.535069 0.539375 0.534028
3 0.540625 0.515417 0.541211 0.512917 0.542578 0.511944 0.543984 0.512917 0.544531 0.515417 0.543984 0.517847 0.542578 0.518889 0.541211 0.517847
3 0.523086 0.506806 0.523672 0.504306 0.525039 0.503333 0.526406 0.504306 0.528711 0.510069 0.528164 0.512500 0.526758 0.513542 0.525625 0.512708 0.524141 0.514653 0.525156 0.514167 0.526523 0.515208 0.527109 0.517639 0.526523 0.520069 0.525156 0.521111 0.523789 0.520069 0.523203 0.517639 0.523867 0.515069 0.522383 0.514167 0.521836 0.511667 0.522266 0.509444 0.523438 0.508264
3 0.505781 0.518264 0.507031 0.512917 0.508437 0.511944 0.509805 0.512917 0.510391 0.515417 0.509102 0.520694 0.507734 0.521736 0.506367 0.520694
3 0.497578 0.521736 0.498164 0.519306 0.499531 0.518264 0.500898 0.519306 0.501484 0.521736 0.500898 0.524236 0.499531 0.525208 0.498164 0.524236
3 0.498750 0.545764 0.498906 0.541250 0.500820 0.533681 0.502539 0.531806 0.503906 0.532847 0.504375 0.536667 0.502070 0.548194 0.500703 0.549236 0.499297 0.548194
3 0.508906 0.534236 0.509453 0.531806 0.510859 0.530764 0.512070 0.531528 0.512734 0.533472 0.514766 0.534306 0.515352 0.536944 0.514141 0.540139 0.511680 0.540417 0.509570 0.538542 0.508906 0.534444
3 0.505742 0.560139 0.505195 0.562569 0.503789 0.563611 0.501836 0.561111 0.502305 0.557222 0.503672 0.556250 0.505508 0.558333
3 0.515820 0.554375 0.516406 0.551944 0.517773 0.550903 0.519141 0.551944 0.519727 0.554375 0.519141 0.556806 0.517773 0.557847 0.516406 0.556806
3 0.488359 0.528333 0.491211 0.519306 0.492617 0.518264 0.493984 0.519306 0.494570 0.522986 0.493281 0.528056 0.491289 0.531319 0.490313 0.531806 0.488906 0.530764
3 0.460039 0.569792 0.460625 0.567292 0.461992 0.566319 0.464336 0.568542 0.466328 0.566319 0.467695 0.567292 0.468281 0.569792 0.467461 0.573472 0.465313 0.575903 0.460625 0.574028 0.460039 0.570069
3 0.460547 0.607569 0.461133 0.605139 0.462500 0.604097 0.463867 0.605139 0.466602 0.613819 0.466055 0.616250 0.464648 0.617292 0.463633 0.616736 0.460547 0.607708
3 0.460391 0.635347 0.460938 0.632917 0.462344 0.631875 0.463711 0.632917 0.464297 0.635347 0.463711 0.637847 0.462344 0.638819 0.460938 0.637847
3 0.456055 0.652500 0.456641 0.650069 0.458008 0.649028 0.459414 0.650069 0.459961 0.652500 0.459414 0.654931 0.458008 0.655972 0.456641 0.654931
3 0.444102 0.622083 0.444648 0.619722 0.444102 0.614861 0.442773 0.611111 0.443320 0.608681 0.445039 0.607639 0.447617 0.611389 0.448086 0.616528 0.449688 0.614444 0.451094 0.615486 0.451641 0.617917 0.451094 0.620417 0.449688 0.621389 0.448320 0.620417 0.448008 0.619028 0.447422 0.624514 0.446055 0.625556 0.444688 0.624514
3 0.437461 0.597569 0.438086 0.592778 0.439687 0.589306 0.443555 0.588472 0.444922 0.589444 0.445508 0.591944 0.444844 0.594514 0.441680 0.595694 0.440742 0.600069 0.439414 0.601042 0.438008 0.600000
3 0.428125 0.598125 0.428711 0.595694 0.430078 0.594653 0.431484 0.595694 0.432031 0.598125 0.431484 0.600625 0.430078 0.601597 0.428711 0.600625
3 0.431797 0.651875 0.437461 0.633889 0.438750 0.633056 0.440117 0.634097 0.440508 0.638403 0.435117 0.654653 0.433750 0.655347 0.432383 0.654375
3 0.417500 0.651875 0.419766 0.646250 0.421289 0.644861 0.422656 0.645903 0.423242 0.648333 0.421563 0.653264 0.419453 0.655347 0.418086 0.654375
3 0.425469 0.640069 0.428477 0.618889 0.430430 0.617153 0.431797 0.618125 0.432227 0.622014 0.428828 0.642569 0.427422 0.643542 0.426055 0.642569
3 0.423008 0.567431 0.423555 0.564931 0.424961 0.563958 0.426328 0.564931 0.426875 0.567431 0.429414 0.566319 0.430820 0.567292 0.431211 0.571389 0.434922 0.568056 0.439219 0.567500 0.442188 0.570069 0.443008 0.573403 0.445117 0.574375 0.445664 0.576875 0.445117 0.579306 0.439766 0.583819 0.437461 0.588958 0.434414 0.590972 0.429727 0.591250 0.428125 0.595972 0.426758 0.596875 0.425469 0.596042 0.424023 0.605833 0.422305 0.606528 0.420312 0.611875 0.415703 0.612847 0.412461 0.627153 0.410391 0.632639 0.410625 0.634167 0.407422 0.647778 0.406719 0.654931 0.405312 0.655972 0.403945 0.654931 0.403359 0.652500 0.404531 0.643056 0.407891 0.630972 0.407695 0.629444 0.411875 0.610903 0.413594 0.606667 0.413203 0.604931 0.413867 0.599931 0.419844 0.575208 0.421563 0.570278 0.423359 0.568958
3 0.413008 0.570347 0.413594 0.567917 0.414961 0.566875 0.416367 0.567917 0.416914 0.570347 0.416367 0.572847 0.414961 0.573819 0.413594 0.572847
3 0.409531 0.583958 0.410117 0.581528 0.411484 0.580486 0.412852 0.581528 0.413438 0.583958 0.412852 0.586389 0.411484 0.587431 0.410117 0.586389
3 0.402383 0.598750 0.402969 0.596250 0.404336 0.595278 0.405703 0.596250 0.406289 0.598750 0.405703 0.601181 0.404336 0.602222 0.402969 0.601181
3 0.395078 0.617361 0.395625 0.614861 0.397031 0.613889 0.398398 0.614861 0.398984 0.620139 0.402305 0.625972 0.402813 0.629236 0.404219 0.630278 0.404805 0.632708 0.402773 0.642986 0.401484 0.654444 0.399023 0.657431 0.395742 0.654792 0.394023 0.650000 0.392695 0.650972 0.391328 0.649931 0.390742 0.647500 0.392070 0.638125 0.396563 0.625764 0.395078 0.621806 0.395078 0.617639
3 0.417656 0.553194 0.418203 0.548125 0.420195 0.545972 0.423828 0.532917 0.424922 0.532292 0.427578 0.534375 0.429023 0.540486 0.426719 0.554653 0.423281 0.558403 0.420586 0.557917 0.418008 0.555208
3 0.435234 0.553264 0.437539 0.554444 0.438203 0.557292 0.437344 0.560278 0.434883 0.562847 0.433516 0.561875 0.432930 0.559375 0.434102 0.553889
3 0.429805 0.549375 0.430156 0.547361 0.432070 0.545556 0.433672 0.546111 0.433125 0.543750 0.433672 0.541250 0.435078 0.540278 0.436445 0.541250 0.437031 0.543750 0.436445 0.546181 0.435078 0.547222 0.435508 0.549028 0.434961 0.551528 0.431758 0.552847 0.430352 0.551806
3 0.438594 0.537500 0.438945 0.535556 0.441094 0.533542 0.441836 0.528889 0.443203 0.527847 0.444609 0.528889 0.445156 0.533958 0.444258 0.539375 0.440703 0.540972 0.439180 0.540000
3 0.437773 0.550208 0.438320 0.547778 0.439727 0.546736 0.444258 0.548403 0.444844 0.550833 0.444336 0.553125 0.441875 0.555208 0.438320 0.552708
3 0.449688 0.550278 0.451055 0.551319 0.451641 0.553750 0.451055 0.556250 0.449688 0.557222 0.447148 0.556250 0.446563 0.553750 0.447148 0.551319 0.449297 0.550625
3 0.460352 0.558194 0.460938 0.555764 0.462539 0.554722 0.463164 0.542778 0.464023 0.540694 0.461758 0.540000 0.461211 0.537500 0.461758 0.534792 0.465156 0.533750 0.468789 0.535903 0.469258 0.538125 0.466602 0.546667 0.466445 0.556458 0.465781 0.559583 0.463828 0.561667 0.460938 0.560694
3 0.471523 0.532222 0.472070 0.529722 0.473477 0.528750 0.475000 0.529722 0.476406 0.536319 0.475430 0.549375 0.474609 0.552153 0.475078 0.556458 0.474492 0.558889 0.470313 0.560208 0.468906 0.559167 0.468359 0.556736 0.469258 0.553681 0.467500 0.549375 0.470039 0.542847 0.471680 0.533681
3 0.467031 0.525139 0.467656 0.517986 0.469531 0.513125 0.471758 0.501944 0.473633 0.499514 0.475000 0.500486 0.475430 0.504931 0.473125 0.516319 0.471406 0.520069 0.470781 0.526389 0.468984 0.528611 0.467578 0.527569
3 0.457227 0.515069 0.457773 0.512639 0.461602 0.511597 0.462109 0.508194 0.463477 0.507153 0.464883 0.508194 0.465430 0.510625 0.464687 0.517847 0.463320 0.518819 0.457773 0.517500
3 0.477813 0.526875 0.479648 0.520417 0.481055 0.507292 0.482422 0.506250 0.483320 0.506944 0.485391 0.499722 0.486406 0.499167 0.487812 0.500208 0.488359 0.502639 0.486719 0.511181 0.485469 0.526667 0.484102 0.527708 0.482383 0.526111 0.479922 0.530347 0.478398 0.529375
3 0.477148 0.550208 0.477734 0.547778 0.479102 0.546736 0.480508 0.547778 0.481055 0.550208 0.480508 0.552708 0.479102 0.553681 0.477734 0.552708
3 0.356250 0.538125 0.357812 0.533611 0.359453 0.532361 0.362148 0.524861 0.363359 0.524306 0.364961 0.525833 0.366328 0.516806 0.368438 0.511736 0.370977 0.508958 0.372383 0.509931 0.372930 0.512431 0.372617 0.514653 0.369570 0.521042 0.368281 0.533264 0.365664 0.536875 0.362930 0.535764 0.361289 0.536806 0.358359 0.541597 0.356797 0.540556
3 0.374844 0.506181 0.376328 0.501806 0.377812 0.500694 0.379180 0.501667 0.379453 0.504167 0.381523 0.504931 0.382070 0.507361 0.381523 0.509861 0.380117 0.510833 0.378281 0.508611 0.376797 0.509653 0.375430 0.508681
3 0.381016 0.512708 0.381562 0.510278 0.382969 0.509236 0.385664 0.510833 0.386250 0.513333 0.385664 0.515764 0.384297 0.516806 0.381641 0.515278
3 0.409844 0.555556 0.409258 0.558333 0.407891 0.559306 0.404805 0.555486 0.404219 0.558889 0.402383 0.561111 0.401016 0.560069 0.400430 0.557639 0.400742 0.556042 0.399844 0.556667 0.399258 0.558958 0.397266 0.559931 0.394414 0.558611 0.392578 0.560486 0.390898 0.559514 0.390313 0.557014 0.395742 0.540694 0.398594 0.529028 0.400586 0.527569 0.406719 0.527569 0.408086 0.528542 0.408672 0.531042 0.403867 0.547431 0.406680 0.539514 0.408203 0.538194 0.409648 0.538819 0.410664 0.542292 0.410508 0.552569 0.409844 0.555208
3 0.411602 0.534583 0.412148 0.532153 0.413555 0.531111 0.414922 0.532153 0.415508 0.534583 0.414922 0.537014 0.413555 0.538056 0.412148 0.537014
3 0.387656 0.549028 0.388203 0.546597 0.389609 0.545556 0.390977 0.546597 0.391562 0.549028 0.390977 0.551528 0.389609 0.552500 0.388203 0.551528
3 0.368711 0.559097 0.369961 0.556111 0.369023 0.553194 0.369609 0.550764 0.371719 0.550278 0.372852 0.548611 0.377852 0.531944 0.379766 0.527708 0.381289 0.526389 0.382852 0.527361 0.383242 0.531250 0.380898 0.536319 0.375937 0.553056 0.373984 0.555208 0.372422 0.554583 0.371719 0.556389 0.372617 0.559097 0.372031 0.561528 0.370664 0.562569 0.369258 0.561528
3 0.405273 0.506181 0.401719 0.508472 0.400352 0.507500 0.399766 0.505000 0.400781 0.501806 0.403047 0.499514 0.406562 0.499167 0.407930 0.500208 0.408516 0.502639 0.407930 0.505139 0.405352 0.506111
3 0.360938 0.564167 0.362344 0.565208 0.362891 0.567639 0.362344 0.570139 0.360938 0.571111 0.358555 0.570139 0.358008 0.567639 0.358555 0.565208 0.360859 0.564167
3 0.338438 0.577917 0.339023 0.575486 0.340391 0.574444 0.341797 0.575486 0.342344 0.577917 0.341797 0.580417 0.340391 0.581389 0.339023 0.580417
3 0.312930 0.644931 0.316094 0.631181 0.318086 0.629444 0.319453 0.630417 0.319883 0.632569 0.332617 0.607083 0.334414 0.605000 0.335820 0.605972 0.336367 0.608472 0.335977 0.611250 0.328242 0.625417 0.320742 0.642639 0.316484 0.648819 0.313516 0.647431
3 0.332070 0.599931 0.333789 0.594444 0.340820 0.587917 0.343398 0.584375 0.345039 0.586528 0.347031 0.586319 0.345898 0.585139 0.345430 0.582917 0.346016 0.580486 0.347383 0.579444 0.348789 0.580486 0.349336 0.582917 0.347969 0.586250 0.349961 0.587222 0.350547 0.589653 0.349961 0.592083 0.348594 0.593125 0.347578 0.592639 0.339414 0.615486 0.330703 0.635347 0.334609 0.629792 0.336602 0.630833 0.337188 0.633264 0.336719 0.637292 0.335508 0.638472 0.336172 0.641042 0.335430 0.643750 0.334102 0.647917 0.332617 0.649167 0.331250 0.648125 0.330664 0.645694 0.331680 0.642083 0.330234 0.641042 0.329688 0.638472 0.327266 0.645903 0.325664 0.646667 0.324258 0.645625 0.323711 0.643194 0.327305 0.631528 0.336016 0.612014 0.339453 0.601389 0.337031 0.603403 0.332656 0.602361
3 0.341836 0.597014 0.340352 0.599861 0.341211 0.599306
3 0.346016 0.611250 0.346289 0.610417 0.344844 0.607014 0.345898 0.600833 0.347187 0.600000 0.348906 0.601875 0.351445 0.593542 0.352578 0.592917 0.353945 0.593958 0.354531 0.596389 0.354141 0.600069 0.350352 0.611944 0.348203 0.614722 0.346602 0.613750
3 0.339648 0.645694 0.347266 0.627153 0.354961 0.602847 0.357930 0.597222 0.358789 0.589306 0.360156 0.588333 0.363008 0.591250 0.364297 0.593819 0.363945 0.597778 0.361914 0.598611 0.361445 0.600764 0.358281 0.606528 0.352734 0.624861 0.347773 0.637708 0.349180 0.637222 0.351367 0.638611 0.351953 0.644236 0.351328 0.646875 0.349453 0.650417 0.347969 0.651597 0.345977 0.651597 0.344102 0.650069 0.343633 0.647153 0.341992 0.649167 0.340234 0.648125
3 0.345586 0.643611 0.346992 0.644722 0.347656 0.643542 0.346875 0.640069 0.345508 0.643611
3 0.360391 0.624722 0.360977 0.622292 0.362344 0.621250 0.363711 0.622292 0.364297 0.624722 0.363711 0.627222 0.362344 0.628194 0.360977 0.627222
3 0.364766 0.634653 0.365352 0.632222 0.366719 0.631181 0.368125 0.632222 0.368672 0.634653 0.368320 0.636250 0.369922 0.634722 0.371289 0.635764 0.371875 0.638194 0.371289 0.640694 0.369922 0.641667 0.368555 0.640694 0.368047 0.637153 0.366719 0.638125 0.365352 0.637153
3 0.375352 0.651667 0.375937 0.649236 0.377305 0.648194 0.378672 0.649236 0.379258 0.651667 0.378672 0.654167 0.377305 0.655139 0.375937 0.654167
3 0.367578 0.626875 0.368438 0.623889 0.371328 0.621250 0.374922 0.621250 0.376875 0.623542 0.377070 0.628264 0.375781 0.631528 0.373047 0.631528 0.371758 0.628750 0.369531 0.630347 0.368164 0.629306
3 0.378867 0.617639 0.378281 0.620139 0.376914 0.621111 0.374766 0.618333 0.374336 0.616250 0.374922 0.613819 0.376289 0.612778 0.378555 0.615764
3 0.372109 0.612639 0.370977 0.612014 0.369961 0.608472 0.372227 0.601528 0.373711 0.600347 0.375078 0.601389 0.375664 0.603819 0.373945 0.610486
3 0.390898 0.598542 0.391484 0.595694 0.392852 0.594653 0.394805 0.596736 0.396016 0.599931 0.395430 0.602361 0.394062 0.603403 0.392109 0.601736
3 0.245195 0.656389 0.245781 0.653958 0.247227 0.652917 0.249570 0.646181 0.265117 0.617847 0.269648 0.606319 0.274688 0.596528 0.275508 0.596319 0.277539 0.591528 0.279062 0.590208 0.280430 0.591181 0.281016 0.593681 0.279805 0.596875 0.277617 0.599931 0.272227 0.611667 0.268633 0.621250 0.252109 0.651736 0.249609 0.658681 0.248125 0.659861 0.245781 0.658889
3 0.228945 0.655694 0.228398 0.658125 0.226992 0.659167 0.223125 0.656944 0.222266 0.652153 0.224492 0.642500 0.223047 0.639028 0.223633 0.636597 0.227070 0.634306 0.231016 0.626319 0.233594 0.623542 0.235156 0.625347 0.238984 0.621389 0.240547 0.622431 0.241133 0.624861 0.240742 0.626875 0.236445 0.632778 0.238164 0.633403 0.238711 0.636181 0.237539 0.641181 0.233438 0.650694 0.234531 0.653958 0.233984 0.656389 0.232578 0.657431 0.228711 0.654722
3 0.231211 0.636736 0.233281 0.634444 0.232813 0.633611
3 0.229961 0.638958 0.228750 0.640833 0.228750 0.642778 0.230352 0.638264
3 0.214062 0.651806 0.210039 0.657431 0.208672 0.656389 0.208086 0.653958 0.208867 0.651111 0.219297 0.633819 0.228711 0.612639 0.230195 0.611458 0.231562 0.612500 0.232148 0.614931 0.229961 0.621250 0.222891 0.637083 0.216406 0.648611 0.217422 0.649375 0.217969 0.651806 0.217422 0.654236 0.216016 0.655278 0.214648 0.654236
3 0.199336 0.651111 0.202500 0.644375 0.207539 0.637361 0.210234 0.631875 0.209141 0.631736 0.195547 0.652917 0.194492 0.653472 0.193125 0.652500 0.192539 0.650000 0.193750 0.646806 0.212969 0.615139 0.214844 0.613611 0.216211 0.614583 0.217344 0.617292 0.220039 0.613611 0.221406 0.614583 0.221992 0.617083 0.221367 0.619653 0.210938 0.640972 0.202656 0.653611 0.201289 0.654583 0.199883 0.653542
3 0.218477 0.606042 0.221641 0.598681 0.223672 0.595764 0.225195 0.594444 0.226602 0.595486 0.227031 0.597431 0.227773 0.593889 0.232422 0.581667 0.233984 0.579583 0.235781 0.580556 0.236328 0.582986 0.235273 0.585972 0.236445 0.587153 0.236719 0.590903 0.235156 0.596111 0.236563 0.597222 0.237305 0.593889 0.240547 0.589861 0.242930 0.590833 0.243516 0.593333 0.242930 0.595764 0.240430 0.598194 0.239570 0.602083 0.237773 0.604236 0.233789 0.602778 0.231094 0.598958 0.230430 0.604792 0.228867 0.608681 0.226406 0.610972 0.223086 0.610000 0.222461 0.607708 0.220625 0.609514 0.219023 0.608542
3 0.226367 0.600694 0.224531 0.604028 0.225781 0.604028 0.226602 0.602569 0.226836 0.599028
3 0.245977 0.607500 0.246563 0.605000 0.247930 0.604028 0.255938 0.601528 0.258516 0.602569 0.259063 0.605000 0.258516 0.607431 0.253711 0.609861 0.249531 0.610972 0.246563 0.609931
3 0.255977 0.622361 0.256523 0.619931 0.257930 0.618889 0.259297 0.619931 0.259883 0.622361 0.259297 0.624861 0.257930 0.625833 0.256523 0.624861
3 0.265547 0.604306 0.266094 0.601806 0.267500 0.600833 0.268867 0.601806 0.269453 0.604306 0.268867 0.606736 0.267500 0.607778 0.266094 0.606736
3 0.260508 0.583681 0.259102 0.584722 0.257266 0.583958 0.257266 0.588194 0.255781 0.591597 0.254688 0.592153 0.254688 0.595208 0.251523 0.599931 0.250156 0.598958 0.249570 0.595764 0.251445 0.591389 0.253125 0.590208 0.252773 0.588681 0.254102 0.583125 0.255430 0.582014 0.255742 0.578403 0.258711 0.577431 0.260703 0.579236 0.260937 0.580625 0.261563 0.578333 0.262891 0.577431 0.264297 0.578403 0.264844 0.580903 0.264297 0.583333 0.262891 0.584375 0.261641 0.583542 0.260977 0.581597
3 0.248203 0.578056 0.248750 0.575625 0.250156 0.574583 0.251523 0.575625 0.252109 0.578056 0.251523 0.580486 0.250156 0.581528 0.248750 0.580486
3 0.246797 0.591528 0.247344 0.589097 0.248750 0.588056 0.250117 0.589097 0.250703 0.591528 0.250117 0.593958 0.248750 0.595000 0.247344 0.593958
3 0.267148 0.578403 0.267695 0.575972 0.269102 0.574931 0.270547 0.576250 0.271875 0.575278 0.273242 0.576319 0.273828 0.578750 0.273242 0.581250 0.271875 0.582222 0.270352 0.580972 0.269102 0.581875 0.267695 0.580833
3 0.244688 0.568542 0.245234 0.566111 0.246641 0.565069 0.249414 0.567153 0.249961 0.569583 0.249375 0.572014 0.248008 0.573056 0.246289 0.572500 0.244961 0.570347
3 0.266680 0.562153 0.267344 0.559583 0.271484 0.552222 0.273359 0.551389 0.274844 0.548056 0.275977 0.547361 0.277383 0.548403 0.277930 0.551806 0.276328 0.555903 0.278320 0.556736 0.278906 0.559236 0.278320 0.561667 0.276953 0.562708 0.275586 0.561667 0.275000 0.559236 0.275352 0.557222 0.274023 0.557500 0.270078 0.564514 0.268633 0.565625 0.267266 0.564653
3 0.263906 0.569583 0.264492 0.567083 0.265859 0.566111 0.267266 0.567083 0.267813 0.569583 0.267266 0.572014 0.265859 0.573056 0.264492 0.572014
3 0.257266 0.558472 0.257852 0.556042 0.259219 0.555000 0.260625 0.556042 0.261172 0.558472 0.260625 0.560903 0.259219 0.561944 0.257852 0.560903
3 0.289727 0.548889 0.289141 0.551319 0.287773 0.552361 0.286445 0.551667 0.284687 0.545903 0.285156 0.542222 0.297500 0.524306 0.301875 0.515625 0.303398 0.514375 0.304805 0.515417 0.305352 0.517847 0.304648 0.520556 0.299531 0.530417 0.295859 0.534653 0.289102 0.546319
3 0.304219 0.528889 0.307031 0.531250 0.307578 0.533611 0.306797 0.537153 0.303828 0.538056 0.302305 0.536806 0.301719 0.531806 0.303398 0.529236
3 0.310469 0.528194 0.311016 0.525764 0.312422 0.524722 0.313789 0.525764 0.314375 0.528194 0.313789 0.530625 0.312422 0.531667 0.311016 0.530625
3 0.317930 0.519097 0.318516 0.516597 0.319883 0.515625 0.321250 0.516597 0.321836 0.519097 0.321250 0.521528 0.319883 0.522569 0.318516 0.521528
3 0.281523 0.520833 0.282070 0.518333 0.283477 0.517361 0.284844 0.518333 0.285430 0.520833 0.284844 0.523264 0.283477 0.524306 0.282070 0.523264
3 0.281367 0.532361 0.281953 0.529931 0.283320 0.528889 0.284687 0.529931 0.285273 0.532361 0.284687 0.534861 0.283320 0.535833 0.281953 0.534861
3 0.268906 0.528194 0.269492 0.525764 0.270859 0.524722 0.272227 0.525764 0.272813 0.528194 0.272227 0.530625 0.270859 0.531667 0.269492 0.530625
3 0.267539 0.530625 0.268906 0.531667 0.269492 0.534097 0.267969 0.539861 0.263672 0.547708 0.261875 0.549861 0.260469 0.548889 0.260039 0.545069 0.264570 0.536250 0.265469 0.532917 0.267461 0.530625
3 0.137617 0.642708 0.138047 0.640486 0.140586 0.638056 0.163633 0.606528 0.179727 0.580347 0.183945 0.575694 0.184922 0.576181 0.185195 0.572917 0.186211 0.571667 0.187422 0.570972 0.188789 0.572014 0.189375 0.574444 0.187383 0.582292 0.189141 0.583194 0.189453 0.586806 0.198281 0.573681 0.199883 0.572153 0.201445 0.573194 0.201992 0.575625 0.201016 0.578819 0.182734 0.604792 0.183711 0.607847 0.183047 0.610417 0.173594 0.623125 0.161953 0.647361 0.160508 0.648542 0.158945 0.647500 0.158438 0.644236 0.156055 0.648681 0.154531 0.650000 0.153125 0.648958 0.152578 0.646528 0.152969 0.643819 0.167852 0.617083 0.171172 0.613333 0.176953 0.603472 0.187695 0.589097 0.186367 0.588125 0.185820 0.585069 0.166602 0.617222 0.158242 0.626528 0.146719 0.645139 0.144687 0.645903 0.142813 0.643333 0.140430 0.645833 0.138164 0.645139
3 0.165195 0.644167 0.165781 0.641736 0.167148 0.640694 0.168750 0.642778 0.173398 0.635208 0.172070 0.634167 0.171523 0.631736 0.172070 0.629306 0.173477 0.628264 0.174844 0.629306 0.175391 0.631944 0.186914 0.613264 0.188750 0.612014 0.190117 0.613056 0.190703 0.615486 0.190352 0.617500 0.182266 0.629514 0.183828 0.630486 0.184375 0.632917 0.183828 0.635417 0.182422 0.636389 0.181055 0.635417 0.180508 0.632292 0.175234 0.641319 0.176680 0.642292 0.177227 0.644792 0.176680 0.647222 0.175273 0.648264 0.173906 0.647222 0.173320 0.644583 0.170625 0.647917 0.168672 0.645903 0.167148 0.647639 0.165781 0.646597
3 0.194102 0.611389 0.194687 0.608889 0.196055 0.607917 0.197461 0.608889 0.198008 0.611389 0.197461 0.613819 0.196055 0.614861 0.194687 0.613819
3 0.198750 0.612569 0.199336 0.610069 0.200703 0.609097 0.202109 0.610069 0.202656 0.612569 0.202109 0.615000 0.200703 0.616042 0.199336 0.615000
3 0.201250 0.603403 0.201484 0.602361 0.199648 0.601389 0.199102 0.598958 0.199648 0.596528 0.201055 0.595486 0.202422 0.596528 0.202891 0.600139 0.204570 0.600972 0.205156 0.603403 0.204570 0.605833 0.203203 0.606875 0.201836 0.605833
3 0.208398 0.580625 0.208984 0.578194 0.210352 0.577153 0.211719 0.578194 0.212305 0.580625 0.211719 0.583125 0.210352 0.584097 0.208984 0.583125
3 0.213711 0.581806 0.214297 0.579375 0.215664 0.578333 0.217070 0.579375 0.217617 0.581806 0.217070 0.584306 0.215664 0.585278 0.214297 0.584306
3 0.215391 0.558194 0.215977 0.555694 0.217344 0.554722 0.218711 0.555694 0.219297 0.558194 0.218711 0.560625 0.217344 0.561667 0.215977 0.560625
3 0.206562 0.557569 0.207695 0.554444 0.211836 0.548264 0.213516 0.547014 0.214883 0.548056 0.215469 0.550486 0.214727 0.553264 0.209883 0.560139 0.208516 0.561042 0.207148 0.560069
3 0.226367 0.553194 0.226914 0.545694 0.228320 0.544653 0.229687 0.545694 0.230273 0.548125 0.229687 0.555625 0.228320 0.556667 0.226914 0.555625
3 0.224375 0.565833 0.226289 0.561042 0.227813 0.559722 0.229180 0.560764 0.229766 0.563472 0.227617 0.568403 0.226328 0.569306 0.224922 0.568333
3 0.240469 0.542847 0.241406 0.536528 0.242773 0.535486 0.244141 0.536528 0.244727 0.541042 0.243789 0.545347 0.242422 0.546319 0.241055 0.545278
3 0.244648 0.549306 0.246641 0.542917 0.247773 0.542292 0.249141 0.543333 0.249727 0.546042 0.248242 0.551875 0.246602 0.552778 0.245195 0.551806
3 0.251797 0.533681 0.253555 0.528611 0.252617 0.525694 0.253359 0.522361 0.255391 0.519861 0.256953 0.520833 0.257500 0.523333 0.255820 0.528333 0.256680 0.530972 0.255508 0.535139 0.253750 0.537153 0.252344 0.536111
3 0.025430 0.614722 0.025977 0.612292 0.027383 0.611250 0.028750 0.612292 0.029336 0.614722 0.028750 0.617153 0.027383 0.618194 0.025977 0.617153
3 0.033906 0.616181 0.034453 0.613750 0.037852 0.611597 0.053438 0.591042 0.057461 0.587917 0.058984 0.588958 0.059375 0.590556 0.073867 0.573958 0.079180 0.569722 0.087656 0.559097 0.089844 0.557222 0.091406 0.558194 0.091992 0.560694 0.091328 0.563264 0.081680 0.575069 0.082656 0.578125 0.082109 0.580556 0.080703 0.581597 0.079336 0.580556 0.078789 0.577917 0.074180 0.582222 0.073047 0.585972 0.071719 0.587778 0.052539 0.609792 0.045937 0.618819 0.044336 0.620000 0.042930 0.618958 0.042383 0.616389 0.041367 0.615556 0.036680 0.619653 0.034453 0.618681
3 0.050508 0.619167 0.050820 0.617292 0.053828 0.613611 0.056016 0.614444 0.062148 0.611736 0.064414 0.608472 0.067070 0.606667 0.069258 0.602639 0.070117 0.598542 0.071953 0.598958 0.072539 0.601458 0.072188 0.602708 0.060977 0.614514 0.057656 0.620486 0.055859 0.619514 0.052461 0.622639 0.051094 0.621597
3 0.079766 0.586667 0.080352 0.584236 0.081719 0.583194 0.083086 0.584236 0.083672 0.586667 0.083086 0.589097 0.081719 0.590139 0.080352 0.589097
3 0.100195 0.562153 0.100781 0.559653 0.102148 0.558681 0.103555 0.559653 0.104102 0.562153 0.103555 0.564583 0.102148 0.565625 0.100781 0.564583
3 0.095547 0.566875 0.096133 0.564444 0.097500 0.563403 0.098906 0.564444 0.099453 0.566875 0.098906 0.569306 0.097500 0.570347 0.096133 0.569306
3 0.064648 0.571597 0.065195 0.569167 0.066602 0.568125 0.067969 0.569167 0.068555 0.571597 0.067969 0.574028 0.066602 0.575069 0.065195 0.574028
3 0.059023 0.552986 0.060195 0.555069 0.059375 0.557014 0.053203 0.565000 0.038359 0.579514 0.035820 0.584514 0.025742 0.594653 0.014883 0.609236 0.010000 0.614028 0.008359 0.613819 0.008008 0.612361 0.011016 0.606806 0.011992 0.605833 0.013164 0.606458 0.019023 0.598403 0.013477 0.603194 0.006680 0.611806 0.005000 0.611181 0.005000 0.608264 0.006367 0.607639 0.009375 0.602847 0.008516 0.600833 0.009766 0.595694 0.010820 0.594931 0.011992 0.597014 0.010820 0.601250 0.048594 0.565069 0.058359 0.553333
3 0.000000 0.609444 0.000000 0.607917 0.002852 0.604792 0.004844 0.603472 0.005664 0.604097 0.006016 0.605556 0.005000 0.607639 0.001016 0.611181 0.000000 0.610903
3 0.032109 0.570139 0.033281 0.568056 0.034258 0.568611 0.034609 0.570139 0.033437 0.572222 0.032422 0.571597
3 0.056367 0.566875 0.057539 0.568958 0.057188 0.570417 0.053867 0.573056 0.054883 0.575139 0.052773 0.579097 0.051367 0.580486 0.050547 0.579861 0.050547 0.576944 0.049570 0.576875 0.049570 0.573472 0.051484 0.567917 0.053047 0.566875 0.054102 0.567986 0.056289 0.566875
3 0.000000 0.596111 0.015820 0.573264 0.015977 0.570694 0.017695 0.570764 0.026758 0.560764 0.029766 0.558611 0.030781 0.559167 0.030703 0.562292 0.021250 0.570972 0.002852 0.595833 0.000195 0.598194 0.000000 0.597569
3 0.096250 0.544722 0.097422 0.542639 0.098672 0.543681 0.099414 0.545903 0.098242 0.547986 0.097031 0.546667
3 0.096758 0.555347 0.097109 0.553264 0.098906 0.551806 0.099727 0.552361 0.100078 0.553889 0.099102 0.556181 0.097930 0.557431 0.097109 0.556806
3 0.101055 0.553264 0.102344 0.550764 0.108867 0.543333 0.112891 0.540278 0.114023 0.540903 0.114180 0.543819 0.108906 0.550833 0.107148 0.550069 0.102422 0.555347 0.101406 0.554722
3 0.106563 0.555625 0.107734 0.553542 0.108906 0.555625 0.108555 0.557083 0.106914 0.557083
1 0.013711 0.550208 0.040820 0.553403 0.000547 0.597014 0.000156 0.565486 0.013711 0.549514
1 0.108516 0.559167 0.054648 0.625208 0.020977 0.618542 0.073867 0.556736 0.108086 0.559167
1 0.327227 0.603681 0.327773 0.603889 0.327461 0.604514
1 0.327773 0.603889 0.346133 0.565000 0.374844 0.565000 0.403086 0.566667 0.404531 0.572222 0.393984 0.600278 0.385859 0.625417 0.379141 0.626667 0.377969 0.605000 0.375312 0.595625 0.361445 0.613889
1 0.411992 0.564792 0.469570 0.561736 0.474727 0.562361 0.475078 0.571528 0.472305 0.588681 0.470937 0.593611 0.468203 0.616319 0.465234 0.620069 0.462031 0.620069 0.455352 0.617292 0.449570 0.607083 0.449570 0.605833 0.437578 0.606806 0.428398 0.606042 0.420859 0.609028 0.405508 0.609792 0.401328 0.605278 0.411992 0.566667
1 0.482656 0.565833 0.548125 0.565833 0.547344 0.618681 0.543906 0.620625 0.543711 0.621597 0.538125 0.621528 0.533867 0.619306 0.525938 0.617917 0.520195 0.614861 0.517695 0.616528 0.516406 0.613403 0.511875 0.610486 0.509609 0.607569 0.507695 0.606597 0.506484 0.603889 0.502500 0.600625 0.498281 0.598750 0.494766 0.598819 0.490039 0.595764 0.479727 0.595625