0 0.725273 0.740278 0.752109 0.848125 0.673672 0.882153 0.658711 0.766042
0 0.670000 0.882292 0.586406 0.911806 0.586094 0.791250 0.655039 0.767083 0.670000 0.881389
0 0.704180 0.662014 0.725234 0.738333 0.658867 0.765139 0.647539 0.684861 0.704180 0.662292
0 0.655352 0.765556 0.585859 0.789514 0.585039 0.707431 0.644023 0.686528 0.655117 0.764931
0 0.457734 0.831736 0.526563 0.806875 0.519570 0.927153 0.437461 0.951389 0.457266 0.831111
0 0.453789 0.833264 0.434102 0.952569 0.358945 0.968542 0.388086 0.850972
0 0.355117 0.969514 0.287656 0.978889 0.325625 0.866111 0.385469 0.853056 0.355273 0.969722
0 0.409883 0.768264 0.385156 0.852569 0.325078 0.866250 0.356133 0.783889 0.409570 0.768264
0 0.388867 0.849514 0.412812 0.767361 0.469570 0.748194 0.454258 0.831319
0 0.531953 0.725347 0.526484 0.806319 0.457383 0.830972 0.472734 0.746736
0 0.231836 0.880278 0.281836 0.875833 0.239453 0.984583 0.185586 0.980694
0 0.228672 0.880556 0.183516 0.980000 0.137266 0.974861 0.183789 0.882500
0 0.181758 0.882361 0.134766 0.974167 0.095508 0.967917 0.142734 0.881944 0.181719 0.882361
0 0.318125 0.790625 0.283164 0.874931 0.232500 0.879028 0.270820 0.798403 0.318008 0.790625
0 0.268672 0.798889 0.229883 0.879028 0.185000 0.880903 0.226211 0.805208
0 0.143516 0.880278 0.186211 0.809931 0.224062 0.805764 0.183008 0.880486 0.143398 0.880486
3 0.099687 0.965556 0.101758 0.958611 0.115898 0.936458 0.124844 0.916042 0.135352 0.900972 0.140977 0.889444 0.143398 0.885764 0.144023 0.885903 0.144414 0.883125 0.145391 0.882222 0.146367 0.882847 0.146719 0.884306 0.145937 0.886250 0.144570 0.886806 0.144375 0.889514 0.137969 0.902431 0.130000 0.914097 0.131094 0.916458 0.129922 0.923264 0.130781 0.925972 0.131797 0.926597 0.131797 0.929514 0.129922 0.930556 0.128750 0.928819 0.128086 0.929514 0.126914 0.927431 0.128672 0.916111 0.126562 0.919167 0.117539 0.939375 0.108047 0.953681 0.103477 0.962500 0.103320 0.967917 0.101992 0.968542 0.100117 0.967153
3 0.108984 0.966736 0.109336 0.965278 0.110977 0.965278 0.110977 0.968194 0.109336 0.968194
3 0.103828 0.966111 0.105000 0.964028 0.106172 0.966111 0.105820 0.967569 0.104180 0.967569
3 0.112461 0.969375 0.113633 0.967292 0.114805 0.969375 0.114453 0.970833 0.112813 0.970833
3 0.138906 0.954583 0.139219 0.953125 0.140898 0.953125 0.140898 0.956111 0.139219 0.956111
3 0.146719 0.944583 0.147891 0.942500 0.149063 0.944583 0.148711 0.946042 0.147031 0.946042
3 0.139375 0.916319 0.140547 0.914236 0.141719 0.916319 0.141367 0.917847 0.139688 0.917847
3 0.140898 0.912431 0.142070 0.910347 0.143242 0.912431 0.142891 0.913889 0.141211 0.913889
3 0.147383 0.915139 0.148555 0.913056 0.150586 0.917083 0.149414 0.919167 0.147734 0.916597
3 0.150156 0.915139 0.151328 0.912778 0.152500 0.914861 0.152148 0.916597 0.151328 0.916944 0.150195 0.915139
3 0.163164 0.899097 0.161992 0.901181 0.160117 0.900486 0.159727 0.898611 0.160273 0.896319 0.162266 0.894583 0.163437 0.896667 0.162930 0.898403
3 0.163125 0.906250 0.163125 0.909167 0.161172 0.909097 0.160000 0.907014 0.161172 0.904931 0.162266 0.906250
3 0.140313 0.900069 0.140664 0.898611 0.142344 0.898611 0.142344 0.901597 0.140664 0.901597
3 0.124375 0.927639 0.124687 0.926181 0.126367 0.926181 0.126367 0.929167 0.124687 0.929167
3 0.135078 0.928472 0.135430 0.927014 0.137109 0.927014 0.137109 0.929931 0.135430 0.929931
3 0.162344 0.964444 0.162773 0.956944 0.164492 0.955903 0.165664 0.956528 0.166016 0.957986 0.164688 0.960139 0.164336 0.965972 0.162695 0.965972
3 0.174805 0.945833 0.175977 0.943750 0.177148 0.945833 0.176797 0.947361 0.175156 0.947361
3 0.181602 0.955625 0.181797 0.954792 0.180156 0.953542 0.178008 0.947431 0.177969 0.944375 0.179688 0.944514 0.181953 0.950278 0.182266 0.954097 0.183633 0.954097 0.183633 0.959444 0.181953 0.959444 0.181602 0.955764
3 0.179961 0.940208 0.181133 0.938125 0.187109 0.938750 0.185938 0.937847 0.185586 0.936111 0.189531 0.928264 0.191250 0.928125 0.191367 0.935278 0.190508 0.938611 0.188594 0.941111 0.187930 0.944375 0.187109 0.945000 0.185938 0.943125 0.184102 0.942639 0.183945 0.945278 0.183125 0.945903 0.181953 0.943819 0.182344 0.942222 0.180313 0.941736
3 0.180625 0.935486 0.179453 0.937569 0.178125 0.935972 0.178281 0.932847 0.179141 0.932222 0.180273 0.934028
3 0.183125 0.934306 0.184297 0.932222 0.185469 0.934306 0.185117 0.935833 0.183438 0.935833
3 0.177773 0.975139 0.179883 0.968472 0.183398 0.961111 0.193477 0.942569 0.200430 0.933194 0.201406 0.932222 0.202227 0.932847 0.202578 0.934653 0.198711 0.945556 0.189492 0.962986 0.186836 0.970208 0.185273 0.972153 0.184102 0.969792 0.185703 0.964653 0.191406 0.952847 0.182422 0.969167 0.180078 0.975694 0.178945 0.977222 0.178125 0.976597
3 0.193984 0.948125 0.193359 0.949236 0.194062 0.948056
3 0.205898 0.922083 0.207070 0.920000 0.208242 0.922083 0.207891 0.923542 0.206250 0.923542
3 0.195156 0.918194 0.196445 0.916111 0.198203 0.919375 0.197031 0.921458 0.195625 0.919861
3 0.193242 0.924514 0.194414 0.922431 0.196055 0.923264 0.196406 0.924792 0.195234 0.926875 0.193555 0.925972
3 0.195703 0.885833 0.196875 0.883750 0.198047 0.885833 0.197734 0.887361 0.196055 0.887361
3 0.203945 0.889722 0.205117 0.891806 0.203398 0.894583 0.202227 0.892500 0.203516 0.890417
3 0.200273 0.895972 0.201445 0.893889 0.202617 0.895972 0.202305 0.897431 0.200625 0.897431
3 0.195703 0.904861 0.196875 0.902778 0.198047 0.904861 0.197695 0.906319 0.196055 0.906319
3 0.188594 0.975903 0.188945 0.973194 0.190625 0.973194 0.190625 0.977361 0.188945 0.977361
3 0.194023 0.979375 0.195195 0.977292 0.196367 0.979375 0.196016 0.980903 0.194375 0.980903
3 0.196680 0.971806 0.198477 0.967778 0.199687 0.966875 0.200547 0.967431 0.200859 0.968958 0.200156 0.970833 0.197852 0.973889 0.197031 0.973264
3 0.203867 0.961944 0.203516 0.963403 0.201875 0.963403 0.201055 0.960694 0.201445 0.960069 0.199805 0.959722 0.199453 0.958264 0.200625 0.956181 0.201680 0.955972 0.202500 0.956597 0.203398 0.961111
3 0.203047 0.978542 0.204297 0.976250 0.205039 0.972083 0.207695 0.971944 0.207695 0.974931 0.206836 0.975556 0.205586 0.979722 0.204219 0.980833 0.203047 0.978681
3 0.215391 0.978958 0.216562 0.976875 0.217734 0.978958 0.217383 0.980486 0.215742 0.980486
3 0.218945 0.968125 0.220117 0.966042 0.221523 0.966875 0.222812 0.971181 0.221641 0.973264 0.219297 0.969583
3 0.214922 0.966042 0.216094 0.963958 0.217266 0.966042 0.216914 0.967500 0.215273 0.967500
3 0.224492 0.980625 0.225664 0.978542 0.226836 0.980625 0.226484 0.982083 0.224844 0.982083
3 0.227148 0.980208 0.226367 0.977778 0.228203 0.970833 0.236211 0.954653 0.238047 0.954514 0.238398 0.955972 0.237852 0.957778 0.233633 0.965903 0.232344 0.969861 0.230195 0.973056 0.228711 0.978819 0.229492 0.980208 0.229141 0.981667 0.227500 0.981667
3 0.235039 0.972153 0.236211 0.974236 0.233633 0.979861 0.232461 0.977569 0.234375 0.972500
3 0.247695 0.951458 0.248867 0.949375 0.250039 0.951458 0.249688 0.952986 0.248047 0.952986
3 0.217930 0.947778 0.218281 0.945069 0.219336 0.944514 0.220742 0.947153 0.219219 0.949861 0.218281 0.949236
3 0.226484 0.929306 0.227656 0.931389 0.226484 0.933472 0.224531 0.932292 0.223828 0.930347 0.225000 0.928264 0.226367 0.929306
3 0.241602 0.946806 0.240430 0.948889 0.237461 0.947847 0.235430 0.945625 0.235117 0.943264 0.236094 0.941250 0.239297 0.939583 0.240469 0.941667 0.239531 0.943958 0.240586 0.944722
3 0.243555 0.923611 0.244727 0.921528 0.245898 0.923611 0.245547 0.925069 0.243906 0.925069
3 0.239375 0.919514 0.240547 0.917431 0.241719 0.919514 0.241406 0.920972 0.239727 0.920972
3 0.217227 0.919861 0.218789 0.912361 0.220508 0.912292 0.220625 0.915903 0.219219 0.921389 0.217578 0.921389
3 0.220820 0.907569 0.221992 0.905486 0.223164 0.907569 0.223164 0.912917 0.221992 0.915000 0.220820 0.912917 0.220820 0.907778
3 0.221953 0.902222 0.223750 0.897986 0.225469 0.897917 0.225352 0.903542 0.222305 0.903750
3 0.246445 0.904722 0.247617 0.902639 0.248789 0.904722 0.248438 0.906181 0.246758 0.906181
3 0.255078 0.899167 0.256250 0.897083 0.257422 0.899167 0.257070 0.900625 0.255430 0.900625
3 0.270977 0.892361 0.272148 0.890278 0.273320 0.892361 0.273008 0.893819 0.271328 0.893819
3 0.266680 0.880833 0.267852 0.878472 0.270352 0.881736 0.269180 0.883819 0.267109 0.882431
3 0.264180 0.879653 0.265000 0.880278 0.265000 0.883194 0.261875 0.883194 0.261875 0.880278 0.264102 0.879653
3 0.255547 0.880556 0.256719 0.878472 0.257891 0.880556 0.257539 0.882014 0.255859 0.882014
3 0.157500 0.874931 0.158672 0.872847 0.159844 0.874931 0.159492 0.876389 0.157852 0.876389
3 0.168984 0.861667 0.170156 0.859583 0.171328 0.861667 0.171016 0.863125 0.169336 0.863125
3 0.174531 0.858681 0.175703 0.856597 0.176875 0.858681 0.176523 0.860139 0.174883 0.860139
3 0.175664 0.854722 0.176836 0.852639 0.178008 0.854722 0.176836 0.856806 0.175977 0.856250
3 0.179102 0.845903 0.180273 0.843819 0.181445 0.845903 0.181094 0.847361 0.179453 0.847361
3 0.184492 0.845417 0.185664 0.843333 0.186836 0.845417 0.186523 0.846875 0.184844 0.846875
3 0.183281 0.859653 0.184453 0.857569 0.185625 0.859653 0.185273 0.861111 0.183594 0.861111
3 0.188711 0.859792 0.189570 0.860417 0.188984 0.864861 0.187344 0.864861 0.186992 0.863333 0.187695 0.861458
3 0.188672 0.850833 0.189844 0.848750 0.191133 0.852292 0.189961 0.854375 0.189141 0.853750 0.188867 0.851667
3 0.191719 0.848125 0.193984 0.845278 0.195156 0.847361 0.193984 0.849444 0.192070 0.849583
3 0.180078 0.855764 0.181250 0.853681 0.182422 0.855764 0.182070 0.857222 0.180430 0.857222
3 0.174531 0.839444 0.175273 0.836389 0.173555 0.832361 0.173906 0.830833 0.175586 0.830833 0.176602 0.834653 0.177656 0.832708 0.178477 0.833333 0.178477 0.836250 0.176523 0.838819 0.176523 0.840972 0.174883 0.840972
3 0.186016 0.815833 0.187188 0.813750 0.188359 0.815833 0.188047 0.817292 0.186367 0.817292
3 0.189648 0.812847 0.190820 0.810764 0.191758 0.812431 0.193711 0.812361 0.194062 0.813889 0.192891 0.815972 0.191484 0.814375 0.189961 0.814375
3 0.218086 0.811111 0.219258 0.809028 0.220430 0.811111 0.220078 0.812569 0.218398 0.812569
3 0.194258 0.869028 0.193086 0.871111 0.192188 0.870417 0.191758 0.868056 0.193477 0.864514 0.194648 0.866597 0.194219 0.868472
3 0.204492 0.875972 0.205664 0.873889 0.206836 0.875972 0.206523 0.877431 0.204844 0.877431
3 0.209492 0.872986 0.210664 0.870903 0.211836 0.872986 0.211484 0.874444 0.209844 0.874444
3 0.211719 0.870000 0.212891 0.867917 0.214062 0.870000 0.213711 0.871528 0.212031 0.871528
3 0.215039 0.876458 0.216211 0.874375 0.217383 0.876458 0.217031 0.877917 0.215391 0.877917
3 0.221133 0.873472 0.222305 0.871389 0.225000 0.875694 0.223828 0.877778 0.223008 0.877153 0.222734 0.874931 0.221484 0.874931
3 0.223477 0.868542 0.222305 0.870625 0.220000 0.867083 0.220352 0.865625 0.222148 0.865000 0.222969 0.865625 0.223320 0.867500
3 0.215586 0.869514 0.216055 0.866667 0.217188 0.865208 0.218008 0.865833 0.218359 0.867569 0.217578 0.871042 0.215937 0.871042
3 0.218008 0.859306 0.219180 0.861389 0.217578 0.864722 0.216523 0.862569 0.215352 0.864236 0.213008 0.864375 0.212656 0.862917 0.213828 0.860833 0.214258 0.861528 0.215352 0.860069 0.216523 0.861736 0.218008 0.859375
3 0.203320 0.864028 0.204492 0.866111 0.204141 0.867569 0.202930 0.867569 0.201797 0.869167 0.200977 0.868542 0.200977 0.865625 0.202500 0.865417
3 0.196211 0.866806 0.197383 0.864722 0.198555 0.866806 0.198203 0.868333 0.196523 0.868333
3 0.197578 0.877431 0.198750 0.875347 0.199922 0.877431 0.199570 0.878889 0.197930 0.878889
3 0.206797 0.854931 0.207969 0.857014 0.207617 0.858472 0.204570 0.858333 0.203672 0.856667 0.202344 0.856250 0.201992 0.854792 0.203477 0.851944 0.206484 0.855486
3 0.208789 0.848889 0.209570 0.846389 0.211211 0.846389 0.211563 0.847847 0.210781 0.850347 0.209141 0.850347
3 0.210586 0.843472 0.211758 0.841389 0.212930 0.843472 0.212617 0.844931 0.210938 0.844931
3 0.223945 0.841389 0.225117 0.843472 0.224492 0.847153 0.222852 0.847153 0.222227 0.843472 0.222578 0.841944 0.223867 0.841528
3 0.211289 0.859722 0.212461 0.857639 0.213633 0.859722 0.213281 0.861181 0.211641 0.861181
3 0.219609 0.859722 0.220781 0.857639 0.221953 0.859722 0.221602 0.861181 0.219961 0.861181
3 0.230547 0.855000 0.231719 0.852917 0.232891 0.855000 0.232539 0.856458 0.230898 0.856458
3 0.232891 0.857986 0.234063 0.855903 0.234727 0.857083 0.235039 0.855000 0.236680 0.855000 0.236680 0.857986 0.233242 0.859444
3 0.208828 0.836042 0.210000 0.833958 0.211172 0.836042 0.210820 0.837500 0.209180 0.837500
3 0.214609 0.827153 0.215781 0.829236 0.215195 0.831458 0.214062 0.832639 0.212891 0.830556 0.214219 0.827847
3 0.220469 0.819097 0.221914 0.815694 0.222773 0.816319 0.222734 0.819861 0.221641 0.821181 0.220820 0.820625
3 0.231328 0.827361 0.233281 0.824236 0.234453 0.826319 0.232695 0.829583 0.231680 0.828958 0.231328 0.827431
3 0.225391 0.819306 0.225625 0.814931 0.226641 0.813958 0.227461 0.814583 0.227383 0.820764 0.225703 0.820764
3 0.245117 0.853056 0.246289 0.850972 0.247461 0.853056 0.247109 0.854583 0.245430 0.854583
3 0.241641 0.860000 0.242813 0.857917 0.243984 0.860000 0.243633 0.861458 0.241992 0.861458
3 0.247461 0.867153 0.248633 0.865069 0.249805 0.867153 0.249453 0.868611 0.247812 0.868611
3 0.259375 0.866389 0.261094 0.863403 0.262734 0.863403 0.263086 0.866389 0.260820 0.870417 0.260000 0.869861 0.259687 0.867778
3 0.266133 0.868819 0.267305 0.866736 0.268477 0.868819 0.268164 0.874028 0.266211 0.874028 0.265859 0.872569 0.266406 0.870000
3 0.285547 0.861458 0.286719 0.859375 0.287891 0.861458 0.287539 0.862917 0.285898 0.862917
3 0.279023 0.854792 0.277695 0.856875 0.276328 0.854306 0.274531 0.854306 0.274180 0.852847 0.276211 0.847917 0.275859 0.844514 0.274805 0.843958 0.274453 0.842500 0.276484 0.836736 0.277656 0.838819 0.277617 0.842917 0.279219 0.840139 0.281641 0.842778 0.281328 0.844236 0.279062 0.844306 0.279570 0.845208 0.277734 0.848472 0.277461 0.851458 0.278594 0.853194
3 0.291484 0.838819 0.291133 0.840278 0.289492 0.840278 0.287773 0.835833 0.288086 0.834375 0.289766 0.834375 0.290664 0.837292
3 0.285273 0.834653 0.286445 0.832569 0.287617 0.834653 0.287266 0.836111 0.285625 0.836111
3 0.270313 0.840764 0.271484 0.838681 0.272656 0.840764 0.272305 0.842222 0.270664 0.842222
3 0.270039 0.835833 0.271211 0.833750 0.272383 0.835833 0.272031 0.837361 0.270391 0.837361
3 0.266992 0.839792 0.265859 0.837569 0.266211 0.836111 0.267891 0.836111 0.268203 0.837569 0.268984 0.836250 0.269805 0.836875 0.270156 0.838819 0.269648 0.840556 0.268555 0.841875 0.267344 0.841250
3 0.260352 0.840764 0.261523 0.838681 0.262695 0.840764 0.262344 0.842222 0.260664 0.842222
3 0.259922 0.859722 0.261094 0.857639 0.262266 0.859722 0.261914 0.861181 0.260273 0.861181
3 0.274922 0.828958 0.275273 0.826458 0.276914 0.826458 0.276914 0.830417 0.275273 0.830417
3 0.273008 0.817708 0.274180 0.815625 0.275352 0.817708 0.275000 0.819167 0.273359 0.819167
3 0.274297 0.802986 0.275469 0.800903 0.276641 0.802986 0.276289 0.804514 0.274648 0.804514
3 0.276680 0.805417 0.277852 0.803333 0.279023 0.805417 0.278672 0.806875 0.277031 0.806875
3 0.280859 0.824653 0.282031 0.822569 0.283203 0.824653 0.282852 0.826111 0.281211 0.826111
3 0.280625 0.828403 0.281797 0.826319 0.283047 0.829236 0.281875 0.831319 0.281055 0.830694 0.280703 0.828819
3 0.288086 0.826528 0.289258 0.824444 0.290430 0.826528 0.290078 0.827986 0.288398 0.827986
3 0.281719 0.813958 0.282891 0.811875 0.284062 0.813958 0.283711 0.815486 0.282070 0.815486
3 0.290117 0.811528 0.291289 0.809444 0.292461 0.811528 0.292148 0.813056 0.290469 0.813056
3 0.299180 0.808681 0.300352 0.806597 0.301523 0.808681 0.301172 0.810208 0.299531 0.810208
3 0.373086 0.780069 0.374727 0.780069 0.374727 0.784792 0.373086 0.784792 0.372031 0.782222 0.373047 0.780139
3 0.369531 0.785139 0.370781 0.783056 0.372578 0.783681 0.372930 0.785139 0.371758 0.787222 0.369883 0.786597
3 0.352813 0.794861 0.353984 0.796944 0.352422 0.800417 0.351602 0.799792 0.351250 0.797778 0.351758 0.795694 0.352773 0.794861
3 0.356563 0.811458 0.357734 0.809375 0.358906 0.811458 0.358555 0.812917 0.356875 0.812917
3 0.366563 0.811806 0.367734 0.809722 0.368906 0.811806 0.368555 0.813264 0.366875 0.813264
3 0.377734 0.812500 0.376563 0.811111 0.376445 0.809236 0.376680 0.807986 0.378398 0.806458 0.379219 0.807083 0.379570 0.810417 0.379219 0.811944 0.378047 0.812431
3 0.395703 0.796389 0.396758 0.791111 0.397813 0.790208 0.398633 0.790833 0.398984 0.792292 0.397773 0.797917 0.396016 0.797917
3 0.403203 0.777986 0.404375 0.775903 0.405547 0.777986 0.405195 0.779444 0.403516 0.779444
3 0.379648 0.830764 0.380000 0.829236 0.382109 0.828681 0.383359 0.831111 0.383047 0.833611 0.382188 0.834236 0.380000 0.832222
3 0.381719 0.827014 0.382891 0.824931 0.384063 0.827014 0.383711 0.828542 0.382070 0.828542
3 0.374961 0.838750 0.374609 0.840625 0.372031 0.843264 0.370312 0.842500 0.370312 0.839514 0.373086 0.836458 0.374609 0.837292
3 0.372148 0.834236 0.373320 0.832153 0.374492 0.834236 0.374141 0.835694 0.372500 0.835694
3 0.369023 0.847500 0.370781 0.846528 0.371953 0.848611 0.370742 0.850833 0.368945 0.850139 0.367266 0.853403 0.365547 0.853125 0.365234 0.851458 0.367031 0.844097 0.366016 0.842014 0.366367 0.840556 0.368047 0.840556 0.368242 0.842986 0.369062 0.842986 0.368945 0.847917
3 0.358398 0.847569 0.359297 0.843333 0.360391 0.842014 0.361914 0.842569 0.362266 0.845278 0.361563 0.847778 0.359687 0.849653 0.358750 0.849028
3 0.363594 0.845903 0.364766 0.843819 0.365937 0.845903 0.365625 0.847361 0.363945 0.847361
3 0.364180 0.833194 0.366250 0.829028 0.367930 0.829028 0.368945 0.832986 0.367773 0.835278 0.366406 0.835139 0.366289 0.836528 0.364648 0.836528 0.364414 0.834167
3 0.362109 0.826458 0.363281 0.824375 0.364453 0.826458 0.364102 0.827917 0.362461 0.827917
3 0.367070 0.817569 0.368242 0.815486 0.369414 0.817569 0.369062 0.819097 0.367422 0.819097
3 0.348828 0.857222 0.350000 0.855139 0.351172 0.857222 0.350820 0.858681 0.349180 0.858681
3 0.345703 0.835486 0.346719 0.832778 0.346680 0.829306 0.345156 0.829306 0.344805 0.827847 0.345977 0.825764 0.347109 0.828056 0.348008 0.825347 0.350312 0.824167 0.348945 0.823611 0.348594 0.822083 0.349766 0.820000 0.350898 0.822083 0.352227 0.822500 0.353594 0.829722 0.353242 0.831181 0.350312 0.833194 0.352695 0.834792 0.353008 0.836250 0.351836 0.838333 0.348867 0.835625 0.347734 0.836944 0.346055 0.836944
3 0.334648 0.849375 0.335820 0.851458 0.335469 0.852917 0.334648 0.852917 0.334336 0.854792 0.333516 0.855417 0.332656 0.854792 0.332344 0.853333 0.333242 0.850000 0.334570 0.849583
3 0.337969 0.831736 0.339141 0.829653 0.340313 0.831736 0.340000 0.833264 0.338320 0.833264
3 0.345820 0.823958 0.346992 0.821875 0.348164 0.823958 0.347852 0.825417 0.346172 0.825417
3 0.354258 0.823958 0.355430 0.821875 0.356602 0.823958 0.356250 0.825417 0.354609 0.825417
3 0.311563 0.924167 0.309453 0.924375 0.309531 0.927431 0.311680 0.928542 0.312500 0.927917 0.312852 0.926250 0.311680 0.924167
3 0.322734 0.962639 0.324375 0.962639 0.324727 0.961181 0.323555 0.959097 0.322383 0.961181
3 0.325625 0.928542 0.327461 0.930000 0.328633 0.927917 0.328320 0.926458 0.326445 0.925000 0.325273 0.927083
3 0.322930 0.917708 0.321250 0.916389 0.320078 0.918472 0.320430 0.919931 0.322187 0.921389 0.323359 0.919306
3 0.311992 0.908472 0.313633 0.909861 0.314805 0.907778 0.314453 0.906319 0.312812 0.904931 0.311641 0.907014
3 0.313789 0.915833 0.314063 0.917917 0.314883 0.918472 0.316055 0.916389 0.314883 0.913542 0.313711 0.915625
3 0.324219 0.895000 0.324766 0.897917 0.325859 0.899236 0.328945 0.898403 0.329922 0.896319 0.329922 0.891806 0.329570 0.890347 0.328047 0.889722 0.326875 0.891806 0.327461 0.894722 0.326641 0.895069 0.325391 0.892778 0.324219 0.894861
3 0.313945 0.902292 0.314883 0.902917 0.316055 0.901667 0.317695 0.897222 0.317461 0.893611 0.315820 0.893611 0.313594 0.900833
3 0.325859 0.880139 0.327500 0.880139 0.327852 0.878681 0.326680 0.876597 0.325508 0.878681
3 0.335898 0.888125 0.337539 0.888750 0.338711 0.887500 0.338633 0.884722 0.341680 0.884653 0.341797 0.879375 0.339844 0.877014 0.338672 0.877639 0.337734 0.882917 0.336914 0.882917 0.335547 0.886667
3 0.347891 0.874375 0.349531 0.874375 0.349883 0.872917 0.348711 0.870833 0.347539 0.872917
3 0.350898 0.865347 0.352539 0.865347 0.352891 0.863889 0.351719 0.861806 0.350547 0.863889
3 0.352891 0.873681 0.350430 0.882778 0.351602 0.884861 0.353711 0.882569 0.354844 0.883472 0.354570 0.892222 0.355742 0.894306 0.356914 0.892222 0.356797 0.883889 0.360273 0.883403 0.360430 0.880208 0.359102 0.878403 0.353984 0.878403 0.355000 0.875694 0.354844 0.872708 0.354023 0.872083
3 0.354844 0.896597 0.354727 0.893819 0.353086 0.893819 0.352734 0.895278 0.353320 0.897083 0.352148 0.900833 0.352500 0.902708 0.353320 0.903333 0.354961 0.902083 0.355547 0.897986
3 0.368789 0.881528 0.366484 0.885972 0.365898 0.888542 0.366250 0.890000 0.367539 0.890625 0.370078 0.887986 0.370078 0.883611 0.368906 0.881528
3 0.365781 0.895208 0.366328 0.897083 0.365664 0.901042 0.366211 0.903611 0.367305 0.904931 0.370820 0.902292 0.371797 0.900208 0.371055 0.897222 0.367773 0.893611 0.366133 0.893611 0.365781 0.895069
3 0.370312 0.861528 0.371953 0.861528 0.372305 0.860069 0.371133 0.857986 0.369961 0.860069
3 0.363711 0.866944 0.361914 0.870486 0.362266 0.872292 0.363086 0.872847 0.365820 0.868889 0.365703 0.865903 0.364844 0.865278
3 0.333711 0.933611 0.335391 0.934514 0.337031 0.931944 0.336523 0.928542 0.335000 0.925903 0.334180 0.926528 0.333359 0.932083
3 0.356016 0.930139 0.357656 0.930139 0.358008 0.928681 0.356836 0.926597 0.355664 0.928681
3 0.355352 0.947569 0.356992 0.947569 0.357344 0.946111 0.356172 0.944028 0.355000 0.946111
3 0.311133 0.942569 0.312812 0.942569 0.313164 0.941111 0.311992 0.939028 0.310820 0.941111
3 0.374258 0.930347 0.373086 0.932431 0.369414 0.930000 0.368594 0.927986 0.368945 0.926528 0.370117 0.925903 0.373828 0.928750
3 0.372266 0.919722 0.373437 0.917639 0.374609 0.919722 0.374258 0.921181 0.372617 0.921181
3 0.383242 0.898750 0.384414 0.896667 0.385586 0.898750 0.385234 0.900208 0.383555 0.900208
3 0.390859 0.927986 0.392031 0.925903 0.393359 0.926528 0.393711 0.927986 0.392539 0.930069 0.391211 0.929444
3 0.390859 0.942778 0.392031 0.940694 0.393203 0.942778 0.392891 0.944236 0.391211 0.944236
3 0.412500 0.923611 0.410664 0.920625 0.411836 0.918542 0.413242 0.919306 0.413984 0.921528 0.413633 0.922986 0.412578 0.923542
3 0.412812 0.929167 0.414648 0.926528 0.417656 0.926181 0.419648 0.929792 0.419297 0.931806 0.418477 0.932431 0.413164 0.930625
3 0.422305 0.932431 0.423594 0.926597 0.424961 0.925903 0.425938 0.926875 0.426641 0.929792 0.426133 0.934167 0.423633 0.934792 0.422734 0.934028
3 0.421484 0.899028 0.419961 0.901389 0.418281 0.900417 0.417070 0.898611 0.416641 0.895208 0.416992 0.893750 0.418320 0.893125 0.420469 0.897014
3 0.415469 0.870417 0.417305 0.867431 0.418125 0.868056 0.418633 0.873056 0.418320 0.877500 0.415469 0.877500 0.415469 0.870694
3 0.438086 0.879236 0.438906 0.879861 0.439766 0.883056 0.439414 0.886319 0.438594 0.886944 0.437266 0.886319 0.436406 0.881319 0.436758 0.879861 0.437852 0.879306
3 0.429766 0.866528 0.430117 0.858264 0.432617 0.845278 0.433437 0.844653 0.434258 0.845278 0.434609 0.847917 0.432109 0.861181 0.432109 0.866528 0.431758 0.867986 0.430117 0.867986
3 0.422969 0.854167 0.424141 0.852083 0.425469 0.855347 0.424297 0.857431 0.423477 0.856806 0.423125 0.854931
3 0.404844 0.869514 0.405195 0.868056 0.407344 0.867431 0.408516 0.869792 0.407695 0.871806 0.406016 0.872153 0.405195 0.871528 0.404844 0.869653
3 0.400859 0.869514 0.399023 0.872153 0.397031 0.867708 0.397383 0.866250 0.398867 0.865625 0.400625 0.868264
3 0.402187 0.856528 0.400508 0.859444 0.397695 0.854722 0.398867 0.852639 0.400352 0.852639 0.401523 0.854583
3 0.388047 0.867986 0.388398 0.866528 0.390039 0.866528 0.390391 0.868889 0.389219 0.870972 0.388398 0.870347 0.388125 0.868264
3 0.384883 0.878056 0.385234 0.876597 0.386875 0.876597 0.388555 0.880417 0.387383 0.882500 0.385586 0.881042 0.385234 0.879514
3 0.388555 0.854167 0.389727 0.852083 0.390898 0.854167 0.390547 0.855625 0.388906 0.855625
3 0.398516 0.953681 0.399531 0.942778 0.401172 0.938889 0.402344 0.940972 0.401211 0.952847 0.399844 0.955764 0.398867 0.955208
3 0.451055 0.757014 0.451367 0.755556 0.453047 0.755556 0.453047 0.758472 0.451367 0.758472
3 0.410977 0.773889 0.411328 0.772361 0.412969 0.772361 0.412969 0.775347 0.411328 0.775347
3 0.406172 0.786250 0.406523 0.784792 0.408164 0.784792 0.408164 0.792153 0.406523 0.792153 0.406172 0.786389
3 0.431406 0.812847 0.431758 0.811389 0.433437 0.811389 0.433437 0.814306 0.431758 0.814306
3 0.441914 0.824653 0.442227 0.823194 0.443906 0.823194 0.443906 0.826181 0.442227 0.826181
3 0.444727 0.831806 0.445078 0.830278 0.446719 0.830278 0.446719 0.833264 0.445078 0.833264
3 0.449219 0.814375 0.449531 0.812569 0.451367 0.811389 0.452852 0.812014 0.453203 0.813472 0.452852 0.814931 0.451211 0.816111 0.449531 0.815833
3 0.419297 0.814931 0.420469 0.812847 0.421641 0.814931 0.421250 0.818889 0.419961 0.820000 0.419219 0.824514 0.418125 0.825556 0.417266 0.824028 0.417969 0.827014 0.416953 0.829722 0.413633 0.829097 0.413633 0.826181 0.415313 0.826181 0.415313 0.823194 0.416992 0.823264 0.417969 0.818750 0.418945 0.818194 0.419336 0.815347
3 0.417812 0.829444 0.418125 0.827917 0.419648 0.826736 0.420469 0.827361 0.420859 0.831736 0.421953 0.833819 0.421641 0.835347 0.419961 0.835347 0.418125 0.830903
3 0.414805 0.834444 0.415156 0.832986 0.416797 0.832986 0.416797 0.835903 0.415156 0.835903
3 0.412656 0.815833 0.412969 0.814375 0.414648 0.814375 0.415000 0.816736 0.414492 0.821458 0.412812 0.821458 0.411641 0.819375 0.411641 0.816389
3 0.408984 0.820556 0.412305 0.822014 0.412656 0.823472 0.411484 0.826736 0.409844 0.826736 0.409570 0.824583 0.408828 0.824722 0.407656 0.822639 0.408906 0.820556
3 0.408828 0.827361 0.410508 0.827361 0.410508 0.830972 0.412148 0.829722 0.413320 0.831806 0.412305 0.834444 0.409844 0.834722 0.408008 0.830000 0.408633 0.828125
3 0.420937 0.795139 0.421289 0.793681 0.422969 0.793056 0.424141 0.795139 0.422969 0.797222 0.421289 0.796597
3 0.421602 0.801042 0.421953 0.799583 0.423633 0.799583 0.423633 0.802500 0.421953 0.802500
3 0.468320 0.790764 0.468672 0.789306 0.470352 0.789306 0.470352 0.792222 0.468672 0.792222
3 0.476875 0.796667 0.477227 0.795208 0.478906 0.795208 0.478906 0.798194 0.477227 0.798194
3 0.468125 0.819931 0.468477 0.818472 0.470156 0.818472 0.470156 0.821389 0.468477 0.821389
3 0.481016 0.797222 0.481367 0.795764 0.483008 0.795764 0.483008 0.798681 0.481367 0.798681
3 0.493047 0.816042 0.494492 0.810694 0.496211 0.810625 0.496563 0.812083 0.495352 0.816597 0.494219 0.818125 0.493398 0.817500
3 0.503164 0.781667 0.503477 0.780139 0.504805 0.780069 0.505547 0.777361 0.507266 0.777292 0.507500 0.779583 0.506172 0.783403 0.504883 0.784444 0.503477 0.783125
3 0.513359 0.784722 0.514609 0.782639 0.516641 0.784722 0.517109 0.786458 0.515937 0.788542 0.514023 0.786597
3 0.494062 0.771181 0.494414 0.769722 0.495586 0.769097 0.496758 0.771181 0.495586 0.773264 0.494414 0.772639
3 0.482188 0.769375 0.482539 0.767847 0.484180 0.767847 0.484180 0.770833 0.482539 0.770833
3 0.481836 0.763194 0.482188 0.761736 0.483203 0.761736 0.483125 0.758611 0.484766 0.758611 0.485117 0.760139 0.483828 0.762222 0.483828 0.764653 0.482188 0.764653
3 0.483789 0.755000 0.484141 0.753542 0.485820 0.753542 0.485820 0.756458 0.484141 0.756458
3 0.487617 0.743681 0.489258 0.743681 0.488906 0.748056 0.487266 0.748056 0.487266 0.745069
3 0.528320 0.735903 0.527148 0.737986 0.526289 0.737292 0.524258 0.731875 0.524375 0.728889 0.525195 0.728264 0.526289 0.729653 0.528008 0.734444
3 0.508672 0.830139 0.509023 0.828681 0.510664 0.828681 0.510664 0.831667 0.509023 0.831667
3 0.502344 0.836875 0.503516 0.838958 0.503281 0.841667 0.502461 0.842292 0.501367 0.840903 0.501445 0.837639
3 0.504297 0.861181 0.504648 0.859653 0.506289 0.859653 0.506289 0.862639 0.504648 0.862639
3 0.517383 0.872222 0.517383 0.875139 0.515352 0.874931 0.515352 0.872014 0.516211 0.871389 0.517109 0.872222
3 0.484883 0.850903 0.485234 0.849444 0.486914 0.849444 0.486914 0.852361 0.485234 0.852361
3 0.478906 0.856597 0.479609 0.859306 0.478320 0.861597 0.476250 0.857431 0.477422 0.855347 0.478672 0.856389
3 0.475195 0.867292 0.475547 0.865833 0.477187 0.865833 0.477187 0.868750 0.475547 0.868750
3 0.456719 0.906667 0.457891 0.904583 0.459063 0.906875 0.457891 0.908958 0.456719 0.906806
3 0.478437 0.886944 0.479609 0.884861 0.480508 0.885694 0.481797 0.883681 0.482617 0.884306 0.482734 0.890694 0.482070 0.893889 0.480859 0.895000 0.479727 0.893403 0.478437 0.887153
3 0.487695 0.879167 0.488398 0.886181 0.487227 0.888264 0.486406 0.887639 0.485000 0.882778 0.484648 0.878542 0.485313 0.876389 0.486641 0.875069 0.487461 0.875625 0.487617 0.878333
3 0.485352 0.926597 0.487461 0.923889 0.488633 0.925972 0.487109 0.929514 0.485703 0.928056
3 0.492617 0.904028 0.493789 0.901944 0.494648 0.902500 0.494648 0.908958 0.492969 0.908958 0.492617 0.904097
3 0.498047 0.905000 0.499219 0.902917 0.501797 0.907917 0.502891 0.908611 0.504687 0.912014 0.504687 0.916389 0.502266 0.916111 0.500742 0.913819 0.498047 0.905208
3 0.514453 0.911806 0.514805 0.910347 0.516445 0.910347 0.516445 0.913264 0.514805 0.913264
3 0.517227 0.912847 0.517539 0.911389 0.519219 0.911389 0.519219 0.914306 0.517539 0.914306
3 0.516719 0.886042 0.517461 0.888403 0.517148 0.890486 0.515195 0.890764 0.514453 0.888819 0.514805 0.885486 0.515625 0.884861 0.516563 0.885694
3 0.510742 0.896597 0.509609 0.890694 0.510781 0.888611 0.511914 0.890347 0.513086 0.895972 0.512734 0.898125 0.511094 0.898125
3 0.504531 0.885556 0.505703 0.883472 0.506523 0.884097 0.506523 0.887014 0.504844 0.887014
3 0.499883 0.891458 0.501055 0.889375 0.502930 0.892917 0.501758 0.895000 0.500234 0.892986
3 0.607773 0.708889 0.608984 0.708333 0.610352 0.709861 0.610625 0.713333 0.609492 0.715000 0.608047 0.714653 0.607695 0.716806 0.605781 0.717083 0.604180 0.713819 0.604180 0.711250 0.605820 0.708958 0.607617 0.711111
3 0.601875 0.708611 0.603359 0.711736 0.602578 0.713681 0.600234 0.714514 0.599141 0.713194 0.599453 0.709306 0.601797 0.708611
3 0.590234 0.712708 0.591406 0.714792 0.590820 0.719653 0.589648 0.721319 0.588477 0.719236 0.589141 0.714028
3 0.587812 0.726944 0.588164 0.725486 0.589805 0.725486 0.589805 0.728403 0.588164 0.728403
3 0.592109 0.763403 0.593242 0.762014 0.594727 0.757500 0.596172 0.757778 0.596523 0.759236 0.595547 0.763472 0.592695 0.768542 0.590469 0.768264 0.590586 0.765069 0.589492 0.762986 0.589844 0.760347 0.591523 0.760347 0.591836 0.763264
3 0.609375 0.762014 0.611133 0.758056 0.612656 0.759236 0.613047 0.760833 0.612656 0.763542 0.611289 0.764167 0.612031 0.764653 0.609727 0.763472
3 0.622461 0.698056 0.625000 0.694097 0.625820 0.694722 0.625781 0.700000 0.624766 0.700972 0.623359 0.700069
3 0.621523 0.747778 0.622344 0.744722 0.623164 0.744097 0.624609 0.745000 0.625508 0.747014 0.624492 0.750000 0.621875 0.749306
3 0.607812 0.740417 0.608125 0.738958 0.609805 0.738958 0.610391 0.743681 0.610703 0.755833 0.609531 0.757917 0.608359 0.755833 0.608047 0.743681 0.608633 0.741875 0.608125 0.741875
3 0.610586 0.718611 0.610742 0.716042 0.611797 0.715417 0.613164 0.716389 0.613906 0.718333 0.613555 0.720000 0.611680 0.720000
3 0.585938 0.758889 0.586289 0.757431 0.587969 0.757431 0.587969 0.760347 0.586289 0.760347
3 0.662578 0.868819 0.661641 0.864167 0.658711 0.858056 0.658906 0.855625 0.659727 0.855000 0.661055 0.856528 0.662031 0.855556 0.662031 0.852153 0.663203 0.850069 0.664023 0.850694 0.664531 0.853889 0.665703 0.854375 0.666875 0.863472 0.666445 0.868194 0.664453 0.870972
3 0.636797 0.887153 0.637969 0.885069 0.639922 0.886181 0.639922 0.889097 0.637773 0.889167
3 0.644297 0.853681 0.644922 0.850694 0.646563 0.850694 0.646914 0.852639 0.646445 0.855139 0.644648 0.855139
3 0.658398 0.834931 0.657813 0.835972 0.659102 0.841806 0.657930 0.843889 0.656836 0.842500 0.655938 0.837639 0.656484 0.835903 0.655078 0.829792 0.655430 0.828056 0.656250 0.827431 0.657383 0.828819 0.658203 0.833750
3 0.631289 0.834236 0.631016 0.831736 0.632188 0.829653 0.633672 0.830764 0.634453 0.832708 0.632734 0.836319 0.631602 0.835694
3 0.627266 0.871389 0.628437 0.869306 0.629531 0.870694 0.631367 0.876667 0.633672 0.877292 0.634023 0.878750 0.631055 0.887847 0.628008 0.890694 0.626836 0.888611 0.626836 0.881944 0.627891 0.878750 0.627266 0.871528
3 0.626563 0.866944 0.625508 0.872847 0.623867 0.872847 0.623516 0.868889 0.624336 0.865347 0.626133 0.865347
3 0.595391 0.884653 0.596719 0.881875 0.597969 0.881875 0.599531 0.884931 0.598633 0.888333 0.597813 0.888958 0.596523 0.888264 0.595391 0.884792
3 0.590000 0.865000 0.589648 0.866458 0.588008 0.866458 0.587656 0.862986 0.588125 0.859375 0.590078 0.856528 0.591250 0.858611 0.590117 0.862014 0.590000 0.864861
3 0.612422 0.832014 0.612773 0.830486 0.613867 0.829931 0.614180 0.827569 0.615000 0.826944 0.616094 0.828333 0.615742 0.833611 0.614297 0.834306 0.612773 0.833472
3 0.602266 0.796944 0.603437 0.799028 0.602266 0.801319 0.600742 0.800694 0.600391 0.799236 0.601719 0.797153
3 0.598672 0.806528 0.599844 0.808611 0.598789 0.813056 0.597969 0.813611 0.597148 0.813056 0.596797 0.809861 0.598008 0.806875
3 0.652617 0.772431 0.653789 0.770347 0.654609 0.770903 0.655234 0.776806 0.654883 0.778333 0.653008 0.778194 0.652617 0.772500
3 0.728281 0.847083 0.729492 0.847708 0.729844 0.849167 0.729297 0.850972 0.727852 0.851736 0.726602 0.850347 0.725859 0.847431 0.727031 0.845347 0.728242 0.847083
3 0.727773 0.831944 0.728945 0.829861 0.729805 0.830486 0.731016 0.836389 0.734063 0.843958 0.737109 0.846736 0.737109 0.849653 0.735742 0.850278 0.732344 0.846806 0.728906 0.838125 0.727812 0.832153
3 0.674063 0.872778 0.674648 0.868681 0.675898 0.866806 0.677813 0.866875 0.679023 0.869097 0.678594 0.871181 0.677031 0.873542 0.675234 0.874861 0.674375 0.874306
3 0.705898 0.855556 0.707422 0.849306 0.709141 0.847847 0.710117 0.848403 0.710469 0.849931 0.708789 0.852708 0.708398 0.856319 0.707227 0.857639 0.706250 0.857014
3 0.666992 0.805347 0.668164 0.803264 0.668984 0.803889 0.668984 0.806806 0.667344 0.806806
3 0.685977 0.803125 0.686289 0.798472 0.688789 0.798333 0.689961 0.800139 0.689766 0.804375 0.687969 0.805208 0.686289 0.804583
3 0.673867 0.851528 0.675039 0.849444 0.676211 0.851528 0.675859 0.852986 0.674180 0.852986
3 0.696094 0.684236 0.697266 0.682153 0.698398 0.683542 0.700352 0.689931 0.700977 0.693472 0.700664 0.695000 0.699805 0.695556 0.698711 0.694167 0.696289 0.685417