0 0.756055 0.325000 0.799727 0.350139 0.822266 0.407569 0.769844 0.377847 0.755703 0.325000
0 0.850313 0.487639 0.789687 0.452222 0.770742 0.378819 0.822383 0.408264
0 0.753398 0.323889 0.767773 0.377083 0.711523 0.347986 0.705937 0.299444
0 0.786914 0.450833 0.719492 0.413958 0.712109 0.349028 0.767969 0.378125 0.786914 0.450069
0 0.708594 0.346875 0.715938 0.413056 0.643125 0.376111 0.649414 0.317431
0 0.708867 0.346042 0.649570 0.316806 0.653438 0.274167 0.702617 0.296806
0 0.586094 0.288264 0.646172 0.315069 0.640195 0.374653 0.564570 0.340208 0.585859 0.288264
0 0.599844 0.251458 0.650977 0.272778 0.646602 0.315486 0.585898 0.288194 0.599844 0.251042
0 0.546406 0.230208 0.597227 0.250417 0.582344 0.287569 0.522461 0.262361
0 0.522031 0.262778 0.582383 0.287917 0.560586 0.338750 0.486328 0.306806 0.522031 0.263056
0 0.544023 0.229792 0.519492 0.261597 0.461328 0.239931 0.494570 0.211597 0.543906 0.229583
0 0.483047 0.305486 0.411953 0.279306 0.460313 0.240625 0.518828 0.262153
0 0.491328 0.210417 0.458086 0.238750 0.404219 0.220764 0.443672 0.193681 0.491602 0.210417
0 0.456680 0.240208 0.409883 0.277639 0.347266 0.255972 0.402383 0.221736 0.456836 0.240000
0 0.398906 0.221250 0.343789 0.253750 0.287695 0.237500 0.348633 0.205486 0.398906 0.221042
0 0.395898 0.181042 0.440195 0.193958 0.401406 0.220278 0.351289 0.205278
0 0.346367 0.205417 0.285977 0.236944 0.237227 0.224097 0.299297 0.193819
0 0.394922 0.179583 0.348398 0.204722 0.303516 0.192153 0.353672 0.168958 0.395195 0.179583
1 0.352930 0.169444 0.394961 0.180556 0.347773 0.204306 0.302578 0.192222 0.352930 0.169167
1 0.396055 0.181528 0.441445 0.193403 0.400625 0.220556 0.350273 0.205764 0.396328 0.180972
1 0.444141 0.194167 0.490664 0.211319 0.457578 0.240000 0.403398 0.222569 0.444297 0.193889
1 0.237695 0.224653 0.301406 0.193125 0.347109 0.205208 0.284766 0.237708 0.237969 0.224861
1 0.289375 0.237708 0.349062 0.206181 0.397930 0.220903 0.343359 0.255417 0.288945 0.238681
1 0.456328 0.239792 0.409180 0.276806 0.347656 0.256667 0.401680 0.222917
1 0.543242 0.230069 0.518320 0.261042 0.461953 0.240417 0.493945 0.212569 0.543672 0.229792
1 0.482305 0.305139 0.414297 0.279792 0.460273 0.241875 0.517617 0.262569 0.482148 0.305417
1 0.546602 0.231458 0.596484 0.251181 0.581836 0.286667 0.523086 0.263056 0.546719 0.231250
1 0.560117 0.338681 0.486836 0.307431 0.521602 0.264097 0.581445 0.288472 0.559844 0.338472
1 0.638906 0.374722 0.565117 0.340000 0.585742 0.289792 0.645156 0.316597 0.638789 0.374444
1 0.649453 0.273056 0.645703 0.315139 0.586445 0.288542 0.599453 0.252361 0.649297 0.273056
1 0.702383 0.298125 0.708047 0.345208 0.649336 0.317361 0.653203 0.273750 0.702227 0.298403
1 0.649062 0.318125 0.708477 0.346875 0.715938 0.415139 0.642695 0.377014
1 0.705273 0.299375 0.753320 0.325000 0.766758 0.376181 0.711367 0.346667 0.705391 0.299444
1 0.786133 0.451875 0.718672 0.415417 0.711484 0.348194 0.767422 0.377986 0.785703 0.451389
1 0.849844 0.488264 0.789180 0.453056 0.769922 0.379236 0.821875 0.409028 0.849687 0.487778
1 0.786172 0.353264 0.785859 0.355764 0.784414 0.358958 0.783438 0.359375 0.779648 0.356597 0.777656 0.356597 0.776250 0.354931 0.775703 0.351319 0.776484 0.346319 0.780547 0.345278 0.781133 0.342778 0.782578 0.341667 0.786406 0.342708 0.799609 0.350556 0.804844 0.364306 0.804258 0.366736 0.802891 0.367778 0.796406 0.359167 0.786211 0.352569
1 0.800352 0.384514 0.802891 0.389306 0.802266 0.392500 0.800859 0.393611 0.787461 0.387500 0.780156 0.382292 0.776250 0.381389 0.775391 0.380556 0.773906 0.373889 0.774141 0.368611 0.775938 0.366458 0.780977 0.367708 0.782578 0.366042 0.785195 0.365833 0.786602 0.366875 0.788945 0.371806 0.789727 0.375278 0.789297 0.378264