0 0.231055 0.701042 0.263320 0.703958 0.252656 0.769236 0.217930 0.766319
0 0.298594 0.705556 0.290664 0.772708 0.254414 0.770000 0.264492 0.704028 0.298711 0.705556
0 0.335430 0.706736 0.330586 0.774236 0.292773 0.772986 0.300117 0.705278 0.335273 0.707014
0 0.284570 0.856736 0.292344 0.775694 0.329609 0.777153 0.325625 0.859167
0 0.290273 0.775208 0.282500 0.855694 0.243438 0.852778 0.254102 0.772500 0.290664 0.775000
0 0.218086 0.768542 0.252461 0.772014 0.241641 0.851806 0.204258 0.847083 0.217813 0.768542
0 0.403438 0.711458 0.404414 0.778681 0.365469 0.778194 0.366719 0.710694
0 0.365469 0.780417 0.404687 0.781389 0.406914 0.862153 0.364648 0.860903
0 0.447187 0.781111 0.453711 0.863125 0.409687 0.863125 0.406914 0.781111 0.447187 0.781389
0 0.405508 0.711458 0.441797 0.711181 0.447187 0.778889 0.407188 0.779375 0.405391 0.711181
0 0.480469 0.710208 0.488906 0.777639 0.448867 0.779167 0.443594 0.711667 0.480312 0.710694
0 0.499414 0.861458 0.455508 0.862708 0.449570 0.781181 0.489023 0.780208 0.499023 0.860972
0 0.561914 0.782569 0.576758 0.861944 0.535547 0.865208 0.523555 0.785000
0 0.561641 0.780833 0.523320 0.783889 0.512461 0.716181 0.548125 0.714931
0 0.584648 0.712292 0.600547 0.777292 0.563281 0.780417 0.550000 0.714931 0.584648 0.712083
0 0.618125 0.855764 0.578320 0.860903 0.563789 0.782361 0.600938 0.779028 0.618242 0.855764
0 0.637930 0.774167 0.658477 0.849653 0.620156 0.855972 0.602383 0.778264
0 0.619297 0.709236 0.637695 0.772778 0.602031 0.776736 0.586211 0.712083