0 0.209648 0.931389 0.231914 0.913681 0.210312 0.978056 0.187852 0.995208 0.209805 0.931667
0 0.234141 0.910972 0.258594 0.891181 0.238789 0.956806 0.212695 0.976597 0.234297 0.910417
0 0.286836 0.866806 0.269062 0.933611 0.240117 0.956042 0.260742 0.888958
0 0.230313 0.873056 0.252500 0.853333 0.233359 0.910972 0.210391 0.929167 0.230313 0.872847
0 0.277969 0.830556 0.259687 0.888542 0.235000 0.908542 0.253633 0.851458
0 0.304570 0.805694 0.288633 0.862569 0.261523 0.885972 0.278945 0.829097 0.304570 0.805486
0 0.338008 0.774722 0.323906 0.832778 0.294453 0.857778 0.310391 0.799722
0 0.323828 0.833958 0.306953 0.903542 0.275000 0.928125 0.293516 0.859514 0.323437 0.833819
0 0.368906 0.745764 0.357930 0.803125 0.325703 0.830833 0.339805 0.773125
0 0.308828 0.901458 0.325703 0.832292 0.357539 0.804583 0.343945 0.873542 0.308711 0.901875
0 0.393320 0.771667 0.383789 0.839375 0.346523 0.871111 0.359687 0.801875 0.393242 0.771736
0 0.401641 0.714931 0.393906 0.769444 0.359844 0.800069 0.370938 0.744028
0 0.435898 0.682500 0.432305 0.734583 0.395859 0.768264 0.403203 0.713819
0 0.426719 0.801806 0.386016 0.837222 0.395703 0.769028 0.431719 0.736528
0 0.477148 0.640972 0.479102 0.688472 0.441133 0.725208 0.443789 0.675208 0.477148 0.641250
0 0.479219 0.691181 0.481602 0.751806 0.437812 0.791944 0.441016 0.728125 0.479102 0.690972
0 0.519961 0.650833 0.528672 0.706250 0.483516 0.748819 0.480898 0.689236 0.519961 0.650347
0 0.512930 0.603750 0.519961 0.647917 0.480859 0.686458 0.478555 0.639306 0.512930 0.604167
0 0.549258 0.566458 0.560781 0.605556 0.521875 0.645972 0.514844 0.602292
0 0.561445 0.607917 0.576367 0.659028 0.530977 0.704167 0.521875 0.648125 0.561445 0.608125
0 0.609258 0.558681 0.630898 0.602500 0.586133 0.649306 0.570195 0.599444
0 0.608711 0.556667 0.569922 0.597292 0.557227 0.558542 0.591641 0.523056
0 0.648945 0.515278 0.676875 0.553819 0.632930 0.601250 0.610625 0.557708 0.649062 0.515694
0 0.626758 0.485625 0.648125 0.514583 0.610273 0.555208 0.593086 0.521597 0.626758 0.485486
0 0.660625 0.448264 0.686016 0.472917 0.649219 0.512917 0.628320 0.483958 0.660742 0.448472
0 0.686953 0.473958 0.718672 0.505208 0.678203 0.551806 0.651055 0.513611 0.687070 0.473750
0 0.722969 0.433611 0.758555 0.458194 0.720313 0.503542 0.689023 0.471736 0.722969 0.433333
0 0.693281 0.412569 0.721719 0.432361 0.687500 0.471042 0.662422 0.447153
0 0.728789 0.372778 0.759648 0.388264 0.729063 0.423958 0.700234 0.404514 0.728789 0.372500
0 0.761172 0.389236 0.800391 0.408958 0.766445 0.450347 0.730156 0.425208 0.761172 0.389514
0 0.790469 0.352778 0.761992 0.386042 0.730938 0.370417 0.758164 0.340694
0 0.792227 0.353264 0.832539 0.368264 0.801914 0.406528 0.763477 0.387083 0.792344 0.353611
0 0.784687 0.310139 0.819844 0.319097 0.792812 0.351111 0.759414 0.338264
0 0.820703 0.319306 0.862461 0.330069 0.834570 0.366111 0.793984 0.350903 0.820781 0.318958
0 0.850820 0.282292 0.892773 0.288681 0.868828 0.321458 0.826836 0.312569 0.850820 0.281806
0 0.812773 0.277014 0.848359 0.282292 0.825117 0.311875 0.789727 0.303819 0.812891 0.277153
0 0.915703 0.256597 0.894180 0.286875 0.852148 0.280556 0.873398 0.253194 0.915820 0.256597
0 0.835977 0.250278 0.871758 0.252708 0.850039 0.280764 0.813945 0.276458
0 0.935937 0.227222 0.917070 0.255069 0.874961 0.251319 0.894492 0.226181 0.936328 0.227222
0 0.856563 0.225833 0.892266 0.226181 0.873203 0.250972 0.837148 0.249097
0 0.912109 0.200903 0.894297 0.225139 0.857617 0.224792 0.876055 0.202292 0.911797 0.200903
0 0.954063 0.199722 0.937539 0.224653 0.895703 0.224375 0.913594 0.200347