0 0.756055 0.325000 0.799727 0.350139 0.822266 0.407569 0.769844 0.377847 0.755703 0.325000
0 0.850313 0.487639 0.789687 0.452222 0.770742 0.378819 0.822383 0.408264
0 0.753398 0.323889 0.767773 0.377083 0.711523 0.347986 0.705937 0.299444
0 0.786914 0.450833 0.719492 0.413958 0.712109 0.349028 0.767969 0.378125 0.786914 0.450069
0 0.708594 0.346875 0.715938 0.413056 0.643125 0.376111 0.649414 0.317431
0 0.708867 0.346042 0.649570 0.316806 0.653438 0.274167 0.702617 0.296806
0 0.586094 0.288264 0.646172 0.315069 0.640195 0.374653 0.564570 0.340208 0.585859 0.288264
0 0.599844 0.251458 0.650977 0.272778 0.646602 0.315486 0.585898 0.288194 0.599844 0.251042
0 0.546406 0.230208 0.597227 0.250417 0.582344 0.287569 0.522461 0.262361
0 0.522031 0.262778 0.582383 0.287917 0.560586 0.338750 0.486328 0.306806 0.522031 0.263056
0 0.544023 0.229792 0.519492 0.261597 0.461328 0.239931 0.494570 0.211597 0.543906 0.229583
0 0.483047 0.305486 0.411953 0.279306 0.460313 0.240625 0.518828 0.262153
0 0.491328 0.210417 0.458086 0.238750 0.404219 0.220764 0.443672 0.193681 0.491602 0.210417
0 0.456680 0.240208 0.409883 0.277639 0.347266 0.255972 0.402383 0.221736 0.456836 0.240000
0 0.398906 0.221250 0.343789 0.253750 0.287695 0.237500 0.348633 0.205486 0.398906 0.221042
0 0.395898 0.181042 0.440195 0.193958 0.401406 0.220278 0.351289 0.205278
0 0.346367 0.205417 0.285977 0.236944 0.237227 0.224097 0.299297 0.193819
0 0.394922 0.179583 0.348398 0.204722 0.303516 0.192153 0.353672 0.168958 0.395195 0.179583
1 0.703633 0.306181 0.706641 0.339861 0.701953 0.337222 0.700625 0.334306 0.699648 0.325694 0.699805 0.309167 0.700977 0.305000 0.704141 0.305000
1 0.712930 0.395139 0.713125 0.404861 0.709297 0.404861 0.707305 0.403681 0.707305 0.400139 0.708945 0.396597 0.712617 0.395417
1 0.451250 0.256736 0.451836 0.254236 0.453203 0.253264 0.454609 0.254236 0.455156 0.256736 0.454609 0.259167 0.453203 0.260208 0.451836 0.259167
1 0.469727 0.249931 0.470273 0.247431 0.471680 0.246458 0.473047 0.247431 0.473633 0.249931 0.473047 0.252361 0.471680 0.253403 0.470273 0.252361
1 0.462578 0.269722 0.463125 0.267222 0.464531 0.266250 0.465898 0.267222 0.466484 0.269722 0.465898 0.272153 0.464531 0.273194 0.463125 0.272153
1 0.422578 0.249306 0.423164 0.246875 0.424531 0.245833 0.425938 0.246875 0.426484 0.249306 0.425938 0.251806 0.424531 0.252778 0.423164 0.251806
1 0.412773 0.255208 0.413359 0.252778 0.414727 0.251736 0.416133 0.252778 0.416680 0.255208 0.416133 0.257708 0.414727 0.258681 0.413359 0.257708