0 0.339688 0.267014 0.397344 0.256389 0.390859 0.304375 0.322734 0.316528 0.339297 0.266736
0 0.390703 0.305764 0.382617 0.381944 0.299180 0.396111 0.322461 0.318681
0 0.459687 0.246389 0.465117 0.294375 0.394727 0.303958 0.400547 0.255208 0.459844 0.246111
0 0.472734 0.368958 0.385586 0.381528 0.394453 0.304236 0.465391 0.295139 0.472422 0.368750
0 0.568984 0.287708 0.636602 0.284792 0.677734 0.354722 0.599609 0.361597 0.569141 0.287986
0 0.604805 0.235764 0.635508 0.282708 0.568438 0.285208 0.547891 0.239028 0.604922 0.235903
0 0.661680 0.235764 0.699648 0.282292 0.638359 0.282500 0.607891 0.236111
0 0.700742 0.283403 0.751289 0.351736 0.681406 0.354444 0.639414 0.284028
0 0.703789 0.282986 0.758359 0.283403 0.814922 0.350347 0.753984 0.351528 0.703789 0.283194
0 0.713438 0.236806 0.757109 0.282778 0.702617 0.281944 0.665000 0.236667
0 0.798398 0.244583 0.846680 0.288194 0.803750 0.285486 0.758359 0.242917 0.798359 0.244583
0 0.847813 0.289028 0.906328 0.351181 0.862109 0.349306 0.805898 0.286944 0.848008 0.289375
0 0.888906 0.293819 0.945664 0.352500 0.908750 0.350625 0.852070 0.290347 0.889219 0.293819
0 0.836992 0.248889 0.886406 0.291806 0.849883 0.288264 0.802656 0.246667 0.836992 0.248750
0 0.874805 0.254236 0.923008 0.295903 0.890391 0.292361 0.842930 0.250486 0.874922 0.254236
0 0.892930 0.294167 0.924102 0.297361 0.981289 0.357222 0.949766 0.353819
3 0.459258 0.369028 0.457773 0.367708 0.456211 0.363056 0.456758 0.356597 0.458164 0.355625 0.460273 0.356458 0.461211 0.359167 0.461797 0.352153 0.463164 0.351111 0.464570 0.352153 0.465117 0.354583 0.464844 0.364028 0.464297 0.366458 0.462891 0.367500 0.461250 0.365833 0.460586 0.368125
3 0.301875 0.389444 0.303281 0.381181 0.306719 0.369861 0.308008 0.369028 0.309414 0.370000 0.309961 0.372500 0.309648 0.375278 0.305195 0.391944 0.303828 0.392917 0.302461 0.391944
3 0.768203 0.345833 0.767617 0.348958 0.766250 0.350000 0.761758 0.346181 0.759453 0.346528 0.757969 0.345347 0.755742 0.339653 0.756328 0.337153 0.757695 0.336181 0.767617 0.343403
3 0.776133 0.345486 0.775586 0.347917 0.773789 0.348958 0.770977 0.346736 0.770508 0.344444 0.771055 0.342014 0.772461 0.340972 0.775703 0.343333
1 0.727578 0.341528 0.728945 0.342569 0.729531 0.345000 0.728945 0.347500 0.722734 0.350208 0.720781 0.349236 0.720195 0.346736 0.720664 0.344514 0.723125 0.342569 0.727383 0.341597
1 0.655430 0.350208 0.656016 0.347708 0.657383 0.346736 0.658789 0.347708 0.659336 0.350208 0.658789 0.352639 0.657383 0.353681 0.656016 0.352639
1 0.622852 0.320556 0.623398 0.318056 0.624805 0.317083 0.626172 0.318056 0.626758 0.320556 0.626172 0.322986 0.624805 0.324028 0.623398 0.322986
1 0.616641 0.333611 0.617188 0.331181 0.618594 0.330139 0.619961 0.331181 0.620547 0.333611 0.619961 0.336111 0.618594 0.337083 0.617188 0.336111
1 0.599922 0.296736 0.600508 0.294236 0.601875 0.293264 0.603281 0.294236 0.603828 0.296736 0.603281 0.299167 0.601875 0.300208 0.600508 0.299167
1 0.611758 0.289792 0.612344 0.287361 0.613711 0.286319 0.615117 0.287361 0.615664 0.289792 0.615117 0.292292 0.613711 0.293264 0.612344 0.292292
1 0.350117 0.378819 0.350703 0.376319 0.352070 0.375347 0.354609 0.376319 0.355195 0.378819 0.354609 0.381250 0.353242 0.382292 0.350703 0.381250
1 0.339414 0.379653 0.339961 0.377153 0.341367 0.376181 0.342734 0.377153 0.343320 0.379653 0.342734 0.382083 0.341367 0.383125 0.339961 0.382083