0 0.339688 0.267014 0.397344 0.256389 0.390859 0.304375 0.322734 0.316528 0.339297 0.266736
0 0.390703 0.305764 0.382617 0.381944 0.299180 0.396111 0.322461 0.318681
0 0.459687 0.246389 0.465117 0.294375 0.394727 0.303958 0.400547 0.255208 0.459844 0.246111
0 0.472734 0.368958 0.385586 0.381528 0.394453 0.304236 0.465391 0.295139 0.472422 0.368750
0 0.568984 0.287708 0.636602 0.284792 0.677734 0.354722 0.599609 0.361597 0.569141 0.287986
0 0.604805 0.235764 0.635508 0.282708 0.568438 0.285208 0.547891 0.239028 0.604922 0.235903
0 0.661680 0.235764 0.699648 0.282292 0.638359 0.282500 0.607891 0.236111
0 0.700742 0.283403 0.751289 0.351736 0.681406 0.354444 0.639414 0.284028
0 0.703789 0.282986 0.758359 0.283403 0.814922 0.350347 0.753984 0.351528 0.703789 0.283194
0 0.713438 0.236806 0.757109 0.282778 0.702617 0.281944 0.665000 0.236667
0 0.798398 0.244583 0.846680 0.288194 0.803750 0.285486 0.758359 0.242917 0.798359 0.244583
0 0.847813 0.289028 0.906328 0.351181 0.862109 0.349306 0.805898 0.286944 0.848008 0.289375
0 0.888906 0.293819 0.945664 0.352500 0.908750 0.350625 0.852070 0.290347 0.889219 0.293819
0 0.836992 0.248889 0.886406 0.291806 0.849883 0.288264 0.802656 0.246667 0.836992 0.248750
0 0.874805 0.254236 0.923008 0.295903 0.890391 0.292361 0.842930 0.250486 0.874922 0.254236
0 0.892930 0.294167 0.924102 0.297361 0.981289 0.357222 0.949766 0.353819
3 0.462656 0.364792 0.462070 0.367708 0.460703 0.368750 0.458555 0.366389 0.452813 0.350764 0.451875 0.346597 0.452422 0.344097 0.453828 0.343125 0.455039 0.343889 0.461484 0.361597
3 0.462656 0.363125 0.462656 0.348889 0.460352 0.337222 0.460938 0.333333 0.462305 0.332292 0.463672 0.333333 0.466563 0.347986 0.466563 0.363125 0.465977 0.365556 0.464609 0.366597 0.463203 0.365556
3 0.350352 0.380903 0.352656 0.365764 0.354297 0.364236 0.355703 0.365278 0.356250 0.367708 0.354336 0.381597 0.353672 0.383611 0.352422 0.384375 0.350898 0.383333
3 0.607109 0.343403 0.606523 0.345833 0.605156 0.346875 0.604102 0.346319 0.599453 0.337431 0.597344 0.333264 0.595078 0.325417 0.594609 0.322431 0.595195 0.319931 0.596562 0.318958 0.598008 0.320069 0.601289 0.330972 0.606445 0.340833
3 0.767344 0.346875 0.766797 0.349583 0.765391 0.350625 0.764375 0.350069 0.758672 0.342014 0.758281 0.339931 0.758828 0.337500 0.760234 0.336458 0.761406 0.337014 0.766953 0.344722
3 0.775430 0.346875 0.774883 0.349306 0.772617 0.350000 0.769766 0.347153 0.768633 0.343958 0.769180 0.341528 0.770742 0.340486 0.774805 0.344236
3 0.890430 0.345000 0.889883 0.347500 0.887461 0.348125 0.881836 0.342708 0.881016 0.339514 0.881602 0.337083 0.882969 0.336042 0.889922 0.342639
3 0.893164 0.345903 0.893750 0.343403 0.895117 0.342431 0.896680 0.343403 0.897227 0.345903 0.896680 0.348333 0.895273 0.349375 0.893750 0.348333
3 0.941055 0.349028 0.940508 0.351806 0.938242 0.352431 0.935078 0.349306 0.934102 0.345903 0.934648 0.343403 0.936211 0.342431 0.940586 0.346736
3 0.961133 0.350486 0.960547 0.352917 0.959180 0.353958 0.949453 0.343611 0.948789 0.340972 0.949375 0.338542 0.950937 0.337500 0.960391 0.347778
3 0.969531 0.351042 0.968945 0.353472 0.967422 0.354514 0.963906 0.352014 0.963359 0.349583 0.963945 0.347153 0.965312 0.346111 0.969023 0.348681
1 0.391094 0.305625 0.382500 0.382639 0.299102 0.396319 0.322773 0.317153
1 0.339727 0.266389 0.397578 0.255486 0.391758 0.304375 0.323008 0.315069
1 0.394102 0.304097 0.465664 0.294236 0.473750 0.369236 0.386016 0.381667 0.394102 0.304306
1 0.460547 0.246875 0.465352 0.293403 0.394492 0.303403 0.399766 0.255278
1 0.636055 0.282014 0.568672 0.285000 0.548008 0.238472 0.606172 0.236875 0.635938 0.281806
1 0.636289 0.284236 0.679336 0.355278 0.600469 0.361319 0.569258 0.287431 0.636406 0.284028
1 0.662422 0.235694 0.699688 0.281042 0.638828 0.281806 0.608516 0.236111
1 0.752422 0.351597 0.681953 0.355208 0.639336 0.283819 0.701094 0.282639 0.751094 0.350417
1 0.814688 0.349236 0.753789 0.350903 0.703633 0.283333 0.758750 0.283125 0.814688 0.348958
1 0.702148 0.281875 0.664805 0.235417 0.714961 0.236875 0.757148 0.281875
1 0.849102 0.288611 0.803945 0.284583 0.759766 0.242847 0.799102 0.245625 0.848750 0.288194
1 0.887852 0.291944 0.851406 0.288958 0.802500 0.245069 0.839805 0.249653
1 0.876250 0.254444 0.922539 0.295139 0.890977 0.291597 0.842773 0.250208 0.876133 0.254236
1 0.981992 0.356528 0.949531 0.353333 0.893047 0.294028 0.923594 0.296597 0.981016 0.354931
1 0.909844 0.350694 0.853008 0.290417 0.889531 0.293194 0.946562 0.352917 0.909609 0.350903
1 0.862500 0.348958 0.806133 0.287014 0.849141 0.289653 0.906094 0.350486