0 0.339688 0.267014 0.397344 0.256389 0.390859 0.304375 0.322734 0.316528 0.339297 0.266736
0 0.390703 0.305764 0.382617 0.381944 0.299180 0.396111 0.322461 0.318681
0 0.459687 0.246389 0.465117 0.294375 0.394727 0.303958 0.400547 0.255208 0.459844 0.246111
0 0.472734 0.368958 0.385586 0.381528 0.394453 0.304236 0.465391 0.295139 0.472422 0.368750
0 0.568984 0.287708 0.636602 0.284792 0.677734 0.354722 0.599609 0.361597 0.569141 0.287986
0 0.604805 0.235764 0.635508 0.282708 0.568438 0.285208 0.547891 0.239028 0.604922 0.235903
0 0.661680 0.235764 0.699648 0.282292 0.638359 0.282500 0.607891 0.236111
0 0.700742 0.283403 0.751289 0.351736 0.681406 0.354444 0.639414 0.284028
0 0.703789 0.282986 0.758359 0.283403 0.814922 0.350347 0.753984 0.351528 0.703789 0.283194
0 0.713438 0.236806 0.757109 0.282778 0.702617 0.281944 0.665000 0.236667
0 0.798398 0.244583 0.846680 0.288194 0.803750 0.285486 0.758359 0.242917 0.798359 0.244583
0 0.847813 0.289028 0.906328 0.351181 0.862109 0.349306 0.805898 0.286944 0.848008 0.289375
0 0.888906 0.293819 0.945664 0.352500 0.908750 0.350625 0.852070 0.290347 0.889219 0.293819
0 0.836992 0.248889 0.886406 0.291806 0.849883 0.288264 0.802656 0.246667 0.836992 0.248750
0 0.874805 0.254236 0.923008 0.295903 0.890391 0.292361 0.842930 0.250486 0.874922 0.254236
0 0.892930 0.294167 0.924102 0.297361 0.981289 0.357222 0.949766 0.353819
3 0.351211 0.380694 0.351211 0.373125 0.350430 0.367222 0.350977 0.364722 0.352852 0.363750 0.354375 0.365069 0.355430 0.367708 0.356250 0.374931 0.355117 0.378125 0.354570 0.383194 0.353164 0.384167 0.351797 0.383194
3 0.304961 0.372778 0.308359 0.362222 0.309805 0.361042 0.311211 0.362014 0.311758 0.364514 0.311445 0.366389 0.308398 0.375069 0.306914 0.376250 0.305547 0.375208
3 0.339297 0.381042 0.340859 0.376111 0.341602 0.367222 0.343398 0.365139 0.344766 0.366181 0.345352 0.368611 0.344453 0.379514 0.342578 0.383889 0.341250 0.384514 0.339883 0.383542
3 0.457852 0.366597 0.458047 0.365208 0.453516 0.354167 0.452578 0.350000 0.452930 0.345764 0.454336 0.344722 0.455586 0.345556 0.461953 0.363472 0.461367 0.369097 0.460000 0.370069 0.458437 0.369097
3 0.466797 0.365208 0.466250 0.367639 0.464844 0.368681 0.463320 0.367639 0.461758 0.360000 0.460977 0.346181 0.462188 0.339167 0.463555 0.338125 0.464961 0.339167 0.465508 0.341597 0.464883 0.348819 0.466602 0.363681
3 0.601445 0.330694 0.600859 0.333125 0.599492 0.334167 0.598477 0.333611 0.594609 0.326250 0.594297 0.324375 0.594883 0.321875 0.596250 0.320903 0.597773 0.322222 0.600781 0.328056
3 0.765625 0.342153 0.767031 0.343194 0.767578 0.345625 0.767031 0.348056 0.764844 0.349097 0.760977 0.345347 0.758672 0.340486 0.759258 0.337986 0.760625 0.337014 0.765586 0.342153
1 0.775352 0.347917 0.774766 0.350417 0.773398 0.351389 0.771953 0.350208 0.770312 0.345347 0.770898 0.342917 0.772266 0.341875 0.774375 0.343889 0.775000 0.345972
1 0.726836 0.342708 0.728203 0.343750 0.728789 0.346181 0.728203 0.348681 0.726836 0.349653 0.717773 0.350833 0.716367 0.349792 0.715820 0.347361 0.717070 0.344097 0.720977 0.340417 0.723086 0.340417 0.726484 0.342778
3 0.891445 0.345903 0.890898 0.348403 0.889297 0.349375 0.882422 0.343403 0.881719 0.340764 0.882305 0.338264 0.883672 0.337292 0.891094 0.343889
3 0.940938 0.349722 0.940391 0.352153 0.938984 0.353194 0.934219 0.348542 0.933555 0.345903 0.934141 0.343472 0.935703 0.342500 0.940195 0.346944
3 0.924258 0.348681 0.924805 0.346250 0.926211 0.345208 0.928359 0.346250 0.928906 0.348681 0.928359 0.351111 0.926953 0.352153 0.924805 0.351111
3 0.915703 0.345903 0.916289 0.343472 0.917656 0.342431 0.920391 0.344514 0.920977 0.346944 0.920391 0.349444 0.919023 0.350417 0.916289 0.348403
3 0.969023 0.352361 0.968477 0.354792 0.966953 0.355833 0.963125 0.352153 0.962695 0.349931 0.963281 0.347292 0.964648 0.346250 0.967812 0.349167
3 0.958906 0.349444 0.958359 0.351944 0.956953 0.352917 0.955547 0.352431 0.949180 0.343403 0.948555 0.340833 0.949141 0.338403 0.950508 0.337361 0.951836 0.338264 0.958477 0.347292
1 0.656484 0.348264 0.657852 0.347292 0.659258 0.348264 0.659805 0.350764 0.659258 0.353194 0.657852 0.354236 0.656914 0.353542 0.656289 0.355764 0.654961 0.356667 0.650703 0.355625 0.649297 0.354583 0.648750 0.352153 0.649297 0.349653 0.650703 0.348681 0.656016 0.350278
1 0.616328 0.334514 0.616875 0.332083 0.618281 0.331042 0.619648 0.332083 0.620234 0.334514 0.619648 0.337014 0.618281 0.337986 0.616875 0.337014
1 0.622734 0.321111 0.623281 0.318611 0.624688 0.317639 0.626055 0.318611 0.626641 0.321111 0.626055 0.323542 0.624688 0.324583 0.623281 0.323542
1 0.601367 0.341458 0.601953 0.338958 0.603320 0.337986 0.604727 0.338958 0.605273 0.341458 0.604727 0.343889 0.603320 0.344931 0.601953 0.343889
1 0.598477 0.290347 0.599023 0.287917 0.600430 0.286875 0.601797 0.287917 0.602383 0.290347 0.601953 0.292222 0.603320 0.295556 0.602773 0.297986 0.601367 0.299028 0.600000 0.297986 0.599414 0.295556 0.599844 0.293403 0.599023 0.292847
1 0.614414 0.295208 0.613047 0.296250 0.611758 0.295417 0.609922 0.290000 0.610469 0.287569 0.611875 0.286528 0.614062 0.289167 0.615664 0.286181 0.617695 0.285139 0.627773 0.284514 0.629180 0.285486 0.629727 0.287986 0.629180 0.290417 0.627773 0.291458 0.614844 0.292917
1 0.590508 0.289306 0.591094 0.286875 0.592461 0.285833 0.593828 0.286875 0.594414 0.289306 0.593828 0.291806 0.592461 0.292778 0.591094 0.291806
1 0.629336 0.273819 0.628789 0.276250 0.627383 0.277292 0.626055 0.276319 0.624844 0.273125 0.625430 0.270694 0.626797 0.269653 0.628555 0.271042
1 0.604492 0.271389 0.605039 0.268958 0.606445 0.267917 0.607812 0.268958 0.608398 0.271389 0.607812 0.273819 0.606445 0.274861 0.605039 0.273819
1 0.609336 0.264514 0.609922 0.260625 0.611289 0.259653 0.612656 0.260625 0.613242 0.263125 0.612656 0.266944 0.611289 0.267986 0.609922 0.266944
1 0.585078 0.245139 0.585625 0.242708 0.587031 0.241667 0.588398 0.242708 0.588984 0.245139 0.588398 0.247639 0.587031 0.248611 0.585625 0.247639
1 0.439141 0.361875 0.439687 0.359375 0.441094 0.358403 0.442461 0.359375 0.443047 0.361875 0.442461 0.364306 0.441094 0.365347 0.439687 0.364306
1 0.434844 0.355972 0.435195 0.354514 0.433281 0.353611 0.432734 0.351181 0.433281 0.348681 0.434688 0.347708 0.436055 0.348681 0.436406 0.352847 0.438203 0.353542 0.438750 0.355972 0.438203 0.358472 0.436797 0.359444 0.435430 0.358472
1 0.423789 0.338750 0.424375 0.336319 0.425742 0.335278 0.427148 0.336319 0.427695 0.338750 0.427148 0.341181 0.425742 0.342222 0.424375 0.341181
1 0.430000 0.328056 0.430586 0.325625 0.431953 0.324583 0.433359 0.325625 0.433906 0.328056 0.433359 0.330486 0.431953 0.331528 0.430586 0.330486
1 0.439922 0.334236 0.441289 0.335278 0.441875 0.337708 0.441211 0.340347 0.438945 0.342222 0.437578 0.341181 0.436992 0.338750 0.437656 0.336111 0.438672 0.335000
1 0.445547 0.328056 0.446094 0.325625 0.447500 0.324583 0.448867 0.325625 0.449453 0.328056 0.448867 0.330486 0.447500 0.331528 0.446094 0.330486
1 0.419336 0.329792 0.419922 0.327292 0.421289 0.326319 0.422656 0.327292 0.423242 0.329792 0.422656 0.332222 0.421289 0.333264 0.419922 0.332222
1 0.413906 0.311111 0.414453 0.308681 0.415859 0.307639 0.417227 0.308681 0.417812 0.311111 0.417227 0.313611 0.415859 0.314583 0.414453 0.313611
1 0.401680 0.320139 0.403008 0.315625 0.404219 0.314931 0.405586 0.315903 0.406172 0.318403 0.404961 0.322917 0.403633 0.323611 0.402227 0.322569
1 0.455352 0.272292 0.455937 0.269861 0.457305 0.268819 0.458711 0.269861 0.459258 0.272292 0.458711 0.274722 0.457305 0.275764 0.455937 0.274722
1 0.301836 0.388333 0.302422 0.385833 0.303984 0.384861 0.306562 0.385833 0.307109 0.388333 0.306562 0.390764 0.305156 0.391806 0.302422 0.390764
1 0.304766 0.380000 0.305352 0.377569 0.306719 0.376528 0.308086 0.377569 0.308672 0.380000 0.308086 0.382500 0.306719 0.383472 0.305352 0.382500