0 0.339688 0.267014 0.397344 0.256389 0.390859 0.304375 0.322734 0.316528 0.339297 0.266736
0 0.390703 0.305764 0.382617 0.381944 0.299180 0.396111 0.322461 0.318681
0 0.459687 0.246389 0.465117 0.294375 0.394727 0.303958 0.400547 0.255208 0.459844 0.246111
0 0.472734 0.368958 0.385586 0.381528 0.394453 0.304236 0.465391 0.295139 0.472422 0.368750
0 0.568984 0.287708 0.636602 0.284792 0.677734 0.354722 0.599609 0.361597 0.569141 0.287986
0 0.604805 0.235764 0.635508 0.282708 0.568438 0.285208 0.547891 0.239028 0.604922 0.235903
0 0.661680 0.235764 0.699648 0.282292 0.638359 0.282500 0.607891 0.236111
0 0.700742 0.283403 0.751289 0.351736 0.681406 0.354444 0.639414 0.284028
0 0.703789 0.282986 0.758359 0.283403 0.814922 0.350347 0.753984 0.351528 0.703789 0.283194
0 0.713438 0.236806 0.757109 0.282778 0.702617 0.281944 0.665000 0.236667
0 0.798398 0.244583 0.846680 0.288194 0.803750 0.285486 0.758359 0.242917 0.798359 0.244583
0 0.847813 0.289028 0.906328 0.351181 0.862109 0.349306 0.805898 0.286944 0.848008 0.289375
0 0.888906 0.293819 0.945664 0.352500 0.908750 0.350625 0.852070 0.290347 0.889219 0.293819
0 0.836992 0.248889 0.886406 0.291806 0.849883 0.288264 0.802656 0.246667 0.836992 0.248750
0 0.874805 0.254236 0.923008 0.295903 0.890391 0.292361 0.842930 0.250486 0.874922 0.254236
0 0.892930 0.294167 0.924102 0.297361 0.981289 0.357222 0.949766 0.353819
3 0.462656 0.364792 0.462070 0.367708 0.460703 0.368750 0.458555 0.366389 0.452813 0.350764 0.451875 0.346597 0.452422 0.344097 0.453828 0.343125 0.455039 0.343889 0.461484 0.361597
3 0.462656 0.363125 0.462656 0.348889 0.460352 0.337222 0.460938 0.333333 0.462305 0.332292 0.463672 0.333333 0.466563 0.347986 0.466563 0.363125 0.465977 0.365556 0.464609 0.366597 0.463203 0.365556
1 0.445781 0.326458 0.446367 0.323958 0.447734 0.322986 0.449141 0.323958 0.449688 0.326458 0.449141 0.328889 0.447734 0.329931 0.446367 0.328889
1 0.442227 0.331319 0.443594 0.332361 0.444180 0.334792 0.443672 0.337153 0.438438 0.341667 0.437070 0.340625 0.436484 0.338194 0.436758 0.336389 0.442148 0.331319
1 0.432852 0.351389 0.433437 0.348889 0.434805 0.347917 0.437734 0.351458 0.438242 0.353750 0.437656 0.356181 0.436289 0.357222 0.433437 0.353819
1 0.438125 0.361389 0.438672 0.358958 0.440078 0.357917 0.441445 0.358958 0.442031 0.361389 0.441445 0.363889 0.440078 0.364861 0.438672 0.363889
1 0.430156 0.326667 0.430742 0.324236 0.432109 0.323194 0.433477 0.324236 0.434063 0.326667 0.433477 0.329097 0.432109 0.330139 0.430742 0.329097
1 0.418555 0.328819 0.419141 0.326389 0.420508 0.325347 0.421914 0.326389 0.422461 0.328819 0.421914 0.331319 0.420508 0.332292 0.419141 0.331319
1 0.423945 0.337708 0.424531 0.335278 0.425898 0.334236 0.427305 0.335278 0.427852 0.337708 0.427305 0.340139 0.425898 0.341181 0.424531 0.340139
1 0.427734 0.335278 0.428320 0.332847 0.429688 0.331806 0.431055 0.332847 0.431641 0.335278 0.431055 0.337778 0.429688 0.338750 0.428320 0.337778
1 0.413438 0.311111 0.414023 0.308611 0.415391 0.307639 0.416758 0.308611 0.417344 0.311111 0.416758 0.313542 0.415391 0.314583 0.414023 0.313542
3 0.350352 0.380903 0.352656 0.365764 0.354297 0.364236 0.355703 0.365278 0.356250 0.367708 0.354336 0.381597 0.353672 0.383611 0.352422 0.384375 0.350898 0.383333
1 0.340352 0.380625 0.340938 0.378194 0.342305 0.377153 0.343711 0.378194 0.344258 0.380625 0.343711 0.383125 0.342305 0.384097 0.340938 0.383125
1 0.305312 0.374653 0.305898 0.372222 0.307266 0.371181 0.308633 0.372222 0.309219 0.374653 0.308633 0.377083 0.307266 0.378125 0.305898 0.377083
1 0.302617 0.387569 0.303203 0.385139 0.304570 0.384097 0.305938 0.385139 0.306523 0.387569 0.305938 0.390069 0.304570 0.391042 0.303203 0.390069
3 0.607109 0.343403 0.606523 0.345833 0.605156 0.346875 0.604102 0.346319 0.599453 0.337431 0.597344 0.333264 0.595078 0.325417 0.594609 0.322431 0.595195 0.319931 0.596562 0.318958 0.598008 0.320069 0.601289 0.330972 0.606445 0.340833
1 0.611445 0.291667 0.611992 0.289167 0.613398 0.288194 0.614766 0.289167 0.615352 0.291667 0.614766 0.294097 0.613398 0.295139 0.611992 0.294097
1 0.615469 0.288194 0.616055 0.285764 0.617422 0.284722 0.620586 0.285764 0.621172 0.288194 0.620586 0.290625 0.619219 0.291667 0.616055 0.290625
1 0.623086 0.320417 0.623633 0.317917 0.625039 0.316944 0.626406 0.317917 0.626992 0.320417 0.626406 0.322847 0.625039 0.323889 0.623633 0.322847
1 0.615781 0.334167 0.616367 0.331736 0.617734 0.330694 0.619141 0.331736 0.619688 0.334167 0.619141 0.336667 0.617734 0.337639 0.616367 0.336667
1 0.655117 0.350278 0.655664 0.347847 0.657070 0.346806 0.658438 0.347847 0.659023 0.350278 0.658438 0.352778 0.657070 0.353750 0.655664 0.352778
1 0.653164 0.348819 0.654570 0.349861 0.655117 0.352292 0.654570 0.354792 0.653164 0.355764 0.647500 0.352569 0.646367 0.349444 0.646953 0.346944 0.648320 0.345972
1 0.727344 0.342222 0.728711 0.343264 0.729297 0.345694 0.728711 0.348403 0.727344 0.349444 0.716836 0.349167 0.715430 0.348125 0.714883 0.345694 0.715391 0.343333 0.717461 0.341944 0.727109 0.342222
3 0.767344 0.346875 0.766797 0.349583 0.765391 0.350625 0.764375 0.350069 0.758672 0.342014 0.758281 0.339931 0.758828 0.337500 0.760234 0.336458 0.761406 0.337014 0.766953 0.344722
3 0.775430 0.346875 0.774883 0.349306 0.772617 0.350000 0.769766 0.347153 0.768633 0.343958 0.769180 0.341528 0.770742 0.340486 0.774805 0.344236
1 0.604570 0.269167 0.605117 0.266736 0.606523 0.265694 0.607891 0.266736 0.608477 0.269167 0.607891 0.271597 0.606523 0.272639 0.605117 0.271597
3 0.890430 0.345000 0.889883 0.347500 0.887461 0.348125 0.881836 0.342708 0.881016 0.339514 0.881602 0.337083 0.882969 0.336042 0.889922 0.342639
3 0.893164 0.345903 0.893750 0.343403 0.895117 0.342431 0.896680 0.343403 0.897227 0.345903 0.896680 0.348333 0.895273 0.349375 0.893750 0.348333
3 0.941055 0.349028 0.940508 0.351806 0.938242 0.352431 0.935078 0.349306 0.934102 0.345903 0.934648 0.343403 0.936211 0.342431 0.940586 0.346736
3 0.961133 0.350486 0.960547 0.352917 0.959180 0.353958 0.949453 0.343611 0.948789 0.340972 0.949375 0.338542 0.950937 0.337500 0.960391 0.347778
3 0.969531 0.351042 0.968945 0.353472 0.967422 0.354514 0.963906 0.352014 0.963359 0.349583 0.963945 0.347153 0.965312 0.346111 0.969023 0.348681
1 0.973242 0.351597 0.973789 0.349167 0.975195 0.348125 0.979414 0.352500 0.979883 0.354792 0.979297 0.357222 0.977773 0.358264 0.973867 0.354236
1 0.928594 0.347917 0.928047 0.350625 0.926641 0.351667 0.922734 0.348819 0.921328 0.345278 0.921875 0.342847 0.923281 0.341806 0.928086 0.345486
1 0.920859 0.349028 0.920273 0.352361 0.918906 0.353403 0.915977 0.349653 0.915312 0.347014 0.915898 0.344306 0.917266 0.343264 0.919727 0.345903
1 0.862109 0.345903 0.862695 0.343403 0.864062 0.342431 0.866250 0.343403 0.866836 0.345903 0.866250 0.348333 0.864883 0.349375 0.862695 0.348333