0 0.235625 0.223472 0.266094 0.232083 0.230234 0.276944 0.196875 0.267222 0.235625 0.222778
0 0.300078 0.242500 0.266719 0.288611 0.231953 0.277639 0.267109 0.232778 0.300312 0.242500
0 0.305312 0.303889 0.269609 0.289306 0.301641 0.244167 0.337578 0.254167
0 0.186719 0.335556 0.154141 0.322500 0.195859 0.268611 0.227891 0.279028
0 0.264453 0.290556 0.225156 0.350417 0.188906 0.336250 0.230391 0.280000
0 0.265703 0.366667 0.227891 0.350833 0.265703 0.291806 0.303984 0.304861
0 0.402031 0.274583 0.375391 0.324861 0.333672 0.307083 0.363750 0.260417 0.402187 0.274306
0 0.374922 0.326250 0.343516 0.390417 0.295781 0.370556 0.332344 0.308750 0.374375 0.326250
0 0.377812 0.325417 0.404141 0.274861 0.445078 0.290694 0.423438 0.341806 0.377500 0.325694
0 0.422266 0.343472 0.394844 0.413472 0.344844 0.391667 0.376406 0.327917
0 0.424453 0.343750 0.471328 0.364306 0.449453 0.438750 0.396719 0.414861
0 0.471406 0.363750 0.424687 0.343611 0.446328 0.291389 0.489453 0.307361
0 0.564688 0.329444 0.556484 0.387917 0.508516 0.366111 0.521406 0.309028 0.564688 0.329167
0 0.556875 0.389028 0.546406 0.466944 0.490859 0.443194 0.507969 0.367500 0.556719 0.389028
0 0.606328 0.412361 0.602578 0.491806 0.548828 0.467222 0.558750 0.389722 0.606484 0.412361
0 0.608906 0.348750 0.606094 0.410000 0.559297 0.387639 0.566719 0.329583
0 0.652422 0.371944 0.655391 0.433333 0.609063 0.411667 0.610781 0.350139
0 0.657891 0.517083 0.605156 0.493472 0.608828 0.414028 0.655625 0.435417 0.657891 0.516667
1 0.196250 0.268611 0.218672 0.275139 0.222187 0.278611 0.222812 0.281528 0.216875 0.281944 0.213438 0.277361 0.204219 0.274306 0.197344 0.275278 0.194922 0.270833
1 0.226797 0.283472 0.230234 0.278750 0.239375 0.281250 0.226484 0.283750
1 0.257500 0.288194 0.264688 0.290139 0.260781 0.295278 0.260859 0.293333 0.258125 0.290556
1 0.285391 0.301806 0.272969 0.295000 0.264062 0.295972 0.267266 0.291667 0.289219 0.299583
1 0.345469 0.317639 0.333516 0.318472 0.328594 0.316806 0.333594 0.308333 0.348594 0.313333
1 0.360938 0.317639 0.375312 0.324167 0.371484 0.331806 0.363828 0.322778
1 0.372969 0.335556 0.378516 0.325556 0.422422 0.342778 0.417734 0.354583 0.417031 0.347500 0.411172 0.343611 0.387969 0.335556 0.376875 0.334306
1 0.419688 0.357778 0.425078 0.344583 0.435703 0.348750 0.428281 0.350278 0.420781 0.357083
1 0.454141 0.355833 0.471016 0.363333 0.467578 0.375556 0.464062 0.369583 0.460313 0.367361 0.459141 0.363194 0.455859 0.360694 0.453984 0.355833
1 0.548047 0.386389 0.556562 0.389722 0.554922 0.402222 0.554219 0.393750 0.550938 0.389722
1 0.564922 0.394583 0.558828 0.397778 0.559531 0.390972 0.569375 0.394861
1 0.602344 0.414583 0.597813 0.407917 0.606094 0.411528
1 0.616250 0.416944 0.610234 0.419722 0.610625 0.414583 0.612422 0.415278
1 0.647344 0.370972 0.635234 0.366944 0.619219 0.356389 0.611875 0.354722 0.611953 0.350833 0.651250 0.370972
1 0.598047 0.344444 0.582188 0.341250 0.578516 0.336944 0.574922 0.336111 0.569453 0.335417 0.566172 0.337917 0.567109 0.330972 0.601953 0.345417
1 0.534844 0.318472 0.526563 0.317917 0.521641 0.313472 0.522266 0.310972 0.538672 0.317083
1 0.555781 0.387500 0.521016 0.371389 0.531328 0.371944 0.555547 0.386528
1 0.425234 0.284306 0.403203 0.277361 0.405000 0.273333 0.428984 0.282083
1 0.390234 0.327917 0.410313 0.335417 0.420781 0.336111 0.422578 0.340556 0.422266 0.342083 0.385781 0.327917
1 0.399609 0.278056 0.394375 0.271806 0.388516 0.269028 0.401562 0.273750
1 0.379375 0.265694 0.373828 0.267361 0.363359 0.261944 0.364375 0.260139
1 0.381094 0.266250 0.382109 0.266667 0.381172 0.266250
1 0.382266 0.266667 0.388203 0.268889 0.382109 0.266667
1 0.314063 0.249028 0.305000 0.246528 0.298984 0.247361 0.301875 0.243056 0.317891 0.247500
1 0.294844 0.242917 0.280859 0.239028 0.268672 0.238889 0.266094 0.233750 0.298828 0.242222
1 0.466953 0.360417 0.458906 0.356528 0.463438 0.357083