0 0.308477 0.273889 0.264609 0.327431 0.170664 0.351181 0.229102 0.295694 0.308477 0.273264
0 0.263125 0.328750 0.185312 0.423264 0.074883 0.450903 0.169141 0.352569 0.262891 0.328472
0 0.225469 0.296944 0.166875 0.351875 0.091953 0.374653 0.157930 0.320486
0 0.162812 0.355000 0.069609 0.452222 0.000000 0.471597 0.000000 0.465833 0.087266 0.377708 0.162734 0.354583
0 0.000000 0.421597 0.024102 0.400000 0.083320 0.379306 0.000000 0.461528 0.000352 0.421319
0 0.086836 0.376736 0.027773 0.396875 0.093711 0.344861 0.155313 0.321111 0.086563 0.376736
0 0.374258 0.270139 0.464023 0.253403 0.467227 0.288819 0.349805 0.310972 0.374258 0.269792
0 0.467891 0.289375 0.476133 0.373333 0.304375 0.406667 0.347695 0.314097 0.467891 0.289653
0 0.560078 0.241319 0.593906 0.272986 0.473555 0.287917 0.468711 0.252847
0 0.654336 0.349028 0.482930 0.370556 0.473828 0.288958 0.594727 0.274097 0.654570 0.349028
0 0.649844 0.234931 0.705000 0.265972 0.598125 0.272222 0.564102 0.240764
0 0.707461 0.265972 0.802031 0.340139 0.662617 0.349653 0.598789 0.272639
0 0.777227 0.244514 0.850977 0.282500 0.775781 0.275903 0.713164 0.241111 0.777539 0.244861
0 0.957656 0.354306 0.956367 0.353472 0.956953 0.353472
0 0.956367 0.353472 0.879844 0.350556 0.779922 0.278125 0.852578 0.283472
0 1.000000 0.344097 1.000000 0.357153 0.964219 0.355208 0.862031 0.284792 0.920273 0.291458
0 0.916758 0.290069 0.855547 0.283819 0.785742 0.245486 0.841680 0.251250 0.917422 0.290069