0 0.290313 0.026250 0.346484 0.126944 0.355703 0.172083 0.297578 0.070139 0.290391 0.026667
0 0.357266 0.177361 0.369844 0.231944 0.308359 0.124583 0.298984 0.073472 0.357266 0.177778
0 0.371250 0.237917 0.385625 0.299028 0.320391 0.187917 0.309297 0.128611
0 0.395547 0.222639 0.407969 0.272639 0.357969 0.176667 0.348438 0.131389 0.395156 0.222083
0 0.408281 0.275833 0.423672 0.334583 0.371875 0.236667 0.359609 0.182361 0.408437 0.275833
0 0.423906 0.338333 0.440859 0.406250 0.388437 0.306111 0.374688 0.244583 0.424141 0.338333
0 0.401562 0.389861 0.419609 0.474444 0.341172 0.363194 0.327422 0.275556 0.401328 0.389861
0 0.421484 0.481250 0.441875 0.576528 0.360312 0.473333 0.342500 0.368750 0.421719 0.480833
0 0.443438 0.584861 0.467656 0.691111 0.382891 0.598472 0.361484 0.479306 0.443438 0.583889
0 0.503828 0.668194 0.526094 0.760417 0.469375 0.694167 0.446641 0.590000 0.503672 0.667917
0 0.481641 0.575694 0.501719 0.660556 0.444531 0.581944 0.425000 0.488472 0.481875 0.575833
0 0.406250 0.397361 0.461562 0.491250 0.479609 0.567778 0.423359 0.480556 0.405625 0.396667
0 0.524375 0.949167 0.444453 0.900972 0.420469 0.753889 0.503203 0.830417
0 0.557266 0.882361 0.575703 0.980000 0.525781 0.948333 0.504609 0.830000 0.557422 0.882361
0 0.461562 0.998750 0.446172 0.908056 0.525625 0.954861 0.533281 0.998750
0 0.535000 0.999722 0.527500 0.955000 0.577344 0.985139 0.579922 0.999861
1 0.498437 0.870972 0.502266 0.874722 0.497500 0.879722 0.495000 0.875000 0.496016 0.872083 0.498203 0.870972
1 0.531484 0.866944 0.533281 0.872083 0.532656 0.875417 0.530781 0.876250 0.528672 0.870833 0.531406 0.866944
1 0.386406 0.524861 0.388125 0.521806 0.389688 0.524583 0.387969 0.527639
1 0.426172 0.616667 0.427734 0.612361 0.430469 0.614861 0.429922 0.619583 0.427422 0.619306
1 0.413203 0.512222 0.414766 0.509444 0.416328 0.512222 0.414766 0.515000