0 0.252930 0.320000 0.300000 0.317153 0.293516 0.386458 0.238711 0.390417 0.252930 0.319722
0 0.303242 0.317153 0.352070 0.314792 0.352383 0.384097 0.296133 0.386458 0.303242 0.316806
0 0.405625 0.311944 0.413750 0.382083 0.355508 0.383819 0.355195 0.313958 0.405469 0.312500
0 0.221523 0.485903 0.238672 0.391875 0.293164 0.389306 0.283633 0.484722
0 0.353828 0.484861 0.287266 0.485764 0.295195 0.388542 0.352617 0.386597
0 0.414219 0.385139 0.425156 0.483403 0.356406 0.484097 0.355469 0.386597 0.413945 0.385625
0 0.521680 0.386736 0.548984 0.484097 0.482266 0.482153 0.464219 0.384583
0 0.500703 0.316250 0.520664 0.384931 0.463398 0.383542 0.450039 0.313819 0.500898 0.316042
0 0.551211 0.318403 0.578008 0.387153 0.523633 0.384931 0.503086 0.315833
0 0.600352 0.322153 0.632812 0.390764 0.581797 0.388611 0.554492 0.318889
0 0.613633 0.485556 0.552461 0.483889 0.525078 0.387569 0.579414 0.390417 0.613516 0.485347
0 0.672148 0.487708 0.617969 0.485347 0.583984 0.391389 0.634141 0.395000 0.672422 0.487986
0 0.679336 0.332014 0.715195 0.400069 0.673008 0.396736 0.639727 0.327500
0 0.758086 0.404236 0.719766 0.401875 0.683281 0.333125 0.720000 0.338125 0.757734 0.403611
0 0.796797 0.407222 0.761523 0.404861 0.722656 0.338958 0.757461 0.344722 0.796914 0.407014
0 0.843906 0.492569 0.808477 0.492569 0.763359 0.408056 0.798281 0.410347 0.843594 0.492014
0 0.804922 0.492569 0.764961 0.492847 0.720977 0.404583 0.760781 0.407500 0.804922 0.492014
0 0.761250 0.491736 0.716094 0.492014 0.674844 0.401458 0.718047 0.404028
1 0.251211 0.330556 0.251680 0.326458 0.252930 0.323194 0.254805 0.320903 0.257070 0.320139 0.259844 0.321319 0.278828 0.321111 0.286484 0.326528 0.289687 0.330833 0.290703 0.336736 0.290508 0.341111 0.285273 0.359653 0.283086 0.372083 0.279414 0.378611 0.275156 0.381319 0.272031 0.381319 0.267227 0.378194 0.260391 0.381667 0.254727 0.381597 0.251055 0.383403 0.248789 0.382569 0.246914 0.380347 0.245664 0.377014 0.245195 0.372986 0.251406 0.340833 0.251250 0.330694
1 0.309688 0.318056 0.312422 0.319236 0.316484 0.317361 0.321133 0.318403 0.333867 0.325556 0.337812 0.332361 0.338438 0.339514 0.337656 0.351389 0.340547 0.357569 0.341172 0.362292 0.340977 0.370486 0.338047 0.377986 0.335820 0.380208 0.331641 0.381667 0.317461 0.382361 0.304258 0.382708 0.301992 0.381875 0.300117 0.379653 0.298867 0.376319 0.298398 0.370903 0.300937 0.359583 0.300820 0.339028 0.304648 0.322431 0.306875 0.319306
1 0.407344 0.323264 0.406562 0.328958 0.404414 0.332708 0.406367 0.336389 0.407109 0.341528 0.407109 0.349375 0.405898 0.355764 0.404570 0.358611 0.401836 0.361528 0.397539 0.363958 0.395195 0.363958 0.388086 0.360486 0.375156 0.363125 0.368516 0.370486 0.364922 0.372639 0.360898 0.371319 0.359141 0.369167 0.357695 0.365208 0.356992 0.360139 0.356992 0.351875 0.357773 0.342361 0.360547 0.330972 0.363047 0.326389 0.365430 0.324028 0.368672 0.322361 0.379492 0.322361 0.386523 0.312986 0.390313 0.311597 0.398242 0.311597 0.402266 0.312986 0.404297 0.314097 0.406953 0.319514
1 0.295938 0.416875 0.296406 0.412778 0.297656 0.409514 0.299531 0.407292 0.319062 0.405208 0.321563 0.406042 0.323437 0.408264 0.324688 0.411597 0.325156 0.415625 0.324102 0.421528 0.321406 0.425347 0.318359 0.426875 0.301797 0.427292 0.299531 0.426458 0.297656 0.424236 0.296406 0.420903
1 0.384297 0.416458 0.385273 0.417014 0.385742 0.419444 0.385391 0.420972 0.382812 0.420972 0.382461 0.419236 0.383477 0.417083
1 0.412227 0.464028 0.412578 0.462361 0.414453 0.462083 0.415391 0.464306 0.415391 0.466181 0.414805 0.467986 0.413242 0.468750 0.412227 0.466667 0.412266 0.464306
1 0.397422 0.481806 0.398164 0.478194 0.399258 0.477083 0.400547 0.477778 0.401250 0.479861 0.401094 0.481806 0.399531 0.483889 0.397773 0.483264
1 0.454141 0.324722 0.454609 0.320694 0.455859 0.317361 0.457734 0.315139 0.460000 0.314306 0.463125 0.315903 0.465273 0.320139 0.471250 0.319861 0.485313 0.323125 0.492422 0.328056 0.494062 0.331806 0.494805 0.338542 0.496836 0.339583 0.500117 0.345764 0.500625 0.349931 0.500312 0.355278 0.503594 0.358889 0.504883 0.365417 0.504453 0.369444 0.503203 0.372708 0.501406 0.375000 0.492617 0.378611 0.486016 0.379653 0.481094 0.379236 0.473789 0.374792 0.470234 0.371042 0.466016 0.370972 0.463359 0.368125 0.461719 0.363264 0.454570 0.330694 0.454141 0.325069
1 0.507852 0.323889 0.507266 0.321389 0.507852 0.318958 0.509219 0.317917 0.533047 0.318472 0.536094 0.323542 0.536680 0.327292 0.539453 0.330972 0.538984 0.326944 0.539336 0.324514 0.540781 0.322014 0.543359 0.321111 0.545430 0.322847 0.549687 0.323056 0.551406 0.324097 0.554570 0.327569 0.559102 0.337361 0.559844 0.341597 0.559023 0.345000 0.557109 0.346458 0.555742 0.345764 0.552461 0.340903 0.549844 0.340069 0.547422 0.336875 0.543984 0.337083 0.546953 0.343472 0.551211 0.348264 0.552813 0.353125 0.553008 0.355764 0.556875 0.357500 0.561758 0.362292 0.563125 0.368889 0.562656 0.374306 0.561406 0.377639 0.559531 0.379861 0.557266 0.380694 0.544922 0.379236 0.526602 0.378958 0.523711 0.377639 0.520742 0.372083 0.516211 0.358750 0.511133 0.335208 0.509570 0.333125 0.507969 0.323889
1 0.534648 0.408819 0.535195 0.405903 0.536602 0.404931 0.541016 0.405417 0.543594 0.403264 0.549883 0.403264 0.553008 0.405347 0.553672 0.407431 0.554531 0.407847 0.566641 0.407431 0.571758 0.408681 0.575039 0.410972 0.575586 0.413333 0.575000 0.415833 0.570977 0.416806 0.569648 0.419931 0.566992 0.420556 0.556836 0.426736 0.550312 0.426736 0.544961 0.422222 0.540547 0.422222 0.538438 0.420972 0.535469 0.415764 0.534648 0.412917 0.534648 0.409444
1 0.568164 0.321875 0.569648 0.322639 0.571992 0.326458 0.572500 0.329583 0.570664 0.335139 0.565586 0.340417 0.563320 0.338889 0.560117 0.331042 0.557461 0.326806 0.557070 0.324306 0.557852 0.320903 0.559805 0.319444 0.563867 0.321875 0.568086 0.321875
1 0.477227 0.400556 0.478008 0.397083 0.479961 0.395694 0.481875 0.397083 0.482695 0.400556 0.481875 0.403958 0.479961 0.405417 0.478008 0.403958