0 0.468906 0.069722 0.480547 0.086875 0.445898 0.194931 0.436875 0.172431
0 0.493750 0.107708 0.457305 0.221181 0.446563 0.196806 0.481055 0.088403 0.493789 0.107708
0 0.508633 0.130833 0.470078 0.249653 0.458281 0.222500 0.494453 0.109236 0.508672 0.130903
0 0.525508 0.157083 0.484023 0.281806 0.470859 0.251042 0.510078 0.133056
0 0.543477 0.186736 0.499766 0.319375 0.485078 0.284861 0.526289 0.158958
0 0.444844 0.199514 0.410469 0.308472 0.403594 0.281458 0.434727 0.177778
0 0.455703 0.225208 0.420391 0.340000 0.411953 0.310417 0.445234 0.200694
0 0.468203 0.254722 0.431172 0.373264 0.421602 0.341667 0.455742 0.227847
0 0.482656 0.287500 0.442695 0.412917 0.431875 0.376111 0.469023 0.256806 0.482578 0.287292
0 0.498633 0.324861 0.456445 0.454931 0.444141 0.414375 0.483633 0.289236 0.498672 0.324931
0 0.525039 0.379653 0.507695 0.339097 0.552344 0.201944 0.573203 0.236181
0 0.597187 0.278472 0.545547 0.428819 0.525977 0.382847 0.574180 0.238750
0 0.624375 0.325208 0.568242 0.483889 0.546758 0.431111 0.597969 0.280694
0 0.524023 0.384583 0.478242 0.522917 0.463203 0.474861 0.506055 0.342292 0.523867 0.384861
0 0.544141 0.435000 0.496055 0.577361 0.479375 0.524931 0.524687 0.387500
1 0.469023 0.070694 0.480195 0.085972 0.445898 0.193194 0.437148 0.171944 0.469180 0.070139
1 0.493516 0.107708 0.456875 0.220833 0.446484 0.197569 0.480742 0.088264 0.493242 0.107708
1 0.508867 0.130694 0.470078 0.249792 0.458281 0.221944 0.494570 0.109167 0.508594 0.130486
1 0.525117 0.157292 0.484219 0.282222 0.470742 0.250972 0.509961 0.132292 0.525156 0.156875
1 0.543086 0.186458 0.499688 0.317986 0.485156 0.284583 0.526484 0.159306 0.542891 0.186458
1 0.444180 0.199653 0.411016 0.306597 0.404648 0.279792 0.435195 0.179514 0.444258 0.199861
1 0.455937 0.226319 0.420586 0.339583 0.412070 0.308472 0.445078 0.201042
1 0.468438 0.254653 0.431445 0.373819 0.421328 0.341111 0.456250 0.227014
1 0.482695 0.287569 0.443359 0.412431 0.432031 0.375694 0.468945 0.256389 0.483008 0.287986
1 0.498555 0.323889 0.456719 0.454375 0.444180 0.414583 0.483516 0.289028
1 0.573086 0.236250 0.525156 0.379861 0.507734 0.338611 0.552461 0.201736 0.573047 0.236389
1 0.597070 0.277986 0.545703 0.429167 0.526406 0.383125 0.574141 0.238542 0.596992 0.277847
1 0.624766 0.326389 0.568594 0.484028 0.546523 0.432153 0.598359 0.280417 0.624766 0.326389
1 0.523594 0.384306 0.478477 0.521875 0.463398 0.475278 0.506016 0.342639
1 0.544687 0.434931 0.495820 0.576597 0.479609 0.524375 0.524844 0.387153