0 0.235625 0.223472 0.266094 0.232083 0.230234 0.276944 0.196875 0.267222 0.235625 0.222778
0 0.300078 0.242500 0.266719 0.288611 0.231953 0.277639 0.267109 0.232778 0.300312 0.242500
0 0.305312 0.303889 0.269609 0.289306 0.301641 0.244167 0.337578 0.254167
0 0.186719 0.335556 0.154141 0.322500 0.195859 0.268611 0.227891 0.279028
0 0.264453 0.290556 0.225156 0.350417 0.188906 0.336250 0.230391 0.280000
0 0.265703 0.366667 0.227891 0.350833 0.265703 0.291806 0.303984 0.304861
0 0.402031 0.274583 0.375391 0.324861 0.333672 0.307083 0.363750 0.260417 0.402187 0.274306
0 0.374922 0.326250 0.343516 0.390417 0.295781 0.370556 0.332344 0.308750 0.374375 0.326250
0 0.377812 0.325417 0.404141 0.274861 0.445078 0.290694 0.423438 0.341806 0.377500 0.325694
0 0.422266 0.343472 0.394844 0.413472 0.344844 0.391667 0.376406 0.327917
0 0.424453 0.343750 0.471328 0.364306 0.449453 0.438750 0.396719 0.414861
0 0.471406 0.363750 0.424687 0.343611 0.446328 0.291389 0.489453 0.307361
0 0.564688 0.329444 0.556484 0.387917 0.508516 0.366111 0.521406 0.309028 0.564688 0.329167
0 0.556875 0.389028 0.546406 0.466944 0.490859 0.443194 0.507969 0.367500 0.556719 0.389028
0 0.606328 0.412361 0.602578 0.491806 0.548828 0.467222 0.558750 0.389722 0.606484 0.412361
0 0.608906 0.348750 0.606094 0.410000 0.559297 0.387639 0.566719 0.329583
0 0.652422 0.371944 0.655391 0.433333 0.609063 0.411667 0.610781 0.350139
0 0.657891 0.517083 0.605156 0.493472 0.608828 0.414028 0.655625 0.435417 0.657891 0.516667
1 0.265391 0.231944 0.230469 0.277083 0.197422 0.266389 0.235078 0.223889 0.265313 0.231667
1 0.266562 0.288611 0.231875 0.276944 0.266484 0.232222 0.300547 0.242083 0.266797 0.288750
1 0.305703 0.302083 0.268125 0.288889 0.301641 0.242917 0.337656 0.253611
1 0.229219 0.276944 0.187109 0.335000 0.154062 0.321528 0.195938 0.267361 0.229063 0.276944
1 0.265391 0.289861 0.225234 0.350278 0.188828 0.335556 0.230313 0.278056 0.265156 0.289306
1 0.266562 0.366806 0.226719 0.350972 0.266875 0.290000 0.304766 0.303056
1 0.403438 0.272778 0.377266 0.323194 0.333437 0.307083 0.362969 0.259861 0.403047 0.272639
1 0.376875 0.323333 0.343281 0.390694 0.296406 0.370278 0.332813 0.307361 0.376484 0.323333
1 0.445937 0.288056 0.424141 0.342083 0.377969 0.323889 0.403984 0.273333
1 0.423359 0.342361 0.395156 0.413750 0.344766 0.391389 0.377109 0.324306 0.423359 0.342083
1 0.489766 0.305278 0.472422 0.362639 0.425547 0.343056 0.447109 0.289583
1 0.471562 0.364444 0.449688 0.438750 0.396797 0.414861 0.424375 0.343333 0.471719 0.364306
1 0.564688 0.328056 0.557578 0.386389 0.508672 0.365000 0.521641 0.309028
1 0.557031 0.387639 0.546719 0.467500 0.491016 0.443194 0.508281 0.366389 0.557188 0.387639
1 0.609531 0.348194 0.608047 0.409306 0.559063 0.387361 0.566328 0.328750 0.609375 0.348333
1 0.607578 0.411528 0.604063 0.492778 0.548438 0.468194 0.558828 0.388194 0.607578 0.411389
1 0.655859 0.435000 0.658438 0.517778 0.605859 0.494028 0.609375 0.412639
1 0.652734 0.370000 0.655469 0.433472 0.609766 0.411667 0.610859 0.349861