0 0.468906 0.069722 0.480547 0.086875 0.445898 0.194931 0.436875 0.172431
0 0.493750 0.107708 0.457305 0.221181 0.446563 0.196806 0.481055 0.088403 0.493789 0.107708
0 0.508633 0.130833 0.470078 0.249653 0.458281 0.222500 0.494453 0.109236 0.508672 0.130903
0 0.525508 0.157083 0.484023 0.281806 0.470859 0.251042 0.510078 0.133056
0 0.543477 0.186736 0.499766 0.319375 0.485078 0.284861 0.526289 0.158958
0 0.444844 0.199514 0.410469 0.308472 0.403594 0.281458 0.434727 0.177778
0 0.455703 0.225208 0.420391 0.340000 0.411953 0.310417 0.445234 0.200694
0 0.468203 0.254722 0.431172 0.373264 0.421602 0.341667 0.455742 0.227847
0 0.482656 0.287500 0.442695 0.412917 0.431875 0.376111 0.469023 0.256806 0.482578 0.287292
0 0.498633 0.324861 0.456445 0.454931 0.444141 0.414375 0.483633 0.289236 0.498672 0.324931
0 0.525039 0.379653 0.507695 0.339097 0.552344 0.201944 0.573203 0.236181
0 0.597187 0.278472 0.545547 0.428819 0.525977 0.382847 0.574180 0.238750
0 0.624375 0.325208 0.568242 0.483889 0.546758 0.431111 0.597969 0.280694
0 0.524023 0.384583 0.478242 0.522917 0.463203 0.474861 0.506055 0.342292 0.523867 0.384861
0 0.544141 0.435000 0.496055 0.577361 0.479375 0.524931 0.524687 0.387500
3 0.573906 0.242431 0.572422 0.243472 0.571875 0.245903 0.572422 0.253194 0.573828 0.254236 0.575195 0.253194 0.575977 0.245903 0.575391 0.243472 0.574023 0.242431
3 0.578359 0.249375 0.577070 0.250139 0.569727 0.269375 0.568477 0.276806 0.564297 0.291111 0.559570 0.303056 0.554141 0.321181 0.552617 0.323194 0.547187 0.340486 0.544883 0.345069 0.551953 0.344375 0.554570 0.338264 0.559375 0.317292 0.567891 0.294028 0.572148 0.279236 0.573633 0.271181 0.579883 0.255208 0.580430 0.252847 0.579844 0.250347 0.578477 0.249375
1 0.509766 0.484097 0.506211 0.484931 0.507109 0.496458 0.506328 0.505069 0.505000 0.507292 0.498555 0.512639 0.498867 0.522222 0.496836 0.527639 0.492656 0.531458 0.488594 0.530764 0.485117 0.525903 0.483711 0.522569 0.483242 0.513264 0.483789 0.508264 0.489102 0.489028 0.491563 0.483125 0.499141 0.470347 0.502891 0.469444 0.501328 0.461597 0.501680 0.456875 0.509062 0.429653 0.516523 0.412153 0.520781 0.399514 0.524336 0.397431 0.526484 0.398125 0.529531 0.403125 0.530156 0.406806 0.532578 0.409653 0.534336 0.413333 0.541211 0.430486 0.541875 0.435278 0.541445 0.439167 0.538555 0.449306 0.530117 0.472361 0.524922 0.489653 0.522227 0.495278 0.518516 0.497639 0.516016 0.496806 0.514141 0.494583 0.512891 0.491250 0.512578 0.484931 0.510977 0.482847
1 0.522734 0.384861 0.485664 0.496736 0.470547 0.456528 0.504375 0.352014 0.522031 0.384375
1 0.556758 0.405208 0.558594 0.397361 0.560039 0.396250 0.562109 0.397292 0.562695 0.401181 0.561758 0.405625 0.558711 0.408681 0.557344 0.407708
1 0.535273 0.353333 0.537734 0.348125 0.538750 0.347569 0.540664 0.348611 0.541250 0.351042 0.540312 0.357708 0.539414 0.359861 0.537539 0.361528 0.536055 0.361944 0.534687 0.360972 0.534102 0.358264 0.534922 0.354306