0 0.468906 0.069722 0.480547 0.086875 0.445898 0.194931 0.436875 0.172431
0 0.493750 0.107708 0.457305 0.221181 0.446563 0.196806 0.481055 0.088403 0.493789 0.107708
0 0.508633 0.130833 0.470078 0.249653 0.458281 0.222500 0.494453 0.109236 0.508672 0.130903
0 0.525508 0.157083 0.484023 0.281806 0.470859 0.251042 0.510078 0.133056
0 0.543477 0.186736 0.499766 0.319375 0.485078 0.284861 0.526289 0.158958
0 0.444844 0.199514 0.410469 0.308472 0.403594 0.281458 0.434727 0.177778
0 0.455703 0.225208 0.420391 0.340000 0.411953 0.310417 0.445234 0.200694
0 0.468203 0.254722 0.431172 0.373264 0.421602 0.341667 0.455742 0.227847
0 0.482656 0.287500 0.442695 0.412917 0.431875 0.376111 0.469023 0.256806 0.482578 0.287292
0 0.498633 0.324861 0.456445 0.454931 0.444141 0.414375 0.483633 0.289236 0.498672 0.324931
0 0.525039 0.379653 0.507695 0.339097 0.552344 0.201944 0.573203 0.236181
0 0.597187 0.278472 0.545547 0.428819 0.525977 0.382847 0.574180 0.238750
0 0.624375 0.325208 0.568242 0.483889 0.546758 0.431111 0.597969 0.280694
0 0.524023 0.384583 0.478242 0.522917 0.463203 0.474861 0.506055 0.342292 0.523867 0.384861
0 0.544141 0.435000 0.496055 0.577361 0.479375 0.524931 0.524687 0.387500
3 0.571758 0.246806 0.572344 0.244375 0.573711 0.243333 0.575117 0.244375 0.575664 0.246806 0.575117 0.249236 0.573711 0.250278 0.572344 0.249236
3 0.575000 0.256389 0.575586 0.253958 0.576953 0.252917 0.578477 0.253958 0.579063 0.256389 0.578789 0.259792 0.573477 0.274306 0.568047 0.296736 0.559414 0.317847 0.552695 0.336806 0.550000 0.347569 0.547461 0.350903 0.546055 0.349931 0.545625 0.346181 0.547305 0.341806 0.548711 0.335139 0.556367 0.313750 0.564688 0.293194 0.569883 0.271389 0.575117 0.257500