0 0.468906 0.069722 0.480547 0.086875 0.445898 0.194931 0.436875 0.172431
0 0.493750 0.107708 0.457305 0.221181 0.446563 0.196806 0.481055 0.088403 0.493789 0.107708
0 0.508633 0.130833 0.470078 0.249653 0.458281 0.222500 0.494453 0.109236 0.508672 0.130903
0 0.525508 0.157083 0.484023 0.281806 0.470859 0.251042 0.510078 0.133056
0 0.543477 0.186736 0.499766 0.319375 0.485078 0.284861 0.526289 0.158958
0 0.444844 0.199514 0.410469 0.308472 0.403594 0.281458 0.434727 0.177778
0 0.455703 0.225208 0.420391 0.340000 0.411953 0.310417 0.445234 0.200694
0 0.468203 0.254722 0.431172 0.373264 0.421602 0.341667 0.455742 0.227847
0 0.482656 0.287500 0.442695 0.412917 0.431875 0.376111 0.469023 0.256806 0.482578 0.287292
0 0.498633 0.324861 0.456445 0.454931 0.444141 0.414375 0.483633 0.289236 0.498672 0.324931
0 0.525039 0.379653 0.507695 0.339097 0.552344 0.201944 0.573203 0.236181
0 0.597187 0.278472 0.545547 0.428819 0.525977 0.382847 0.574180 0.238750
0 0.624375 0.325208 0.568242 0.483889 0.546758 0.431111 0.597969 0.280694
0 0.524023 0.384583 0.478242 0.522917 0.463203 0.474861 0.506055 0.342292 0.523867 0.384861
0 0.544141 0.435000 0.496055 0.577361 0.479375 0.524931 0.524687 0.387500
3 0.573906 0.242431 0.572422 0.243472 0.571875 0.245903 0.572422 0.253194 0.573828 0.254236 0.575195 0.253194 0.575977 0.245903 0.575391 0.243472 0.574023 0.242431
3 0.578359 0.249375 0.577070 0.250139 0.569727 0.269375 0.568477 0.276806 0.564297 0.291111 0.559570 0.303056 0.554141 0.321181 0.552617 0.323194 0.547187 0.340486 0.544883 0.345069 0.551953 0.344375 0.554570 0.338264 0.559375 0.317292 0.567891 0.294028 0.572148 0.279236 0.573633 0.271181 0.579883 0.255208 0.580430 0.252847 0.579844 0.250347 0.578477 0.249375