0 0.468906 0.069722 0.480547 0.086875 0.445898 0.194931 0.436875 0.172431
0 0.493750 0.107708 0.457305 0.221181 0.446563 0.196806 0.481055 0.088403 0.493789 0.107708
0 0.508633 0.130833 0.470078 0.249653 0.458281 0.222500 0.494453 0.109236 0.508672 0.130903
0 0.525508 0.157083 0.484023 0.281806 0.470859 0.251042 0.510078 0.133056
0 0.543477 0.186736 0.499766 0.319375 0.485078 0.284861 0.526289 0.158958
0 0.444844 0.199514 0.410469 0.308472 0.403594 0.281458 0.434727 0.177778
0 0.455703 0.225208 0.420391 0.340000 0.411953 0.310417 0.445234 0.200694
0 0.468203 0.254722 0.431172 0.373264 0.421602 0.341667 0.455742 0.227847
0 0.482656 0.287500 0.442695 0.412917 0.431875 0.376111 0.469023 0.256806 0.482578 0.287292
0 0.498633 0.324861 0.456445 0.454931 0.444141 0.414375 0.483633 0.289236 0.498672 0.324931
0 0.525039 0.379653 0.507695 0.339097 0.552344 0.201944 0.573203 0.236181
0 0.597187 0.278472 0.545547 0.428819 0.525977 0.382847 0.574180 0.238750
0 0.624375 0.325208 0.568242 0.483889 0.546758 0.431111 0.597969 0.280694
0 0.524023 0.384583 0.478242 0.522917 0.463203 0.474861 0.506055 0.342292 0.523867 0.384861
0 0.544141 0.435000 0.496055 0.577361 0.479375 0.524931 0.524687 0.387500
3 0.571758 0.246806 0.572344 0.244375 0.573711 0.243333 0.575117 0.244375 0.575664 0.246806 0.575117 0.249236 0.573711 0.250278 0.572344 0.249236
3 0.575000 0.256389 0.575586 0.253958 0.576953 0.252917 0.578477 0.253958 0.579063 0.256389 0.578789 0.259792 0.573477 0.274306 0.568047 0.296736 0.559414 0.317847 0.552695 0.336806 0.550000 0.347569 0.547461 0.350903 0.546055 0.349931 0.545625 0.346181 0.547305 0.341806 0.548711 0.335139 0.556367 0.313750 0.564688 0.293194 0.569883 0.271389 0.575117 0.257500
1 0.518984 0.385903 0.518437 0.392222 0.517031 0.395625 0.517031 0.404514 0.515742 0.409306 0.512656 0.416319 0.506445 0.424792 0.499258 0.438681 0.497461 0.440764 0.495234 0.441528 0.491992 0.439792 0.489883 0.435347 0.485742 0.437569 0.483437 0.436736 0.481563 0.434514 0.480312 0.431181 0.479883 0.427153 0.479883 0.419167 0.481133 0.410764 0.493945 0.379375 0.498125 0.365139 0.500156 0.355486 0.501445 0.352708 0.505273 0.350139 0.508789 0.352222 0.510898 0.357431 0.514570 0.371250 0.518477 0.381667
1 0.538672 0.447639 0.535313 0.452083 0.522461 0.455417 0.514961 0.459444 0.511484 0.463542 0.508633 0.464861 0.506367 0.464097 0.504492 0.461806 0.503242 0.458542 0.502773 0.454444 0.503633 0.449028 0.506094 0.444861 0.506133 0.437847 0.511914 0.422083 0.517070 0.401458 0.520469 0.393819 0.523438 0.392361 0.525742 0.393194 0.527617 0.395417 0.528867 0.398750 0.529648 0.407500 0.540469 0.428542 0.541875 0.438056 0.541406 0.442292 0.540039 0.445694
1 0.565195 0.395972 0.567500 0.396806 0.569375 0.399028 0.570625 0.402361 0.571055 0.406389 0.570547 0.410764 0.567383 0.420347 0.572773 0.426736 0.579180 0.438403 0.580391 0.446181 0.579297 0.453681 0.570977 0.476736 0.567930 0.479653 0.560430 0.464514 0.555508 0.449792 0.550898 0.440764 0.549766 0.437569 0.549336 0.433750 0.550078 0.426181 0.555977 0.413542 0.558945 0.403403 0.562461 0.397014 0.565078 0.395972
1 0.539844 0.351250 0.542109 0.352083 0.543984 0.354306 0.545234 0.357639 0.545664 0.365208 0.546719 0.367917 0.550703 0.376111 0.557266 0.382986 0.558633 0.389444 0.545430 0.420139 0.542031 0.418264 0.538398 0.407986 0.535352 0.403194 0.530117 0.391806 0.528633 0.387431 0.527891 0.382431 0.528125 0.377847 0.529844 0.371875 0.533125 0.364236 0.534492 0.357361 0.535742 0.354236 0.537578 0.352083