0 0.290313 0.026250 0.346484 0.126944 0.355703 0.172083 0.297578 0.070139 0.290391 0.026667
0 0.357266 0.177361 0.369844 0.231944 0.308359 0.124583 0.298984 0.073472 0.357266 0.177778
0 0.371250 0.237917 0.385625 0.299028 0.320391 0.187917 0.309297 0.128611
0 0.395547 0.222639 0.407969 0.272639 0.357969 0.176667 0.348438 0.131389 0.395156 0.222083
0 0.408281 0.275833 0.423672 0.334583 0.371875 0.236667 0.359609 0.182361 0.408437 0.275833
0 0.423906 0.338333 0.440859 0.406250 0.388437 0.306111 0.374688 0.244583 0.424141 0.338333
0 0.401562 0.389861 0.419609 0.474444 0.341172 0.363194 0.327422 0.275556 0.401328 0.389861
0 0.421484 0.481250 0.441875 0.576528 0.360312 0.473333 0.342500 0.368750 0.421719 0.480833
0 0.443438 0.584861 0.467656 0.691111 0.382891 0.598472 0.361484 0.479306 0.443438 0.583889
0 0.503828 0.668194 0.526094 0.760417 0.469375 0.694167 0.446641 0.590000 0.503672 0.667917
0 0.481641 0.575694 0.501719 0.660556 0.444531 0.581944 0.425000 0.488472 0.481875 0.575833
0 0.406250 0.397361 0.461562 0.491250 0.479609 0.567778 0.423359 0.480556 0.405625 0.396667
0 0.524375 0.949167 0.444453 0.900972 0.420469 0.753889 0.503203 0.830417
0 0.557266 0.882361 0.575703 0.980000 0.525781 0.948333 0.504609 0.830000 0.557422 0.882361
0 0.461562 0.998750 0.446172 0.908056 0.525625 0.954861 0.533281 0.998750
0 0.535000 0.999722 0.527500 0.955000 0.577344 0.985139 0.579922 0.999861
1 0.498437 0.870972 0.502266 0.874722 0.497500 0.879722 0.495000 0.875000 0.498203 0.870972
1 0.522031 0.937083 0.523984 0.949722 0.518594 0.945694 0.520469 0.941667
1 0.386406 0.524861 0.388125 0.521806 0.389688 0.524583 0.387969 0.527639
1 0.426172 0.616667 0.427734 0.612361 0.430469 0.614861 0.429922 0.619583 0.427422 0.619306
1 0.413203 0.512222 0.414766 0.509444 0.416328 0.512222 0.414766 0.515000
1 0.532813 0.870139 0.530078 0.872917 0.527813 0.867778 0.530156 0.864583 0.532734 0.869028
1 0.540391 0.955972 0.541016 0.948750 0.548984 0.952500 0.547969 0.946806 0.551250 0.945000 0.553516 0.947639 0.554922 0.957361 0.568828 0.965694 0.570781 0.953611 0.575781 0.980417 0.540391 0.957917
1 0.429297 0.443472 0.422031 0.442083 0.419844 0.449444 0.420391 0.470000 0.422422 0.478333 0.421016 0.476806 0.405000 0.394167 0.430625 0.436806
1 0.438203 0.528750 0.439766 0.531528 0.439297 0.538194 0.437734 0.540972 0.436172 0.538194 0.436172 0.533333 0.438203 0.528750
1 0.358984 0.171944 0.360547 0.169167 0.361875 0.170139 0.366797 0.179306 0.364453 0.181806 0.359922 0.174583
1 0.364922 0.204583 0.366484 0.201806 0.370391 0.208472 0.368672 0.211250 0.365078 0.205694