0 0.205547 0.508056 0.252500 0.497917 0.241953 0.593194 0.189922 0.603472 0.205391 0.507778
0 0.304219 0.486111 0.301172 0.580278 0.244219 0.591667 0.254141 0.497222
0 0.362891 0.565694 0.303437 0.578889 0.306641 0.485417 0.358984 0.474028 0.362656 0.565417
0 0.363125 0.568333 0.370391 0.697222 0.301484 0.710694 0.303437 0.582222 0.363281 0.568056
0 0.300469 0.583333 0.298203 0.713889 0.233828 0.724167 0.244531 0.594861
0 0.241016 0.596528 0.230703 0.723889 0.172500 0.730694 0.189766 0.606528
0 0.466719 0.451250 0.485391 0.540972 0.423281 0.553750 0.412812 0.461944 0.466328 0.451528
0 0.485469 0.542778 0.510781 0.668333 0.439375 0.685556 0.423672 0.555417
0 0.521797 0.440972 0.548516 0.527083 0.487812 0.539861 0.468906 0.450556 0.521797 0.441111
0 0.581328 0.646528 0.513437 0.666389 0.488516 0.541806 0.548438 0.527917 0.581250 0.646250
0 0.648359 0.626667 0.583906 0.646528 0.551328 0.527917 0.608281 0.515278 0.647891 0.626250
0 0.575859 0.431806 0.607578 0.512500 0.550859 0.526389 0.524297 0.440972 0.575859 0.431944
0 0.658203 0.427500 0.699141 0.505833 0.649922 0.520139 0.612109 0.436528
0 0.701562 0.418333 0.743906 0.491389 0.701328 0.505417 0.660469 0.426250 0.701641 0.417917
0 0.741328 0.409167 0.785156 0.479722 0.746094 0.490694 0.703828 0.417361
0 0.700234 0.507778 0.748203 0.610833 0.697109 0.633194 0.651563 0.522222 0.700469 0.507639
0 0.746094 0.494583 0.795391 0.588750 0.750234 0.609583 0.702422 0.507361 0.746094 0.494444
0 0.786250 0.481667 0.837187 0.570417 0.797656 0.588333 0.748203 0.493889 0.786328 0.481389