0 0.235625 0.223472 0.266094 0.232083 0.230234 0.276944 0.196875 0.267222 0.235625 0.222778
0 0.300078 0.242500 0.266719 0.288611 0.231953 0.277639 0.267109 0.232778 0.300312 0.242500
0 0.305312 0.303889 0.269609 0.289306 0.301641 0.244167 0.337578 0.254167
0 0.186719 0.335556 0.154141 0.322500 0.195859 0.268611 0.227891 0.279028
0 0.264453 0.290556 0.225156 0.350417 0.188906 0.336250 0.230391 0.280000
0 0.265703 0.366667 0.227891 0.350833 0.265703 0.291806 0.303984 0.304861
0 0.402031 0.274583 0.375391 0.324861 0.333672 0.307083 0.363750 0.260417 0.402187 0.274306
0 0.374922 0.326250 0.343516 0.390417 0.295781 0.370556 0.332344 0.308750 0.374375 0.326250
0 0.377812 0.325417 0.404141 0.274861 0.445078 0.290694 0.423438 0.341806 0.377500 0.325694
0 0.422266 0.343472 0.394844 0.413472 0.344844 0.391667 0.376406 0.327917
0 0.424453 0.343750 0.471328 0.364306 0.449453 0.438750 0.396719 0.414861
0 0.471406 0.363750 0.424687 0.343611 0.446328 0.291389 0.489453 0.307361
0 0.564688 0.329444 0.556484 0.387917 0.508516 0.366111 0.521406 0.309028 0.564688 0.329167
0 0.556875 0.389028 0.546406 0.466944 0.490859 0.443194 0.507969 0.367500 0.556719 0.389028
0 0.606328 0.412361 0.602578 0.491806 0.548828 0.467222 0.558750 0.389722 0.606484 0.412361
0 0.608906 0.348750 0.606094 0.410000 0.559297 0.387639 0.566719 0.329583
0 0.652422 0.371944 0.655391 0.433333 0.609063 0.411667 0.610781 0.350139
0 0.657891 0.517083 0.605156 0.493472 0.608828 0.414028 0.655625 0.435417 0.657891 0.516667
1 0.234531 0.223750 0.266172 0.232361 0.230234 0.278472 0.197891 0.267778
1 0.267266 0.232639 0.300391 0.243056 0.267266 0.289028 0.232187 0.277778 0.267422 0.232361
1 0.337344 0.253889 0.305469 0.302917 0.269062 0.289028 0.300625 0.244722
1 0.228281 0.279028 0.187422 0.335417 0.155078 0.322222 0.195938 0.269028 0.227734 0.278889
1 0.264453 0.291111 0.224844 0.350972 0.188672 0.335556 0.230234 0.280139
1 0.304063 0.305000 0.266719 0.367083 0.227266 0.350972 0.266328 0.292222 0.303984 0.304861
1 0.402344 0.274306 0.375937 0.324306 0.332656 0.308333 0.363359 0.260833 0.401953 0.274306
1 0.375391 0.325833 0.343594 0.391111 0.296563 0.370972 0.332422 0.308889 0.374688 0.325694
1 0.377109 0.325833 0.422969 0.343333 0.394687 0.413611 0.345078 0.391528
1 0.423828 0.341806 0.378125 0.324444 0.402969 0.275417 0.445625 0.289722
1 0.489141 0.307222 0.471953 0.362778 0.425391 0.342917 0.447031 0.290694 0.488906 0.306944
1 0.471797 0.363333 0.449062 0.439028 0.396719 0.414861 0.424687 0.343750 0.471641 0.363472
1 0.564297 0.329444 0.556562 0.387500 0.508437 0.366389 0.521406 0.310278 0.564375 0.329306
1 0.556875 0.389167 0.546484 0.466528 0.491797 0.442500 0.508437 0.367500
1 0.603594 0.492917 0.548906 0.468194 0.558750 0.390556 0.606094 0.412222
1 0.608906 0.349861 0.606484 0.411389 0.559219 0.389444 0.566563 0.330556 0.608984 0.349861
1 0.652656 0.370833 0.655078 0.434861 0.609141 0.413194 0.610938 0.350556 0.652578 0.370833
1 0.655078 0.434861 0.657344 0.517361 0.606016 0.493194 0.608906 0.413889 0.655078 0.435278