0 0.308477 0.273889 0.264609 0.327431 0.170664 0.351181 0.229102 0.295694 0.308477 0.273264
0 0.263125 0.328750 0.185312 0.423264 0.074883 0.450903 0.169141 0.352569 0.262891 0.328472
0 0.225469 0.296944 0.166875 0.351875 0.091953 0.374653 0.157930 0.320486
0 0.162812 0.355000 0.069609 0.452222 0.000000 0.471597 0.000000 0.465833 0.087266 0.377708 0.162734 0.354583
0 0.000000 0.421597 0.024102 0.400000 0.083320 0.379306 0.000000 0.461528 0.000352 0.421319
0 0.086836 0.376736 0.027773 0.396875 0.093711 0.344861 0.155313 0.321111 0.086563 0.376736
0 0.374258 0.270139 0.464023 0.253403 0.467227 0.288819 0.349805 0.310972 0.374258 0.269792
0 0.467891 0.289375 0.476133 0.373333 0.304375 0.406667 0.347695 0.314097 0.467891 0.289653
0 0.560078 0.241319 0.593906 0.272986 0.473555 0.287917 0.468711 0.252847
0 0.654336 0.349028 0.482930 0.370556 0.473828 0.288958 0.594727 0.274097 0.654570 0.349028
0 0.649844 0.234931 0.705000 0.265972 0.598125 0.272222 0.564102 0.240764
0 0.707461 0.265972 0.802031 0.340139 0.662617 0.349653 0.598789 0.272639
0 0.777227 0.244514 0.850977 0.282500 0.775781 0.275903 0.713164 0.241111 0.777539 0.244861
0 0.957656 0.354306 0.956367 0.353472 0.956953 0.353472
0 0.956367 0.353472 0.879844 0.350556 0.779922 0.278125 0.852578 0.283472
0 1.000000 0.344097 1.000000 0.357153 0.964219 0.355208 0.862031 0.284792 0.920273 0.291458
0 0.916758 0.290069 0.855547 0.283819 0.785742 0.245486 0.841680 0.251250 0.917422 0.290069
1 0.492617 0.252569 0.499727 0.252500 0.519609 0.248819 0.521563 0.249653 0.527305 0.247569 0.537773 0.247153 0.539727 0.248611 0.540508 0.252014 0.539727 0.255486 0.537773 0.256875 0.527109 0.257708 0.525859 0.260139 0.524297 0.261042 0.513750 0.261042 0.504453 0.265000 0.513750 0.264306 0.515664 0.262917 0.527773 0.262153 0.529648 0.260833 0.558047 0.260833 0.560117 0.262431 0.561016 0.266111 0.560234 0.269514 0.556250 0.272153 0.533828 0.277569 0.508672 0.278403 0.498437 0.282569 0.479805 0.282986 0.477734 0.281319 0.476836 0.277708 0.477344 0.269375 0.473945 0.263125 0.470859 0.261667 0.470078 0.258264 0.470859 0.254792 0.472813 0.253403 0.492578 0.252569
1 0.483945 0.303056 0.484609 0.299861 0.491992 0.292222 0.498711 0.290694 0.512188 0.290347 0.518008 0.288264 0.524141 0.287708 0.525664 0.288611 0.530586 0.286736 0.538672 0.285764 0.561016 0.286250 0.562969 0.287708 0.563750 0.291111 0.562812 0.294653 0.562461 0.300278 0.559375 0.303403 0.558164 0.303403 0.557383 0.307500 0.545547 0.311806 0.541016 0.317569 0.533906 0.321806 0.523867 0.321806 0.522031 0.320556 0.520234 0.321806 0.518125 0.320069 0.516328 0.321319 0.514414 0.319931 0.513594 0.316597 0.512617 0.318889 0.511016 0.319792 0.501367 0.317014 0.495352 0.317361 0.493711 0.316389 0.492734 0.313889 0.489219 0.313889 0.485586 0.311944 0.484766 0.306458
1 0.494297 0.341319 0.495234 0.337639 0.497031 0.335972 0.501250 0.335486 0.502812 0.332778 0.504297 0.331944 0.517148 0.328472 0.527227 0.328472 0.529609 0.330972 0.531953 0.328472 0.533633 0.329514 0.535313 0.328472 0.537266 0.329931 0.539219 0.328472 0.545937 0.328958 0.551211 0.331389 0.552031 0.334861 0.551211 0.338264 0.545117 0.340694 0.540586 0.340347 0.539766 0.343750 0.537852 0.345139 0.525820 0.344931 0.518828 0.347639 0.507656 0.347639 0.503008 0.345833 0.497031 0.346181 0.495078 0.344722
1 0.372461 0.277222 0.373242 0.273750 0.375195 0.272361 0.386172 0.270347 0.386875 0.267431 0.389727 0.265417 0.393867 0.266319 0.394844 0.268681 0.395703 0.265625 0.397539 0.264375 0.435820 0.262431 0.437773 0.263819 0.438555 0.267292 0.437773 0.270694 0.434102 0.272083 0.434375 0.274236 0.433750 0.276944 0.443398 0.277292 0.445312 0.278750 0.446133 0.282153 0.445469 0.285347 0.443828 0.286944 0.431094 0.294514 0.418047 0.295972 0.412070 0.298958 0.407305 0.299444 0.403125 0.301458 0.377578 0.301806 0.368750 0.305417 0.363164 0.305417 0.361250 0.303958 0.360430 0.300556 0.362930 0.293125 0.366797 0.290694 0.371328 0.289583 0.370508 0.286111 0.371094 0.282569 0.372617 0.280903 0.372891 0.279028
1 0.356289 0.324306 0.369648 0.318819 0.375781 0.318056 0.386406 0.313889 0.409336 0.308403 0.447344 0.308403 0.452930 0.309375 0.456250 0.311806 0.457617 0.317708 0.456250 0.323611 0.455312 0.324306 0.456211 0.329167 0.455117 0.336319 0.450820 0.347292 0.445586 0.355417 0.430742 0.370903 0.422461 0.374722 0.417383 0.378542 0.399531 0.386181 0.385195 0.388681 0.376055 0.392431 0.367969 0.392431 0.351328 0.397500 0.336367 0.398889 0.333281 0.400625 0.329453 0.398681 0.326328 0.392639 0.325273 0.387292 0.324961 0.376389 0.325625 0.372153 0.330859 0.356042 0.343125 0.330764 0.347930 0.324444 0.352578 0.322778 0.355625 0.324792
1 0.128867 0.411042 0.126953 0.410278 0.124180 0.405069 0.123906 0.402222 0.124727 0.397500 0.135742 0.382083 0.151680 0.367708 0.156562 0.365556 0.162852 0.365486 0.178906 0.360069 0.180742 0.360694 0.183242 0.365139 0.183242 0.372153 0.180742 0.376597 0.170820 0.380208 0.155625 0.383125 0.140273 0.396667 0.130703 0.410347
1 0.102969 0.424583 0.103750 0.419861 0.105820 0.416875 0.108203 0.415694 0.113242 0.414722 0.115508 0.415764 0.118242 0.414236 0.130547 0.413264 0.132461 0.413958 0.134023 0.415903 0.136680 0.424375 0.137461 0.430000 0.137031 0.433611 0.134258 0.438542 0.132227 0.439375 0.118398 0.439236 0.114336 0.441319 0.111016 0.438889 0.110039 0.436250 0.109648 0.432292 0.105820 0.432222 0.103320 0.427778
1 0.185586 0.340139 0.186016 0.337778 0.187109 0.336250 0.191133 0.332569 0.193828 0.331875 0.201133 0.327014 0.206602 0.325972 0.211836 0.322500 0.233750 0.318750 0.236406 0.321042 0.236875 0.323611 0.236445 0.327014 0.232773 0.329861 0.232383 0.332500 0.230078 0.334653 0.214922 0.336389 0.199023 0.341875 0.191406 0.341528 0.187930 0.344306 0.186289 0.343125
1 0.223047 0.307361 0.223398 0.304861 0.225195 0.301875 0.231797 0.297708 0.237812 0.297361 0.239492 0.298542 0.240156 0.301528 0.239492 0.304444 0.237812 0.305694 0.235195 0.305000 0.232148 0.306042 0.228086 0.308403 0.225391 0.311528 0.223750 0.310347
1 0.156211 0.359444 0.154688 0.359931 0.155859 0.359444
1 0.154688 0.359931 0.138359 0.366042 0.131172 0.373958 0.127891 0.379514 0.109648 0.393958 0.105586 0.401597 0.089648 0.408472 0.084805 0.412639 0.078203 0.420556 0.068125 0.424028 0.061133 0.427778 0.061133 0.430903 0.064609 0.432986 0.064023 0.438819 0.058008 0.444375 0.049492 0.442986 0.047344 0.441597 0.033555 0.441250 0.027930 0.437778 0.088477 0.378472
1 0.014453 0.454375 0.015000 0.451667 0.018672 0.447500 0.021250 0.447083 0.023633 0.448958 0.023984 0.453611 0.022617 0.456042 0.019102 0.458542 0.016797 0.458542 0.015117 0.457292
1 0.003398 0.439931 0.000273 0.439931 0.000000 0.438264 0.000000 0.435417 0.000000 0.432431 0.000469 0.429167 0.003984 0.428472 0.005625 0.429653 0.006328 0.433333 0.004648 0.439236
1 0.009414 0.428472 0.010078 0.424861 0.011758 0.423611 0.014648 0.423750 0.016094 0.425556 0.019531 0.420903 0.026875 0.416042 0.028555 0.417292 0.029219 0.420208 0.028828 0.422500 0.026797 0.425208 0.021367 0.428819 0.016836 0.434931 0.012305 0.437847 0.008906 0.436597 0.008242 0.433333 0.009414 0.428819
1 0.033086 0.411944 0.034414 0.408125 0.038047 0.404514 0.039883 0.402917 0.041523 0.404167 0.042227 0.407431 0.041445 0.410556 0.035625 0.416111 0.033750 0.414861
1 0.011523 0.418472 0.012227 0.415556 0.017969 0.411250 0.020000 0.412431 0.020664 0.415347 0.019805 0.418681 0.016055 0.421875 0.013867 0.422639 0.012227 0.421458
1 0.165430 0.337639 0.166484 0.339167 0.166875 0.341528 0.166133 0.344653 0.159609 0.348542 0.151367 0.355764 0.145391 0.358611 0.132227 0.361319 0.129453 0.364653 0.122969 0.365139 0.117617 0.367014 0.116094 0.365972 0.108906 0.369583 0.106602 0.368333 0.105898 0.365417 0.106523 0.362569 0.119102 0.352917 0.122891 0.348611 0.139961 0.336597 0.147812 0.334861 0.149219 0.328958 0.154297 0.323611 0.167617 0.318958 0.169258 0.320208 0.169961 0.323125 0.169258 0.326111 0.168594 0.326319 0.167070 0.335972 0.165234 0.337639
1 0.042930 0.386319 0.043242 0.384236 0.044766 0.381875 0.048594 0.378403 0.048594 0.375625 0.050039 0.372917 0.057539 0.369236 0.072656 0.364653 0.074297 0.365903 0.074961 0.369514 0.075938 0.369653 0.076641 0.369514 0.077305 0.365903 0.078984 0.364653 0.084102 0.364236 0.087344 0.364236 0.088984 0.365417 0.089688 0.368403 0.088789 0.371944 0.086016 0.375625 0.082070 0.378750 0.078047 0.378750 0.069414 0.381667 0.061875 0.382361 0.056875 0.384028 0.055352 0.386042 0.050391 0.386181 0.046133 0.389792 0.043633 0.389306
1 0.119258 0.336181 0.126289 0.333542 0.127930 0.334722 0.128633 0.337708 0.127891 0.340764 0.126914 0.341875 0.107266 0.355764 0.099883 0.358403 0.088281 0.360556 0.085703 0.360556 0.084062 0.359306 0.083359 0.356389 0.083906 0.353750 0.088555 0.349722 0.116172 0.338333 0.119063 0.336181