0 0.617695 0.361181 0.611523 0.410069 0.579453 0.324306 0.587109 0.275417 0.617578 0.360694
0 0.642227 0.440000 0.636992 0.487500 0.612187 0.412708 0.618672 0.364097 0.642109 0.440000
0 0.636758 0.489514 0.630586 0.540417 0.604844 0.466667 0.611719 0.414653
0 0.630586 0.543194 0.624375 0.597361 0.597305 0.526389 0.604180 0.469861 0.630469 0.543194
0 0.611094 0.412222 0.604063 0.464722 0.570469 0.379722 0.578984 0.327986 0.611055 0.412361
0 0.603867 0.466875 0.596094 0.522569 0.560742 0.439444 0.570156 0.382569 0.603984 0.467014
0 0.594727 0.569097 0.586250 0.629028 0.549844 0.552569 0.559570 0.489097 0.594609 0.568403
0 0.623359 0.638264 0.615781 0.696250 0.587227 0.631806 0.596133 0.570972 0.623477 0.638264
0 0.585938 0.632292 0.576641 0.694375 0.538750 0.622917 0.549609 0.555625
0 0.615273 0.698681 0.607344 0.756875 0.577852 0.697639 0.587344 0.634861 0.615234 0.698681
0 0.576367 0.698542 0.566836 0.763889 0.527187 0.697153 0.538516 0.626319
0 0.606602 0.760000 0.598047 0.818472 0.567734 0.766111 0.577500 0.701250 0.606836 0.759931
0 0.565742 0.814097 0.555391 0.878542 0.515898 0.821736 0.528164 0.750139 0.566289 0.813403
0 0.596758 0.865347 0.587461 0.925694 0.557109 0.881181 0.567656 0.815486 0.597031 0.865347
0 0.554375 0.883056 0.543125 0.948264 0.502656 0.899583 0.515078 0.827222 0.554688 0.882847
0 0.586562 0.929028 0.576602 0.988194 0.545391 0.950417 0.556602 0.884931
0 0.542617 0.953264 0.534414 0.999792 0.512969 1.000000 0.488711 0.977778 0.501523 0.903889 0.542617 0.952847
0 0.574844 1.000000 0.536680 0.999792 0.544844 0.955208 0.575977 0.991806 0.574609 0.999583
1 0.611328 0.408819 0.579531 0.323472 0.587617 0.275764 0.617695 0.360417
1 0.610938 0.411667 0.604219 0.463681 0.570781 0.379583 0.579258 0.327569 0.611055 0.411667
1 0.595156 0.509167 0.593281 0.504861 0.591797 0.498194 0.588438 0.493125 0.584805 0.485208 0.580469 0.471319 0.576836 0.466528 0.574141 0.466319 0.560664 0.439444 0.570352 0.384375 0.603672 0.467292 0.597187 0.510139
1 0.641875 0.439097 0.636484 0.486111 0.612383 0.411806 0.618555 0.365069 0.642148 0.439861
1 0.636094 0.490903 0.630547 0.540000 0.605352 0.466944 0.611953 0.416389 0.636367 0.490417
1 0.624102 0.595347 0.597266 0.524931 0.604961 0.470972 0.630312 0.543333