0 0.999826 0.210571 1.000000 0.562423 0.957595 0.715586 0.842491 0.592670 0.904470 0.393056 0.952778 0.184182
0 0.951606 0.734414 0.930295 0.800926 0.893273 0.903241 0.850608 0.998380 0.669878 0.999846 0.699653 0.942052 0.767708 0.792438 0.837717 0.606404 0.951606 0.733796
0 0.832552 0.599923 0.781858 0.739429 0.720660 0.881096 0.665538 0.997762 0.628125 0.999228 0.574609 0.883410 0.733203 0.502006 0.831771 0.600772
0 0.729991 0.497840 0.570226 0.877778 0.517144 0.756173 0.653950 0.424923 0.729644 0.497145
0 0.649696 0.423302 0.514844 0.753009 0.474609 0.659491 0.590321 0.368519 0.649349 0.422762
0 0.584939 0.363194 0.470616 0.650463 0.440712 0.577238 0.540755 0.326312 0.584635 0.363117
0 0.438802 0.572608 0.417014 0.520448 0.504470 0.296836 0.537717 0.325231
0 0.501997 0.296065 0.415582 0.516744 0.397396 0.473688 0.475434 0.274074 0.501736 0.295602
0 0.396224 0.470370 0.382943 0.434722 0.452821 0.255478 0.474045 0.272840
0 0.948741 0.182639 0.927387 0.278549 0.899609 0.387269 0.837630 0.586883 0.740234 0.489660 0.853342 0.140509 0.947526 0.182716
0 0.849566 0.140278 0.820703 0.232099 0.771745 0.381713 0.734158 0.486651 0.656033 0.414583 0.767708 0.112886 0.849566 0.139738
0 0.763542 0.113426 0.712066 0.254784 0.652691 0.411034 0.595009 0.359105 0.697656 0.099151
0 0.690885 0.092207 0.588585 0.355093 0.545573 0.318827 0.637240 0.085262 0.690625 0.092747
0 0.634852 0.085725 0.542882 0.316358 0.508160 0.289892 0.593663 0.082022 0.634852 0.085340
0 0.590625 0.082022 0.505122 0.285340 0.479253 0.266281 0.556120 0.079552 0.590625 0.081173
0 0.553950 0.080478 0.476302 0.265741 0.455599 0.249306 0.526128 0.079630
0 0.521224 0.076466 0.450174 0.245139 0.433507 0.231327 0.497917 0.078164
0 0.496788 0.078549 0.433073 0.230710 0.417882 0.220910 0.477734 0.078549 0.496788 0.078858
0 0.476259 0.078858 0.416276 0.220602 0.404297 0.212886 0.459592 0.080324
0 0.459288 0.080324 0.403819 0.211960 0.393446 0.204552 0.445356 0.080864 0.458464 0.080324
0 0.392014 0.203549 0.383333 0.196373 0.431858 0.079938 0.443663 0.079321
0 0.431207 0.080556 0.382899 0.194367 0.375608 0.189198 0.420660 0.080787 0.431076 0.080324
0 0.419618 0.081944 0.374696 0.188349 0.368533 0.183410 0.410547 0.082562 0.419748 0.081713
0 0.409766 0.082716 0.367274 0.184182 0.361675 0.179630 0.402127 0.082948 0.409766 0.082562
0 0.447352 0.251157 0.378082 0.429552 0.367578 0.401235 0.430686 0.238040
0 0.416102 0.227006 0.429514 0.238040 0.367188 0.399537 0.358073 0.376775 0.416102 0.226620
0 0.414800 0.225772 0.356944 0.375926 0.349262 0.355633 0.402951 0.216204
0 0.402040 0.216358 0.348307 0.355556 0.341363 0.338040 0.391840 0.208333 0.402040 0.216127
0 0.341059 0.336574 0.335373 0.320448 0.381814 0.200000 0.391189 0.206867
0 0.381814 0.198765 0.335026 0.319059 0.330425 0.305633 0.373958 0.193056 0.381510 0.199228
0 0.367231 0.188194 0.373394 0.193210 0.329905 0.304861 0.325781 0.293287 0.367101 0.188194
0 0.360720 0.182407 0.366493 0.187809 0.325260 0.291667 0.321441 0.283102
0 0.401780 0.048843 0.379948 0.097454 0.372526 0.097454 0.393403 0.051003 0.401780 0.048380
0 0.392752 0.051620 0.372309 0.096991 0.366536 0.097068 0.386502 0.052855
0 0.379080 0.098611 0.357465 0.151775 0.351693 0.149151 0.372222 0.098380 0.378993 0.098611
0 0.366102 0.097917 0.371701 0.098611 0.351736 0.148843 0.346484 0.147145 0.366102 0.097762
0 0.350564 0.150077 0.330686 0.200000 0.327431 0.194985 0.346398 0.147454
0 0.356771 0.153549 0.336328 0.208179 0.331120 0.200926 0.350911 0.150386 0.356858 0.153549
0 0.335156 0.207639 0.314323 0.264583 0.312066 0.254167 0.330903 0.201543
0 0.326953 0.196528 0.330339 0.202006 0.311849 0.253935 0.309679 0.244367 0.326953 0.196451
1 0.847439 0.556867 0.836806 0.588272 0.738976 0.488889 0.743837 0.477160 0.747092 0.471528 0.747656 0.465509 0.749392 0.462654 0.750087 0.459568 0.753168 0.457330 0.755339 0.458333 0.757118 0.462037 0.762326 0.463889 0.762847 0.467670 0.764236 0.470679 0.768273 0.473920 0.775521 0.485185 0.779514 0.488735 0.786762 0.492670 0.791884 0.502160 0.798437 0.507022 0.802257 0.512037 0.807335 0.514506 0.813845 0.521373 0.820312 0.536111 0.823307 0.540818 0.832335 0.549074 0.837804 0.551080 0.846311 0.551080 0.849653 0.552469
1 0.734158 0.488812 0.656901 0.416590 0.661111 0.402238 0.662283 0.400926 0.663715 0.393981 0.665972 0.389429 0.670313 0.387886 0.674175 0.390741 0.678472 0.388349 0.681293 0.390201 0.685156 0.401852 0.686372 0.408565 0.689410 0.410802 0.697439 0.411960 0.702778 0.416744 0.706163 0.423611 0.712413 0.430633 0.716493 0.437963 0.716797 0.443596 0.719314 0.450309 0.721788 0.451620 0.727995 0.447917 0.732292 0.447531 0.738585 0.451080 0.742795 0.451620 0.745443 0.450077 0.750087 0.443827
1 0.658420 0.397685 0.652083 0.413040 0.594792 0.361728 0.599957 0.348380 0.603255 0.347454 0.607292 0.343827 0.611892 0.343827 0.614627 0.345293 0.615885 0.351312 0.618967 0.353549 0.621745 0.352469 0.629644 0.359645 0.640451 0.365046 0.643620 0.370910 0.646571 0.373920 0.659809 0.375231 0.662240 0.381713 0.664236 0.383102 0.658420 0.396914
3 0.675825 0.105556 0.677648 0.107948 0.679036 0.103704 0.680512 0.102701 0.682031 0.103858 0.682682 0.107407 0.679036 0.118364 0.677431 0.119599 0.675651 0.118056 0.674045 0.124074 0.663021 0.149846 0.661892 0.150386 0.660373 0.149228 0.659722 0.146528 0.660069 0.144522 0.670269 0.119830 0.674349 0.106327 0.675738 0.105556
1 0.588628 0.356559 0.543446 0.319753 0.569922 0.254090 0.566189 0.267515 0.560417 0.284182 0.561502 0.288735 0.561502 0.296065 0.564627 0.301389 0.567969 0.302315 0.570920 0.306327 0.589193 0.313040 0.593750 0.320525 0.595095 0.321373 0.593880 0.327006 0.593750 0.332022 0.595139 0.338580
1 0.542925 0.318441 0.507812 0.289815 0.532205 0.229321 0.524306 0.265509 0.525651 0.264969 0.529297 0.269522 0.530729 0.273071 0.530903 0.277160 0.534939 0.277315 0.538151 0.275000 0.546962 0.278009 0.546224 0.282716 0.547439 0.284028 0.547917 0.286497 0.546701 0.289969 0.548177 0.289352 0.549957 0.291049 0.550260 0.289969 0.552995 0.290972
1 0.547049 0.211343 0.547917 0.209799 0.548785 0.211343 0.547266 0.215355 0.546398 0.213812 0.547092 0.211420
1 0.527214 0.257485 0.528733 0.253781 0.530425 0.252932 0.531684 0.254707 0.531944 0.257099 0.533637 0.258642 0.532769 0.260185 0.530686 0.258796 0.528082 0.259028
1 0.535156 0.251003 0.536111 0.246219 0.536806 0.245602 0.537674 0.247145 0.536024 0.252546
1 0.505339 0.289969 0.477431 0.269676 0.525130 0.152469 0.548958 0.098380 0.548481 0.103472 0.549523 0.102546 0.550477 0.103241 0.550651 0.106096 0.549436 0.107485 0.548264 0.106173 0.543533 0.115355 0.543750 0.124769 0.542752 0.126543 0.539497 0.127701 0.537153 0.131096 0.532943 0.144753 0.534332 0.147068 0.533160 0.151929 0.532248 0.152623 0.524783 0.173457 0.524132 0.177238 0.527040 0.180247 0.527474 0.184877 0.521137 0.197377 0.516189 0.198071 0.510373 0.206867 0.509462 0.212037 0.507118 0.215355 0.504123 0.223843 0.500477 0.230170 0.500911 0.232948 0.498655 0.243364 0.495747 0.251543 0.495877 0.253781 0.498828 0.247531 0.501172 0.246142 0.503776 0.248920 0.504036 0.252778 0.508724 0.248380 0.510460 0.249769 0.511111 0.257485 0.512153 0.259491 0.513889 0.257948 0.514931 0.258719 0.517925 0.249151 0.519488 0.248534 0.521181 0.242824 0.524653 0.241821 0.516363 0.262423 0.517144 0.261188
1 0.500694 0.256250 0.500304 0.257407 0.500911 0.256481
1 0.493750 0.242515 0.493273 0.244676 0.493880 0.242284
1 0.555122 0.084259 0.548958 0.098534 0.549609 0.094599 0.554991 0.084414
1 0.514844 0.204321 0.516146 0.206636 0.514757 0.212577 0.513845 0.213272 0.512891 0.212577 0.512543 0.208410 0.513715 0.205093 0.514757 0.204321
1 0.504644 0.242207 0.504774 0.238580 0.505773 0.236265 0.507248 0.236728 0.507639 0.238426 0.506858 0.243904 0.505035 0.243827
1 0.517578 0.233719 0.518880 0.231404 0.520182 0.233719 0.518880 0.236034 0.517969 0.235340
1 0.522352 0.236420 0.523655 0.234105 0.524957 0.236420 0.523655 0.238735 0.522743 0.238040
1 0.514497 0.248225 0.515799 0.245910 0.517101 0.248225 0.516710 0.249846 0.514887 0.249846
1 0.523481 0.201466 0.523655 0.199074 0.524957 0.196991 0.525608 0.197454 0.527040 0.195448 0.527951 0.196142 0.528342 0.197994 0.527431 0.201003 0.525868 0.201852 0.525694 0.203086 0.523872 0.203086
1 0.525087 0.192978 0.525781 0.189429 0.527648 0.189352 0.527648 0.193441 0.526389 0.195293 0.525434 0.194599
1 0.528429 0.185108 0.529688 0.180941 0.530859 0.179630 0.531858 0.180324 0.531901 0.183025 0.533290 0.185340 0.532769 0.188349 0.531597 0.189583 0.530599 0.188966 0.530252 0.186728 0.528819 0.186806
1 0.535720 0.189815 0.536111 0.188194 0.537977 0.188194 0.537977 0.191435 0.536111 0.191435
1 0.547439 0.110957 0.548741 0.108642 0.549870 0.110417 0.551866 0.106867 0.553168 0.109182 0.551259 0.115046 0.550087 0.116358 0.549306 0.115818 0.548090 0.122377 0.547179 0.123071 0.546267 0.122377 0.545877 0.119907 0.546962 0.116667 0.547483 0.111343
1 0.546571 0.127932 0.547873 0.125617 0.548785 0.126312 0.548872 0.131559 0.547960 0.132253 0.546658 0.130093 0.546571 0.128164
1 0.549132 0.129321 0.550434 0.127006 0.551866 0.129321 0.551476 0.132793 0.550564 0.133410 0.549653 0.132793 0.549262 0.130247
1 0.544748 0.138889 0.546788 0.135031 0.548220 0.135494 0.548611 0.137114 0.547569 0.139892 0.546398 0.141204 0.545139 0.140509
1 0.538411 0.132639 0.539714 0.134954 0.537240 0.143441 0.538542 0.144059 0.538932 0.145679 0.537804 0.150000 0.538368 0.153086 0.537804 0.155170 0.539366 0.157253 0.539714 0.159491 0.538411 0.161806 0.537457 0.161034 0.536458 0.157793 0.535156 0.159568 0.533854 0.157253 0.535764 0.152392 0.535113 0.149923 0.535937 0.146142 0.534592 0.146142 0.534635 0.140741 0.536892 0.133951 0.538325 0.132639
1 0.547352 0.159491 0.547743 0.157870 0.549566 0.157870 0.549566 0.161111 0.547743 0.161111
1 0.551823 0.159645 0.553125 0.157330 0.554080 0.158025 0.554080 0.161343 0.552214 0.161343
1 0.549566 0.167978 0.550521 0.169676 0.551780 0.167978 0.552691 0.168596 0.552691 0.175309 0.550868 0.175309 0.550521 0.171528 0.549002 0.174383 0.547700 0.172068 0.549479 0.167978
1 0.548307 0.176543 0.549609 0.178858 0.548177 0.181327 0.546875 0.179012 0.547352 0.177315
1 0.545790 0.183873 0.547092 0.181559 0.548003 0.182176 0.548394 0.184645 0.547352 0.188117 0.545399 0.189969 0.544097 0.187654 0.545790 0.183951
1 0.557509 0.086574 0.554210 0.095293 0.553212 0.096219 0.552257 0.095525 0.551910 0.093750 0.553863 0.087500 0.556076 0.084105 0.557075 0.084877
1 0.453863 0.251698 0.454340 0.250463 0.454991 0.252392
1 0.590885 0.835957 0.571094 0.879475 0.562240 0.861265 0.563108 0.853704 0.563498 0.855941 0.567665 0.861188 0.569010 0.860417 0.569792 0.858333 0.571311 0.858333 0.574523 0.855401 0.572917 0.862577 0.573568 0.865355 0.575087 0.866435 0.579384 0.860494 0.579427 0.857793 0.580773 0.856559 0.581293 0.854012 0.580729 0.848920 0.579297 0.846142 0.579036 0.838966 0.584852 0.835571 0.588542 0.835571
1 0.574523 0.843904 0.574523 0.847222 0.570399 0.850617 0.567187 0.850617 0.565321 0.846605 0.567578 0.842593 0.571571 0.840123 0.574826 0.839583 0.574566 0.843441
1 0.554340 0.842207 0.524740 0.775000 0.534505 0.766204 0.541319 0.766049 0.541970 0.768981 0.543359 0.769985 0.539410 0.787423 0.540061 0.790123 0.541580 0.791281 0.545226 0.788966 0.547222 0.790895 0.549089 0.798997 0.553602 0.803704 0.554080 0.807330 0.555903 0.809105 0.556076 0.821682 0.554774 0.828549 0.554774 0.833488 0.556597 0.838889 0.556163 0.840123
1 0.612109 0.788966 0.609245 0.786420 0.610503 0.784799 0.611545 0.774846 0.616753 0.768441 0.620139 0.765818 0.620920 0.767130 0.612370 0.788040
1 0.476476 0.266667 0.453993 0.251466 0.526172 0.080015 0.554818 0.080633 0.477300 0.266667
1 0.508420 0.726775 0.508724 0.729552 0.510460 0.732253 0.512934 0.732099 0.514106 0.733565 0.514497 0.738503 0.513498 0.740741 0.513932 0.742670 0.512804 0.744444 0.474219 0.658256 0.481293 0.647762 0.483247 0.647608 0.485981 0.644985 0.488759 0.644985 0.492622 0.649306 0.494575 0.658333 0.497483 0.666281 0.497179 0.670910 0.498090 0.673225 0.496441 0.684182 0.494488 0.691898 0.495790 0.701312 0.505990 0.725231 0.508290 0.726543
1 0.638064 0.418827 0.636936 0.419985 0.632595 0.418827 0.626259 0.412500 0.622092 0.411034 0.620443 0.411034 0.617708 0.414198 0.616580 0.414198 0.613672 0.412500 0.607335 0.402701 0.599262 0.402701 0.595530 0.400077 0.593273 0.400077 0.591319 0.398071 0.586806 0.398380 0.581641 0.402160 0.580686 0.411574 0.577908 0.414198 0.577127 0.419985 0.575477 0.424846 0.572266 0.425386 0.570616 0.431481 0.561589 0.442130 0.590712 0.370756 0.639540 0.415895
1 0.648481 0.426466 0.642795 0.440123 0.642144 0.433410 0.643490 0.427932 0.645530 0.426003 0.648481 0.426003
1 0.458116 0.536497 0.455946 0.546296 0.455946 0.553858 0.458116 0.559259 0.459332 0.559259 0.459896 0.557639 0.460677 0.546296 0.462804 0.539275 0.469097 0.532330 0.473698 0.531096 0.476389 0.529090 0.478646 0.529552 0.479774 0.533719 0.481467 0.534336 0.482682 0.538117 0.482813 0.543904 0.481554 0.548920 0.482031 0.553704 0.486719 0.554090 0.488108 0.556481 0.488108 0.561497 0.486198 0.572222 0.484722 0.579244 0.482943 0.583642 0.480556 0.587037 0.476736 0.588657 0.471571 0.593056 0.467752 0.599306 0.476953 0.616358 0.478429 0.629552 0.477951 0.633410 0.476736 0.634722 0.470269 0.651157 0.440582 0.580015 0.458116 0.535340
1 0.484809 0.604784 0.486328 0.605941 0.486979 0.608642 0.486675 0.610880 0.484635 0.615355 0.482509 0.623765 0.480208 0.626389 0.478689 0.625309 0.478038 0.622531 0.479731 0.614969 0.482986 0.606636
1 0.513845 0.393904 0.542144 0.328241 0.569878 0.351929 0.561936 0.354552 0.559809 0.358642 0.556033 0.362963 0.547917 0.360340 0.543056 0.355787 0.540929 0.352392 0.534852 0.352623 0.530425 0.360108 0.515582 0.394599
1 0.584332 0.366049 0.577170 0.382639 0.575955 0.377855 0.577040 0.371605 0.579991 0.366590 0.583377 0.364892
1 0.493359 0.325772 0.504731 0.297145 0.539236 0.325154 0.521701 0.368056 0.522656 0.356327 0.521441 0.345062 0.512543 0.321605 0.509983 0.309877 0.508507 0.308410 0.504340 0.308873 0.500000 0.316049 0.488411 0.340741 0.487760 0.340046 0.492101 0.329012
1 0.439670 0.528009 0.440755 0.530324 0.441927 0.529707 0.443446 0.530864 0.444097 0.533565 0.443707 0.534799 0.446962 0.540355 0.447656 0.545679 0.456814 0.517593 0.460981 0.510185 0.464627 0.507562 0.466146 0.508719 0.466797 0.511420 0.466146 0.514120 0.464106 0.515586 0.460026 0.523997 0.458550 0.530941 0.457465 0.531713 0.451172 0.550231 0.449392 0.552778 0.439366 0.579475 0.416146 0.522454 0.425477 0.498765 0.429123 0.492052 0.432856 0.489198 0.433941 0.486806 0.435156 0.486806 0.436111 0.488426 0.437717 0.486497 0.440365 0.491975 0.440625 0.506019 0.438194 0.518904 0.438498 0.524228 0.439627 0.526620
1 0.513194 0.355633 0.513845 0.352855 0.515365 0.351775 0.516927 0.352855 0.517535 0.355633 0.516927 0.358333 0.515365 0.359491 0.513845 0.358333
1 0.420312 0.446065 0.411849 0.460648 0.413151 0.462963 0.414106 0.462269 0.421484 0.451698 0.422526 0.451389 0.421181 0.464815 0.417622 0.477160 0.417925 0.481173 0.423655 0.479784 0.424566 0.481559 0.424132 0.489969 0.422656 0.498534 0.423003 0.497840 0.422917 0.500463 0.415148 0.520525 0.397179 0.476620 0.417101 0.422531 0.421962 0.425154 0.421311 0.435494 0.422439 0.441667 0.420877 0.445139
1 0.450738 0.337269 0.475781 0.274228 0.503689 0.295525 0.500477 0.301543 0.497613 0.300077 0.493316 0.304398 0.491016 0.304398 0.488064 0.297917 0.481988 0.290046 0.481727 0.286420 0.480642 0.285262 0.477431 0.286420 0.474436 0.290741 0.472439 0.297222 0.464583 0.309414 0.459201 0.326698 0.452995 0.335802
1 0.400825 0.412423 0.400174 0.415046 0.404861 0.412423 0.404861 0.417052 0.403429 0.422762 0.403516 0.439120 0.407031 0.435880 0.410373 0.429861 0.414583 0.427006 0.396137 0.475540 0.380903 0.438349 0.395747 0.400154 0.397786 0.399074 0.400391 0.394830 0.401519 0.390432 0.401997 0.384259 0.408594 0.373148 0.408767 0.379167 0.406380 0.394290 0.404644 0.399460 0.401476 0.403549 0.399175 0.409645 0.399523 0.411574 0.401823 0.411960
1 0.438108 0.290355 0.453082 0.256327 0.474349 0.273380 0.459939 0.310262 0.460330 0.304707 0.462109 0.297068 0.463585 0.294907 0.464670 0.290123 0.462760 0.284877 0.456858 0.275540 0.452257 0.275309 0.445269 0.279321 0.442969 0.289429 0.439583 0.296373 0.437023 0.295139 0.438238 0.290355
1 0.378819 0.431559 0.368056 0.404167 0.372700 0.391281 0.373090 0.391898 0.375998 0.384799 0.376693 0.386034 0.376345 0.393210 0.378385 0.394985 0.382292 0.394213 0.389931 0.386188 0.395095 0.372222 0.399175 0.364043 0.404427 0.348843 0.411415 0.334414 0.414453 0.320679 0.417144 0.316667 0.418576 0.316281 0.419922 0.313272 0.421267 0.303858 0.424523 0.298302 0.430599 0.279707 0.431293 0.275694 0.432726 0.272917 0.433550 0.266512 0.431641 0.262731 0.428255 0.258951 0.422266 0.260880 0.431337 0.238735 0.448611 0.251080 0.420009 0.323225 0.382639 0.421219
1 0.367665 0.403549 0.357031 0.376852 0.362326 0.368673 0.366276 0.364429 0.367057 0.371605 0.364236 0.380633 0.371181 0.369599 0.372309 0.370448 0.372656 0.372994 0.374002 0.373457 0.375130 0.364275 0.376606 0.363812 0.378255 0.361420 0.379731 0.351080 0.383420 0.344907 0.385981 0.344985 0.389583 0.333642 0.397656 0.313889 0.400130 0.304861 0.416189 0.265895 0.417231 0.255556 0.411024 0.253318 0.408247 0.256173 0.403082 0.265895 0.401476 0.267747 0.399957 0.267052 0.416276 0.227546 0.429774 0.238812 0.378733 0.370988 0.380556 0.370139 0.367622 0.403935
1 0.376519 0.377701 0.378602 0.371296 0.376042 0.378009
1 0.406988 0.260880 0.410634 0.264352 0.411762 0.267747 0.411111 0.270448 0.409592 0.271605 0.405122 0.267052 0.404731 0.264738 0.405339 0.262037 0.406944 0.260880
1 0.356467 0.376929 0.349175 0.357485 0.357248 0.335494 0.359418 0.331713 0.361024 0.332099 0.363368 0.335417 0.363368 0.339275 0.360156 0.348688 0.359983 0.356019 0.360720 0.356019 0.364670 0.349923 0.365017 0.345910 0.367274 0.344753 0.376649 0.323457 0.356771 0.376080
1 0.394878 0.274614 0.402170 0.254475 0.402821 0.248688 0.402517 0.240895 0.399826 0.240895 0.396441 0.244444 0.392969 0.255864 0.387674 0.266667 0.380946 0.284568 0.376780 0.292361 0.372049 0.305941 0.366450 0.317361 0.363759 0.317747 0.402517 0.218596 0.415321 0.227392 0.393273 0.279861
1 0.348828 0.356944 0.341840 0.338966 0.346484 0.324846 0.348351 0.324846 0.350434 0.330941 0.350868 0.333951 0.350260 0.335957 0.351910 0.337114 0.353255 0.336034 0.352778 0.332639 0.353385 0.329167 0.356293 0.320293 0.365408 0.302623 0.391016 0.243519 0.388064 0.238117 0.385200 0.239506 0.379557 0.248148 0.377474 0.258102 0.368403 0.273380 0.365191 0.275309 0.391884 0.210494 0.401997 0.218673 0.359983 0.327392
1 0.353429 0.305093 0.341059 0.337423 0.334896 0.321296 0.337413 0.314738 0.340017 0.319213 0.340365 0.322222 0.341927 0.321991 0.344878 0.318056 0.346875 0.310880 0.346788 0.307099 0.351866 0.298688 0.374653 0.241898 0.368576 0.235494 0.381901 0.200540 0.391059 0.207639 0.353472 0.304475
1 0.335156 0.320139 0.330556 0.307330 0.373307 0.194213 0.381901 0.200694 0.366753 0.237191 0.336632 0.316281
1 0.329774 0.305170 0.325477 0.295216 0.366667 0.188812 0.372830 0.194599 0.331467 0.301312
1 0.321832 0.283565 0.342925 0.227238 0.360894 0.184105 0.366493 0.188812 0.351128 0.226929 0.325391 0.294599
1 0.449957 0.246219 0.433116 0.233796 0.498003 0.078395 0.520312 0.078395 0.450043 0.245988
1 0.432292 0.232099 0.417448 0.222299 0.476953 0.079938 0.495226 0.080401 0.438628 0.216898
1 0.417101 0.222531 0.404167 0.212886 0.460460 0.079630 0.476780 0.080093 0.425217 0.202469
1 0.404123 0.212346 0.393663 0.204552 0.445530 0.081481 0.459592 0.080864 0.408420 0.201389
1 0.394444 0.197762 0.392188 0.203858 0.383507 0.196759 0.432161 0.080787 0.443880 0.080787 0.395486 0.196528 0.394444 0.197608
1 0.385851 0.191358 0.383290 0.196759 0.375260 0.190818 0.379253 0.180941 0.379948 0.181944 0.379210 0.180710 0.421267 0.081250 0.431380 0.081559 0.385894 0.190972
1 0.374609 0.190664 0.368056 0.185262 0.410894 0.082639 0.420269 0.082639 0.377865 0.182639
1 0.367708 0.186343 0.361936 0.181019 0.364800 0.173225 0.401823 0.083333 0.409852 0.083256 0.370486 0.178009 0.369792 0.178164 0.370443 0.178395
1 0.351259 0.150849 0.371788 0.100077 0.379557 0.100231 0.357292 0.153781 0.355903 0.153009
1 0.346658 0.146605 0.365929 0.099383 0.371571 0.099460 0.351389 0.150540 0.346701 0.148457 0.346267 0.147840 0.346745 0.146759
1 0.327995 0.218596 0.328776 0.220216 0.332031 0.214506 0.333290 0.210185 0.334201 0.211728 0.333811 0.215432 0.330035 0.223611 0.330078 0.225463 0.328689 0.227006 0.320920 0.250617 0.314714 0.263966 0.311719 0.253704 0.318967 0.233488 0.321528 0.229552 0.325955 0.226235 0.327951 0.218596
1 0.845095 0.586034 0.848568 0.582562 0.852040 0.583410 0.854036 0.578395 0.857205 0.574769 0.860894 0.574769 0.867231 0.577932 0.870182 0.584877 0.870530 0.590123 0.871528 0.592130 0.873134 0.592670 0.876780 0.599306 0.881771 0.603472 0.893967 0.618287 0.908290 0.628318 0.911979 0.629321 0.913368 0.632485 0.914019 0.639043 0.919097 0.642130 0.919488 0.646605 0.923741 0.649460 0.926780 0.656559 0.933377 0.665586 0.938715 0.676620 0.939974 0.683333 0.942144 0.689275 0.947483 0.698380 0.951519 0.703164 0.953689 0.704244 0.959028 0.701929 0.961328 0.702546 0.956901 0.717901 0.842969 0.592670 0.845095 0.586420
1 0.464193 0.237037 0.462283 0.240895 0.461806 0.244522 0.463064 0.249923 0.466146 0.252238 0.469531 0.249614 0.472049 0.243519 0.477214 0.240355 0.478733 0.241512 0.479210 0.247222 0.484375 0.240355 0.485894 0.241512 0.486545 0.244213 0.477734 0.266281 0.476259 0.267361 0.454818 0.253318 0.454167 0.250540 0.456207 0.244830 0.457856 0.243133 0.458550 0.240046 0.460938 0.236111 0.463542 0.234568 0.464323 0.231636 0.466189 0.232253 0.465495 0.234414
1 0.401866 0.048302 0.380078 0.098997 0.372179 0.098997 0.393620 0.050694 0.401823 0.048148
1 0.393186 0.050849 0.371962 0.098302 0.366189 0.098457 0.385764 0.053549
1 0.335547 0.207639 0.331337 0.201852 0.351302 0.151312 0.357552 0.154552
1 0.346224 0.148611 0.350911 0.151775 0.330859 0.201929 0.327300 0.195448