0 0.149141 0.489097 0.198477 0.488472 0.177930 0.569306 0.121641 0.567014 0.148984 0.488819
0 0.201523 0.489097 0.254766 0.487639 0.243281 0.572500 0.181172 0.570139 0.201211 0.488194
0 0.178086 0.570625 0.153047 0.688472 0.088008 0.681319 0.121172 0.568611 0.177617 0.570278
0 0.242422 0.574028 0.229063 0.695972 0.156133 0.689375 0.181055 0.570903
0 0.390234 0.482500 0.404570 0.565972 0.333945 0.570139 0.331055 0.484583
0 0.404570 0.568611 0.427070 0.693958 0.341094 0.697778 0.334336 0.571736 0.404297 0.568403
0 0.394492 0.482500 0.453906 0.480694 0.478945 0.562986 0.408750 0.566806 0.394258 0.482500
0 0.516563 0.478889 0.550938 0.560000 0.483203 0.563819 0.457148 0.480139 0.516680 0.478750
0 0.597930 0.676736 0.518516 0.686111 0.483125 0.564097 0.551211 0.560486 0.597266 0.675556
0 0.479805 0.565139 0.515195 0.686181 0.429922 0.693125 0.408359 0.568889 0.479687 0.565139
0 0.564453 0.482014 0.617930 0.482639 0.663203 0.558889 0.605117 0.561111
0 0.717930 0.556111 0.666367 0.558472 0.620898 0.482778 0.669180 0.483819
0 0.715430 0.484097 0.766523 0.554167 0.721602 0.556389 0.672734 0.483889 0.715547 0.484097
0 0.828242 0.644931 0.781406 0.654306 0.721992 0.557639 0.768359 0.555069 0.827461 0.643472
0 0.719727 0.557847 0.779570 0.655278 0.724492 0.665486 0.667305 0.560208 0.719570 0.557847
0 0.664922 0.560625 0.721992 0.665694 0.658516 0.674861 0.605938 0.563056
1 0.198203 0.489583 0.178203 0.570347 0.122500 0.566875 0.149258 0.490000 0.198164 0.489306
1 0.254883 0.488542 0.242656 0.571389 0.181133 0.570347 0.201133 0.488889 0.254883 0.487847
1 0.243203 0.571667 0.229023 0.694792 0.156484 0.687639 0.181133 0.570694 0.242852 0.572361
1 0.178320 0.571667 0.152500 0.687917 0.089219 0.679306 0.122031 0.567847 0.178516 0.570972
1 0.404687 0.566875 0.334414 0.569306 0.330742 0.485417 0.390703 0.483681
1 0.404844 0.568889 0.425820 0.692778 0.341367 0.696875 0.334375 0.572014 0.404844 0.568542
1 0.453477 0.480625 0.479258 0.563403 0.408437 0.567222 0.394062 0.483681
1 0.479883 0.566667 0.514375 0.685903 0.430508 0.692986 0.408633 0.569653 0.479844 0.566181
1 0.516523 0.478681 0.550820 0.559236 0.482891 0.564653 0.456836 0.480417 0.516680 0.478403
1 0.551797 0.560764 0.597734 0.676319 0.518477 0.684653 0.482891 0.565347 0.551641 0.560486
1 0.664766 0.560486 0.721875 0.665694 0.658633 0.674583 0.605234 0.562153
1 0.720391 0.557847 0.778789 0.654792 0.724609 0.664861 0.667188 0.561319 0.720391 0.557569
1 0.768359 0.555694 0.827734 0.644861 0.781445 0.653750 0.722422 0.558611 0.768672 0.555417
1 0.617500 0.482222 0.664883 0.559306 0.605352 0.561319 0.563789 0.481944 0.617305 0.482222
1 0.668789 0.482847 0.719102 0.556181 0.666523 0.559861 0.620117 0.482500 0.669102 0.482847
1 0.716211 0.484514 0.766367 0.553264 0.720742 0.556458 0.671758 0.484236 0.716562 0.484236