0 0.841172 0.292847 0.797500 0.446736 0.748945 0.444306 0.796719 0.295972
0 0.796445 0.451528 0.733750 0.644653 0.683086 0.632153 0.747617 0.448681
0 0.794414 0.296597 0.746641 0.444861 0.701680 0.442361 0.751992 0.300347 0.794609 0.296181
0 0.749688 0.302847 0.699609 0.441111 0.657656 0.439861 0.710781 0.305764 0.749922 0.302014
0 0.672695 0.310694 0.708516 0.306806 0.655156 0.441042 0.618086 0.439653 0.672617 0.311319
0 0.670078 0.311806 0.615234 0.438194 0.585938 0.438056 0.584570 0.434236 0.637031 0.316111 0.670195 0.311319
0 0.634258 0.317500 0.581055 0.434444 0.550781 0.434792 0.603750 0.320972 0.634062 0.317500
0 0.559219 0.355417 0.573984 0.324722 0.601133 0.320903 0.548164 0.435139 0.539609 0.435486 0.539023 0.431319 0.569688 0.361667 0.565234 0.354722
0 0.544297 0.329444 0.571133 0.325347 0.556445 0.357431 0.527852 0.362500 0.544453 0.329444
0 0.525586 0.363125 0.500664 0.368472 0.517813 0.332500 0.542422 0.329722 0.525781 0.363333
0 0.499336 0.368889 0.475391 0.373750 0.493984 0.335764 0.516367 0.332986 0.499258 0.368889
0 0.634687 0.618681 0.699961 0.447222 0.744453 0.449306 0.680625 0.630625 0.634297 0.618611
0 0.696875 0.447083 0.631016 0.617778 0.589883 0.607083 0.655820 0.445069
0 0.653086 0.445972 0.586875 0.605694 0.549805 0.595347 0.615664 0.444583
0 0.589023 0.444236 0.612891 0.444236 0.548086 0.595000 0.514687 0.585694 0.574062 0.455972 0.585938 0.455278 0.589219 0.445278
0 0.571875 0.455625 0.512813 0.585694 0.487578 0.578472 0.487773 0.574653 0.486602 0.573611 0.540898 0.455278
0 0.528750 0.454583 0.540781 0.454583 0.486211 0.572222 0.483125 0.566736 0.528750 0.454931
0 0.562891 0.358750 0.390039 0.757917 0.335469 0.713333 0.487734 0.373472 0.562891 0.358611
0 0.484844 0.376597 0.445625 0.459514 0.333594 0.710486 0.296328 0.678542 0.429727 0.385903 0.485391 0.375556
0 0.426484 0.388681 0.353047 0.544236 0.293867 0.675556 0.266016 0.650764 0.384297 0.397778 0.426797 0.388125
0 0.382383 0.397431 0.264492 0.651389 0.242344 0.631806 0.347852 0.406181 0.382109 0.397431
0 0.346250 0.406944 0.241172 0.629306 0.225117 0.614028 0.319688 0.412778 0.346680 0.406597
0 0.317500 0.413681 0.284609 0.481389 0.223672 0.613194 0.211016 0.600278 0.296563 0.417292 0.317422 0.413264
0 0.294453 0.418750 0.209648 0.598194 0.199531 0.588889 0.276406 0.421597 0.294063 0.418472
0 0.275312 0.421319 0.197578 0.588750 0.188398 0.579653 0.259570 0.424167
0 0.258203 0.425139 0.188008 0.579028 0.179297 0.570417 0.244375 0.426875 0.258359 0.424792
0 0.185469 0.583472 0.121602 0.733611 0.118242 0.715625 0.177617 0.574514 0.185703 0.583403
0 0.195742 0.594653 0.125742 0.757222 0.122031 0.735208 0.185898 0.583542
0 0.206680 0.606250 0.131523 0.783681 0.126680 0.758889 0.195820 0.595069
0 0.220781 0.620208 0.138164 0.814722 0.132344 0.785625 0.207617 0.606875
0 0.237305 0.638194 0.147031 0.853264 0.138867 0.816944 0.221406 0.622569 0.237969 0.638889
0 0.259492 0.658889 0.158477 0.900486 0.147734 0.855000 0.238437 0.639306 0.259727 0.658958
0 0.289023 0.686319 0.174219 0.962847 0.159375 0.905208 0.260547 0.660694 0.288867 0.686597
0 0.328555 0.721806 0.212266 0.999236 0.185000 0.999236 0.175000 0.966944 0.289375 0.688472
0 0.384414 0.772153 0.287070 0.999931 0.215391 1.000000 0.330547 0.725556 0.383633 0.771806
1 0.203867 0.828542 0.204492 0.820764 0.205625 0.819236 0.206680 0.819583 0.207773 0.821667 0.207578 0.829236 0.208750 0.831319 0.207891 0.833333 0.206406 0.833750 0.204727 0.832639 0.203867 0.828750
1 0.174375 0.954514 0.173203 0.956597 0.172305 0.955833 0.170664 0.951875 0.170820 0.948889 0.171641 0.948264 0.173945 0.952847
1 0.147578 0.864097 0.148945 0.861319 0.150898 0.861319 0.152070 0.862569 0.151914 0.872500 0.150273 0.872500 0.149375 0.867292 0.147930 0.865903 0.147578 0.864236
1 0.198945 0.743194 0.200977 0.739306 0.202461 0.739514 0.202773 0.741250 0.202031 0.743194 0.200273 0.745278 0.199297 0.744653
1 0.193164 0.758264 0.193516 0.756806 0.196367 0.753542 0.197188 0.754167 0.197266 0.757083 0.195625 0.760069 0.194336 0.760833 0.193164 0.758472
1 0.203945 0.736458 0.205117 0.734375 0.206953 0.735069 0.207383 0.738611 0.206875 0.741042 0.205234 0.741042 0.205000 0.738542
1 0.181016 0.724722 0.182812 0.719792 0.184531 0.719653 0.184844 0.721389 0.183281 0.725694 0.182188 0.726806 0.181367 0.726181
1 0.125820 0.759931 0.126523 0.757778 0.129414 0.754653 0.130859 0.755347 0.131562 0.757292 0.131562 0.759792 0.130273 0.764028 0.130742 0.769097 0.130391 0.772917 0.129492 0.773542 0.128398 0.772222 0.126211 0.764653 0.126133 0.761389