0 0.999826 0.210571 1.000000 0.562423 0.957595 0.715586 0.842491 0.592670 0.904470 0.393056 0.952778 0.184182
0 0.951606 0.734414 0.930295 0.800926 0.893273 0.903241 0.850608 0.998380 0.669878 0.999846 0.699653 0.942052 0.767708 0.792438 0.837717 0.606404 0.951606 0.733796
0 0.832552 0.599923 0.781858 0.739429 0.720660 0.881096 0.665538 0.997762 0.628125 0.999228 0.574609 0.883410 0.733203 0.502006 0.831771 0.600772
0 0.729991 0.497840 0.570226 0.877778 0.517144 0.756173 0.653950 0.424923 0.729644 0.497145
0 0.649696 0.423302 0.514844 0.753009 0.474609 0.659491 0.590321 0.368519 0.649349 0.422762
0 0.584939 0.363194 0.470616 0.650463 0.440712 0.577238 0.540755 0.326312 0.584635 0.363117
0 0.438802 0.572608 0.417014 0.520448 0.504470 0.296836 0.537717 0.325231
0 0.501997 0.296065 0.415582 0.516744 0.397396 0.473688 0.475434 0.274074 0.501736 0.295602
0 0.396224 0.470370 0.382943 0.434722 0.452821 0.255478 0.474045 0.272840
0 0.948741 0.182639 0.927387 0.278549 0.899609 0.387269 0.837630 0.586883 0.740234 0.489660 0.853342 0.140509 0.947526 0.182716
0 0.849566 0.140278 0.820703 0.232099 0.771745 0.381713 0.734158 0.486651 0.656033 0.414583 0.767708 0.112886 0.849566 0.139738
0 0.763542 0.113426 0.712066 0.254784 0.652691 0.411034 0.595009 0.359105 0.697656 0.099151
0 0.690885 0.092207 0.588585 0.355093 0.545573 0.318827 0.637240 0.085262 0.690625 0.092747
0 0.634852 0.085725 0.542882 0.316358 0.508160 0.289892 0.593663 0.082022 0.634852 0.085340
0 0.590625 0.082022 0.505122 0.285340 0.479253 0.266281 0.556120 0.079552 0.590625 0.081173
0 0.553950 0.080478 0.476302 0.265741 0.455599 0.249306 0.526128 0.079630
0 0.521224 0.076466 0.450174 0.245139 0.433507 0.231327 0.497917 0.078164
0 0.496788 0.078549 0.433073 0.230710 0.417882 0.220910 0.477734 0.078549 0.496788 0.078858
0 0.476259 0.078858 0.416276 0.220602 0.404297 0.212886 0.459592 0.080324
0 0.459288 0.080324 0.403819 0.211960 0.393446 0.204552 0.445356 0.080864 0.458464 0.080324
0 0.392014 0.203549 0.383333 0.196373 0.431858 0.079938 0.443663 0.079321
0 0.431207 0.080556 0.382899 0.194367 0.375608 0.189198 0.420660 0.080787 0.431076 0.080324
0 0.419618 0.081944 0.374696 0.188349 0.368533 0.183410 0.410547 0.082562 0.419748 0.081713
0 0.409766 0.082716 0.367274 0.184182 0.361675 0.179630 0.402127 0.082948 0.409766 0.082562
0 0.447352 0.251157 0.378082 0.429552 0.367578 0.401235 0.430686 0.238040
0 0.416102 0.227006 0.429514 0.238040 0.367188 0.399537 0.358073 0.376775 0.416102 0.226620
0 0.414800 0.225772 0.356944 0.375926 0.349262 0.355633 0.402951 0.216204
0 0.402040 0.216358 0.348307 0.355556 0.341363 0.338040 0.391840 0.208333 0.402040 0.216127
0 0.341059 0.336574 0.335373 0.320448 0.381814 0.200000 0.391189 0.206867
0 0.381814 0.198765 0.335026 0.319059 0.330425 0.305633 0.373958 0.193056 0.381510 0.199228
0 0.367231 0.188194 0.373394 0.193210 0.329905 0.304861 0.325781 0.293287 0.367101 0.188194
0 0.360720 0.182407 0.366493 0.187809 0.325260 0.291667 0.321441 0.283102
0 0.401780 0.048843 0.379948 0.097454 0.372526 0.097454 0.393403 0.051003 0.401780 0.048380
0 0.392752 0.051620 0.372309 0.096991 0.366536 0.097068 0.386502 0.052855
0 0.379080 0.098611 0.357465 0.151775 0.351693 0.149151 0.372222 0.098380 0.378993 0.098611
0 0.366102 0.097917 0.371701 0.098611 0.351736 0.148843 0.346484 0.147145 0.366102 0.097762
0 0.350564 0.150077 0.330686 0.200000 0.327431 0.194985 0.346398 0.147454
0 0.356771 0.153549 0.336328 0.208179 0.331120 0.200926 0.350911 0.150386 0.356858 0.153549
0 0.335156 0.207639 0.314323 0.264583 0.312066 0.254167 0.330903 0.201543
0 0.326953 0.196528 0.330339 0.202006 0.311849 0.253935 0.309679 0.244367 0.326953 0.196451
1 0.836458 0.309105 0.837717 0.310031 0.838194 0.312191 0.836545 0.323920 0.835286 0.324846 0.834071 0.323920 0.833550 0.321759 0.834809 0.311265
1 0.824957 0.330864 0.825477 0.328704 0.827040 0.327778 0.827257 0.324228 0.828602 0.319753 0.829948 0.318673 0.831424 0.319599 0.831901 0.321759 0.831467 0.329398 0.833290 0.330324 0.833767 0.332485 0.832118 0.341358 0.830859 0.342207 0.827778 0.339660 0.827300 0.333951 0.825477 0.333025
1 0.801736 0.496142 0.800738 0.500540 0.798264 0.502315 0.796094 0.500540 0.795790 0.495833 0.793056 0.495062 0.793533 0.492515 0.796701 0.488040 0.801085 0.492515
1 0.931858 0.256713 0.909115 0.356481 0.874913 0.475463 0.836806 0.588272 0.738976 0.488889 0.743837 0.477160 0.750825 0.465123 0.757682 0.460417 0.757812 0.465355 0.759766 0.472299 0.762370 0.476235 0.766797 0.477083 0.768750 0.482793 0.769835 0.489043 0.771441 0.489969 0.772700 0.493210 0.774696 0.494907 0.775694 0.497917 0.776823 0.498302 0.778385 0.501698 0.780859 0.503086 0.783073 0.501929 0.784939 0.499074 0.790625 0.507562 0.797613 0.514429 0.801085 0.519985 0.803646 0.519985 0.804774 0.517901 0.809375 0.521451 0.810807 0.523380 0.812457 0.532562 0.815799 0.536883 0.823307 0.542207 0.826259 0.546065 0.833898 0.550077 0.840668 0.556250 0.844575 0.555324 0.846484 0.552315 0.849219 0.540895 0.850998 0.537577 0.850998 0.531713 0.850434 0.530633 0.845009 0.529938 0.845139 0.519676 0.847569 0.513657 0.853950 0.506944 0.854557 0.504861 0.862066 0.504244 0.863845 0.500154 0.867144 0.486728 0.870530 0.479475 0.870530 0.474846 0.875868 0.463812 0.880642 0.444599 0.881858 0.436651 0.881467 0.433488 0.884418 0.430633 0.885590 0.426929 0.887413 0.426003 0.888021 0.423225 0.887413 0.420525 0.885894 0.419367 0.886111 0.415355 0.889714 0.406867 0.888889 0.403858 0.896571 0.388503 0.901432 0.367438 0.905122 0.358179 0.909592 0.338503 0.910156 0.322608 0.910764 0.320910 0.915017 0.317824 0.915017 0.315046 0.914062 0.313272 0.915799 0.309491 0.917361 0.302238 0.920269 0.298843 0.921224 0.291590 0.924740 0.283256 0.926259 0.272917 0.924523 0.271528 0.923958 0.267747 0.931510 0.255015
1 0.782075 0.481636 0.778472 0.481636 0.775781 0.477778 0.776042 0.475000 0.780469 0.467670 0.781120 0.473920 0.782943 0.477855
1 0.843142 0.155401 0.845226 0.153395 0.834549 0.193210 0.787326 0.339043 0.734158 0.488812 0.656901 0.416590 0.661111 0.402238 0.666450 0.396219 0.670182 0.393904 0.674045 0.393904 0.680859 0.396219 0.683420 0.397917 0.686675 0.404861 0.686328 0.407407 0.683767 0.412577 0.683898 0.415201 0.685373 0.417515 0.694748 0.419213 0.696701 0.415509 0.698481 0.416049 0.702995 0.423225 0.702691 0.426698 0.706424 0.429012 0.709332 0.432407 0.715495 0.443673 0.720530 0.449691 0.722309 0.453395 0.730556 0.454321 0.736372 0.458333 0.741059 0.457716 0.741059 0.453704 0.739931 0.450000 0.737674 0.450000 0.734722 0.455478 0.733464 0.455478 0.731988 0.452546 0.731988 0.448843 0.733767 0.445988 0.736024 0.444830 0.740712 0.436497 0.747700 0.432176 0.755425 0.422917 0.755295 0.418596 0.756901 0.406019 0.761328 0.404321 0.762500 0.400617 0.762500 0.398534 0.759939 0.393981 0.760634 0.389043 0.764366 0.381559 0.768793 0.380710 0.769922 0.379475 0.770399 0.374923 0.774132 0.360417 0.774349 0.356713 0.779036 0.346373 0.781814 0.343441 0.782769 0.340972 0.784158 0.331019 0.788802 0.322377 0.789280 0.317361 0.792057 0.310802 0.793446 0.304167 0.796050 0.299151 0.799523 0.295448 0.799826 0.287423 0.807769 0.266744 0.810026 0.252932 0.821528 0.226775 0.821528 0.225000 0.820226 0.223302 0.820226 0.220988 0.821701 0.213503 0.825260 0.206944 0.827344 0.199691 0.831207 0.193981 0.831554 0.189660 0.830729 0.188503 0.831858 0.183333 0.832682 0.181019 0.835894 0.177855 0.835894 0.173843 0.839149 0.167824
1 0.748611 0.158333 0.690582 0.317438 0.666797 0.375463 0.665191 0.375463 0.666493 0.369136 0.668229 0.364815 0.671658 0.361420 0.678125 0.343827 0.681510 0.331481 0.683116 0.328935 0.683941 0.321991 0.687674 0.317438 0.688151 0.313657 0.689280 0.311960 0.689453 0.305864 0.690712 0.302160 0.693316 0.300694 0.694792 0.297840 0.697049 0.286651 0.698481 0.284877 0.697700 0.283796 0.697700 0.280324 0.701085 0.276775 0.702865 0.278241 0.702691 0.267901 0.705946 0.263272 0.707378 0.263580 0.708030 0.258951 0.710634 0.252083 0.713194 0.250617 0.717752 0.234259 0.722613 0.224151 0.725347 0.210648 0.727300 0.210340 0.728602 0.205478 0.731163 0.202623 0.731163 0.198302 0.735547 0.191127 0.736198 0.183642 0.740712 0.175540 0.742318 0.169830 0.735547 0.167515 0.736979 0.160880 0.739236 0.157716 0.745399 0.158873 0.747352 0.156867
1 0.658420 0.397685 0.652083 0.413040 0.594792 0.361728 0.602214 0.342593 0.608681 0.340432 0.613802 0.340664 0.615278 0.344059 0.613238 0.350231 0.615278 0.354321 0.620009 0.353164 0.620399 0.349537 0.619314 0.343750 0.622960 0.344522 0.625911 0.348611 0.626736 0.352160 0.625130 0.362500 0.625521 0.368673 0.633333 0.367978 0.637240 0.369907 0.639931 0.375386 0.644661 0.380170 0.652474 0.380941 0.654774 0.384491 0.658420 0.396759
1 0.631033 0.358410 0.631641 0.355633 0.634766 0.354861 0.637500 0.357716 0.640365 0.364660 0.639714 0.367361 0.638194 0.368519 0.634201 0.363040 0.631641 0.361111
1 0.652170 0.374228 0.652821 0.371451 0.654340 0.370370 0.657769 0.371759 0.658420 0.374460 0.657769 0.377160 0.656250 0.378318 0.652908 0.377083
3 0.675825 0.105556 0.677648 0.107948 0.679036 0.103704 0.680512 0.102701 0.682031 0.103858 0.682682 0.107407 0.679036 0.118364 0.677431 0.119599 0.675651 0.118056 0.674045 0.124074 0.663021 0.149846 0.661892 0.150386 0.660373 0.149228 0.659722 0.146528 0.660069 0.144522 0.670269 0.119830 0.674349 0.106327 0.675738 0.105556
1 0.682726 0.114738 0.648958 0.202778 0.608811 0.301003 0.609158 0.293287 0.611589 0.289892 0.615799 0.280787 0.616840 0.273843 0.620486 0.268519 0.620920 0.261111 0.630469 0.241204 0.638542 0.215586 0.642101 0.211960 0.642665 0.206713 0.644661 0.203395 0.646441 0.202623 0.650738 0.191821 0.648438 0.190201 0.656814 0.177469 0.658550 0.171451 0.656684 0.171219 0.656554 0.169367 0.658811 0.166898 0.661545 0.160725 0.664236 0.158102 0.665712 0.154012 0.665842 0.147299 0.666797 0.144444 0.668793 0.141744 0.671484 0.140355 0.675825 0.129090 0.676476 0.124074 0.680686 0.118056 0.682031 0.113503
1 0.597266 0.332716 0.588628 0.356559 0.543446 0.319753 0.559158 0.281173 0.556814 0.290818 0.556424 0.296605 0.561675 0.291821 0.562630 0.294290 0.562717 0.297299 0.565451 0.299769 0.565799 0.302778 0.569097 0.306636 0.570399 0.311574 0.575825 0.310417 0.579948 0.312577 0.586198 0.304090 0.589844 0.302238 0.592969 0.316898 0.596137 0.320062 0.596311 0.328935
1 0.631207 0.097762 0.565234 0.260031 0.565365 0.253858 0.567014 0.250231 0.569184 0.241358 0.573394 0.232407 0.575825 0.229861 0.579384 0.219444 0.584375 0.208488 0.588715 0.191898 0.593663 0.186111 0.596701 0.174923 0.600521 0.168133 0.602083 0.160957 0.603993 0.158565 0.608160 0.147762 0.609505 0.141204 0.613889 0.135571 0.614887 0.129784 0.618273 0.122840 0.618620 0.119599 0.620964 0.117207 0.621528 0.114275 0.624566 0.110880 0.626823 0.104861 0.626606 0.102238 0.628255 0.101235 0.630078 0.097685
1 0.557986 0.277238 0.542925 0.318441 0.507812 0.289815 0.516536 0.268364 0.518229 0.267207 0.520703 0.259877 0.524566 0.256096 0.526823 0.256327 0.529167 0.258873 0.526736 0.278086 0.527344 0.280787 0.528906 0.281944 0.540191 0.273457 0.543793 0.274460 0.547049 0.272531 0.547786 0.273148 0.545052 0.289583 0.545052 0.296451 0.546007 0.300231 0.546007 0.304475 0.547439 0.303627 0.547613 0.296142 0.549219 0.293596 0.554427 0.275154 0.556684 0.275154 0.557986 0.277160
1 0.575260 0.113966 0.576563 0.110494 0.582465 0.102006 0.505339 0.289969 0.477431 0.269676 0.499089 0.217361 0.501042 0.221682 0.499219 0.237114 0.497309 0.244830 0.493620 0.250463 0.490321 0.261111 0.491319 0.267593 0.493446 0.269985 0.496615 0.268981 0.503993 0.253164 0.508724 0.248380 0.509635 0.250849 0.508420 0.260185 0.509028 0.264738 0.513021 0.266204 0.515365 0.264120 0.517361 0.259645 0.521354 0.243519 0.525174 0.235802 0.526172 0.231019 0.544184 0.184722 0.546441 0.177083 0.549826 0.170139 0.555512 0.153164 0.558030 0.152238 0.560069 0.149769 0.561762 0.143056 0.563889 0.140123 0.565191 0.135802 0.565668 0.130093 0.571050 0.121219 0.572135 0.117052 0.573872 0.114429
1 0.465451 0.223380 0.470833 0.216358 0.472743 0.216975 0.474957 0.228164 0.474653 0.232176 0.469271 0.243133 0.470052 0.244136 0.473958 0.244136 0.475781 0.242361 0.478559 0.242361 0.479601 0.243904 0.483160 0.244522 0.484635 0.247145 0.476215 0.267515 0.454774 0.250926 0.465278 0.223534
1 0.945964 0.755633 0.918012 0.831404 0.918229 0.822299 0.922439 0.804475 0.922439 0.800772 0.921050 0.797840 0.921267 0.794985 0.922439 0.794985 0.926389 0.799923 0.928950 0.799537 0.932682 0.783333 0.934288 0.780864 0.936849 0.771373 0.937109 0.767207 0.935460 0.760571 0.931727 0.754398 0.931988 0.748997 0.944575 0.754398
1 0.791710 0.801543 0.786806 0.829321 0.786111 0.830941 0.782161 0.830556 0.780990 0.828086 0.779123 0.817670 0.779384 0.795756 0.781467 0.791590 0.787283 0.792052 0.789844 0.794907 0.790104 0.798688
1 0.670313 0.998765 0.738238 0.855478 0.789844 0.735340 0.791276 0.737037 0.791276 0.742207 0.790321 0.746836 0.784809 0.755710 0.782075 0.764892 0.758247 0.821759 0.755339 0.831790 0.735720 0.867361 0.733420 0.879784 0.725260 0.890818 0.722917 0.900772 0.718446 0.910108 0.716319 0.917361 0.712240 0.922222 0.706814 0.934645 0.703342 0.948765 0.699262 0.952238 0.697135 0.960494 0.693837 0.963580 0.691276 0.969136 0.690712 0.979167 0.689366 0.983951 0.685851 0.989120 0.679080 0.992593 0.672266 1.000000
1 0.830773 0.609799 0.809462 0.670216 0.749957 0.817515 0.713151 0.896991 0.712066 0.895679 0.711111 0.882253 0.711502 0.880864 0.714410 0.878781 0.719661 0.879167 0.722960 0.872608 0.724132 0.864969 0.727995 0.861883 0.733247 0.847068 0.734028 0.836343 0.736155 0.831173 0.736545 0.827392 0.744878 0.812886 0.747786 0.809414 0.750304 0.808719 0.761198 0.779938 0.761198 0.774460 0.761979 0.771296 0.766797 0.770602 0.770877 0.760957 0.770703 0.756481 0.776345 0.749923 0.781380 0.734028 0.782943 0.724769 0.792622 0.701620 0.789931 0.699537 0.790104 0.695448 0.791450 0.690586 0.792448 0.688503 0.795920 0.685725 0.799436 0.685417 0.800000 0.681636 0.802908 0.675077 0.804644 0.664352 0.805425 0.662963 0.808550 0.661960 0.811068 0.656096 0.812240 0.648148 0.819010 0.632639 0.820573 0.624306 0.822700 0.620525 0.823090 0.615046 0.824089 0.612269 0.825825 0.608796 0.829297 0.607407
1 0.732075 0.511034 0.732986 0.515972 0.735547 0.518750 0.733116 0.526620 0.729861 0.533488 0.726432 0.548148 0.720443 0.559799 0.717752 0.560880 0.715668 0.563349 0.713194 0.572145 0.710677 0.573148 0.708637 0.575617 0.705078 0.584491 0.704818 0.580170 0.731337 0.511034
1 0.609462 0.954090 0.607682 0.958179 0.577257 0.890432 0.581467 0.888735 0.583854 0.884182 0.587760 0.882253 0.590972 0.876543 0.597222 0.879861 0.599957 0.884336 0.602257 0.891590 0.602865 0.896451 0.606337 0.903318 0.611589 0.910262 0.615668 0.912269 0.615451 0.921605 0.617231 0.925772 0.617795 0.929861 0.614497 0.930247 0.611198 0.933025 0.613325 0.939198 0.613325 0.944059 0.612153 0.950926 0.609635 0.954398
1 0.590885 0.835957 0.571094 0.879475 0.562240 0.861265 0.562457 0.855864 0.565017 0.847145 0.567578 0.842593 0.571571 0.840123 0.579470 0.838889 0.584852 0.835571 0.588542 0.835571
1 0.554340 0.842207 0.524740 0.775000 0.534505 0.766204 0.541319 0.766049 0.541970 0.768981 0.543359 0.769985 0.539410 0.787423 0.540061 0.790123 0.541580 0.791281 0.545226 0.788966 0.547222 0.790895 0.549089 0.798997 0.553602 0.803704 0.554080 0.807330 0.556076 0.809645 0.559766 0.808025 0.561328 0.809028 0.562326 0.814352 0.560938 0.821373 0.558420 0.824074 0.557335 0.836960 0.556163 0.840123
1 0.516580 0.756481 0.550130 0.678241 0.548264 0.686111 0.546181 0.691049 0.545790 0.704398 0.539757 0.706559 0.531207 0.724769 0.527561 0.734722 0.526345 0.741049 0.522135 0.751003 0.517535 0.758642
1 0.612109 0.788966 0.609245 0.786420 0.610026 0.776698 0.615668 0.764275 0.619922 0.766358 0.634679 0.729784 0.635069 0.722840 0.638542 0.712500 0.642839 0.710108 0.663845 0.655556 0.662674 0.652701 0.663845 0.646914 0.668056 0.644830 0.670139 0.638580 0.669922 0.633642 0.673655 0.632407 0.676432 0.627855 0.676910 0.615818 0.681814 0.615046 0.683898 0.610417 0.684809 0.601775 0.689714 0.594753 0.693924 0.580633 0.696224 0.579012 0.698351 0.574460 0.701606 0.561188 0.704036 0.557639 0.707335 0.548920 0.708767 0.541744 0.708507 0.538503 0.710981 0.533179 0.714236 0.529012 0.715495 0.521373 0.717448 0.515432 0.723177 0.507870 0.724349 0.502083 0.728082 0.504167 0.612370 0.788040
1 0.649870 0.503627 0.648958 0.507793 0.643576 0.516049 0.637066 0.530093 0.631727 0.535957 0.625911 0.549151 0.623872 0.555864 0.622396 0.555170 0.620920 0.556173 0.619575 0.555170 0.618012 0.556404 0.615885 0.555478 0.614714 0.546373 0.613542 0.544985 0.614106 0.543519 0.613628 0.539352 0.612109 0.538272 0.610807 0.539043 0.605339 0.552083 0.603689 0.553241 0.603385 0.556713 0.601693 0.558796 0.598611 0.570370 0.594661 0.580247 0.583724 0.603009 0.577691 0.621605 0.573741 0.629090 0.571875 0.637346 0.569054 0.643133 0.565321 0.648148 0.564193 0.652701 0.559766 0.660957 0.555078 0.665509 0.650955 0.430941 0.667405 0.450540 0.662804 0.462577 0.660547 0.471451 0.659505 0.480015 0.654688 0.492361 0.652821 0.502778
1 0.648047 0.426929 0.521832 0.735417 0.520747 0.728472 0.515972 0.724846 0.512891 0.727083 0.511632 0.732562 0.514193 0.743904 0.516667 0.747994 0.515582 0.750694 0.474219 0.658256 0.481293 0.647762 0.488238 0.647762 0.489540 0.650926 0.489670 0.658102 0.490668 0.664198 0.493880 0.665046 0.496484 0.659259 0.496484 0.657022 0.494705 0.652701 0.494531 0.646605 0.496962 0.644367 0.499566 0.644907 0.500217 0.663349 0.498438 0.670216 0.496007 0.687191 0.494705 0.690664 0.497135 0.686034 0.499870 0.683410 0.500521 0.691512 0.498090 0.698380 0.497786 0.705864 0.502865 0.704552 0.504297 0.706481 0.508811 0.707253 0.516189 0.704321 0.517535 0.707330 0.518707 0.714043 0.521745 0.716358 0.523915 0.715278 0.525477 0.712654 0.528038 0.713657 0.535937 0.697840 0.550174 0.664198 0.555208 0.649769 0.556337 0.641744 0.557943 0.639120 0.559418 0.638889 0.566363 0.623920 0.568142 0.617284 0.569575 0.615895 0.584809 0.580478 0.585286 0.572762 0.586719 0.572145 0.589019 0.566667 0.590625 0.557485 0.593359 0.553472 0.596441 0.552623 0.604557 0.530093 0.613064 0.492207 0.611892 0.486960 0.614106 0.484259 0.615365 0.478781 0.613325 0.465046 0.609505 0.462886 0.608898 0.455710 0.609549 0.452932 0.609288 0.450154 0.609852 0.450617 0.617057 0.444753 0.619227 0.441049 0.621311 0.439892 0.622309 0.440586 0.629427 0.435957 0.632031 0.433025 0.634505 0.428704 0.635069 0.422840 0.636328 0.418750 0.636155 0.416512
1 0.498741 0.598843 0.497179 0.608951 0.494184 0.615972 0.492318 0.624460 0.492405 0.635571 0.495399 0.640895 0.495399 0.644059 0.493229 0.648225 0.489497 0.648380 0.487240 0.645448 0.486198 0.639892 0.483203 0.636960 0.498568 0.598843
1 0.458116 0.536497 0.455946 0.546296 0.455946 0.553858 0.458116 0.559259 0.459332 0.559259 0.459896 0.557639 0.460677 0.546296 0.462804 0.539275 0.469097 0.532330 0.473698 0.531096 0.476389 0.529090 0.478646 0.529552 0.479774 0.533719 0.481467 0.534336 0.482682 0.538117 0.482813 0.543904 0.481554 0.548920 0.482031 0.553704 0.486719 0.554090 0.488108 0.556481 0.488108 0.561497 0.486198 0.572222 0.484722 0.579244 0.482943 0.583642 0.480556 0.587037 0.476736 0.588657 0.471571 0.593056 0.468099 0.598380 0.466059 0.603395 0.466406 0.605787 0.470573 0.607793 0.476736 0.628395 0.476736 0.635108 0.470269 0.651157 0.440582 0.580015 0.458116 0.535340
1 0.468099 0.601929 0.468707 0.597994 0.470269 0.596914 0.473134 0.597994 0.473785 0.600772 0.473220 0.603318 0.470269 0.605787 0.468707 0.604707
1 0.484809 0.604784 0.486328 0.605941 0.486979 0.608642 0.486675 0.610880 0.484635 0.615355 0.482509 0.623765 0.480208 0.626389 0.478689 0.625309 0.478038 0.622531 0.479731 0.614969 0.482986 0.606636
1 0.493750 0.588272 0.498785 0.578704 0.499523 0.581019 0.494618 0.589815
1 0.507335 0.556096 0.508811 0.549923 0.511155 0.546991 0.512023 0.548534 0.508203 0.557639
1 0.518316 0.529012 0.519097 0.531327 0.515755 0.539429 0.514887 0.537886 0.515712 0.535108
1 0.530773 0.500772 0.526563 0.512037 0.525694 0.510494 0.526910 0.505015 0.528993 0.500077 0.530469 0.499614
1 0.581207 0.372840 0.581988 0.375077 0.577865 0.385880 0.576997 0.384336 0.577083 0.379090 0.580425 0.373843
1 0.493359 0.325772 0.493056 0.328858 0.492101 0.329012
1 0.444401 0.496914 0.444227 0.506173 0.443099 0.511574 0.439540 0.520525 0.439670 0.528009 0.441970 0.528318 0.443750 0.533488 0.441493 0.542130 0.441623 0.546451 0.442839 0.542824 0.445530 0.541204 0.445833 0.553858 0.444184 0.561806 0.446875 0.553627 0.450130 0.550772 0.439366 0.579475 0.416146 0.522454 0.425477 0.498765 0.429123 0.492052 0.432856 0.489198 0.433941 0.486806 0.435156 0.486806 0.436111 0.488426 0.437717 0.486497 0.439974 0.491590 0.443056 0.494907
1 0.422309 0.444444 0.419531 0.450463 0.419618 0.452623 0.420312 0.452623 0.420747 0.450617 0.422526 0.451389 0.421181 0.464815 0.417622 0.477160 0.417925 0.481173 0.423655 0.479784 0.424566 0.481559 0.424132 0.489969 0.422656 0.498534 0.423003 0.497840 0.422917 0.500463 0.415148 0.520525 0.397179 0.476620 0.417101 0.422531 0.421962 0.425154 0.421311 0.435494 0.422526 0.442284
1 0.420877 0.336497 0.418446 0.348920 0.418620 0.356096 0.417318 0.360417 0.413455 0.361265 0.414410 0.363580 0.414410 0.368750 0.413108 0.371296 0.411979 0.371296 0.411806 0.375926 0.408420 0.384568 0.407943 0.391127 0.405339 0.398611 0.403429 0.400926 0.403429 0.405247 0.401953 0.411883 0.400825 0.412423 0.400174 0.415046 0.404861 0.412423 0.404861 0.417052 0.403429 0.422762 0.403255 0.427932 0.403429 0.438580 0.404557 0.444676 0.404557 0.448688 0.402604 0.459028 0.396137 0.475540 0.380903 0.438349 0.420356 0.336651
1 0.378819 0.431559 0.368056 0.404707 0.377214 0.378318 0.376649 0.382870 0.377995 0.384799 0.377995 0.391049 0.382986 0.395216 0.383681 0.397377 0.385026 0.396914 0.393750 0.383951 0.397135 0.371759 0.403472 0.362423 0.406424 0.355710 0.386502 0.410648
1 0.367665 0.403549 0.357422 0.377392 0.360677 0.374151 0.366406 0.374769 0.371354 0.372994 0.374262 0.374537 0.383637 0.349614 0.387066 0.343904 0.388976 0.337886 0.391884 0.340586 0.367622 0.403935
1 0.414323 0.245216 0.415885 0.246373 0.416493 0.249074 0.415234 0.253395 0.413108 0.255556 0.411589 0.254398 0.410937 0.251698 0.412977 0.246065
1 0.406944 0.257407 0.408464 0.258565 0.409115 0.261265 0.408507 0.262963 0.409549 0.265818 0.411285 0.266898 0.411892 0.269676 0.411285 0.272377 0.409722 0.273534 0.403950 0.266975 0.403299 0.264043 0.404774 0.259568 0.406858 0.257407
1 0.402083 0.268210 0.403646 0.269290 0.404253 0.272068 0.403212 0.277469 0.401302 0.279475 0.399783 0.278395 0.399132 0.275231 0.400651 0.269059 0.402040 0.268210
1 0.359549 0.368056 0.356467 0.376929 0.349175 0.357485 0.373220 0.292052 0.395747 0.235648 0.396398 0.241975 0.394705 0.248997 0.392795 0.252855 0.392491 0.259645 0.374045 0.304861 0.370009 0.312500 0.369661 0.315664 0.366319 0.322222 0.367448 0.329630 0.366189 0.343210 0.357118 0.357562 0.356858 0.360802 0.355642 0.363812 0.358464 0.362963 0.360026 0.366204
1 0.354557 0.306481 0.355382 0.307948 0.353776 0.311728 0.352951 0.318441 0.350651 0.324228 0.349609 0.329012 0.350000 0.329707 0.352561 0.329707 0.353776 0.325926 0.356467 0.323457 0.361458 0.313426 0.364410 0.311265 0.367231 0.298611 0.371571 0.291127 0.372483 0.284954 0.376563 0.277469 0.377344 0.272917 0.380859 0.268133 0.386502 0.257099 0.348828 0.356944 0.341840 0.338966 0.354861 0.303781 0.356033 0.304012
1 0.355252 0.276389 0.356771 0.267130 0.360373 0.255478 0.334896 0.321296 0.341059 0.337423 0.353429 0.305093 0.353776 0.300309 0.348264 0.301775 0.342882 0.318673 0.342448 0.323688 0.340799 0.326312 0.339583 0.324846 0.339193 0.319599 0.339714 0.315278 0.344141 0.306019 0.345790 0.299769 0.349392 0.293673
1 0.363976 0.228009 0.364714 0.229475 0.364757 0.233333 0.358464 0.246528 0.356858 0.252469 0.349479 0.270139 0.349523 0.274228 0.346918 0.281944 0.345964 0.287423 0.345964 0.291821 0.335156 0.320139 0.330556 0.307330 0.350434 0.253086 0.365972 0.214660 0.365972 0.220370 0.364931 0.225463
1 0.356163 0.216744 0.354557 0.221759 0.352344 0.235262 0.348090 0.242978 0.345356 0.245216 0.344358 0.247762 0.344531 0.252546 0.346484 0.254321 0.347352 0.257176 0.346962 0.259722 0.344531 0.264660 0.340017 0.264352 0.340017 0.267747 0.341059 0.269907 0.340234 0.273611 0.337153 0.280093 0.337674 0.283642 0.334245 0.289660 0.334201 0.292978 0.332465 0.299151 0.329774 0.305170 0.325738 0.295293 0.355599 0.216435
1 0.348828 0.230633 0.347483 0.235108 0.342882 0.244213 0.341710 0.249383 0.340538 0.250463 0.339931 0.248302 0.341797 0.240895 0.349696 0.227083
1 0.341102 0.235340 0.341276 0.239969 0.336806 0.246142 0.336979 0.251620 0.340365 0.253935 0.344661 0.243981 0.325738 0.295756 0.321832 0.283565 0.339583 0.237346
1 0.457118 0.227315 0.449957 0.246219 0.433116 0.233796 0.436632 0.224151 0.438108 0.222994 0.441059 0.216744 0.442969 0.214583 0.447266 0.214583 0.452257 0.217978 0.457118 0.226543
1 0.471267 0.095062 0.473394 0.093133 0.478646 0.094290 0.483681 0.098997 0.483507 0.100077 0.486502 0.100000 0.476649 0.125540 0.432292 0.232099 0.417448 0.222299 0.425347 0.203549 0.425911 0.209028 0.427431 0.210108 0.433116 0.212423 0.436979 0.211497 0.442361 0.199306 0.447526 0.190123 0.452214 0.177778 0.458160 0.165123 0.461458 0.150772 0.460851 0.142901 0.459288 0.141744 0.457248 0.142747 0.444097 0.159105 0.471094 0.095062
1 0.438108 0.171296 0.438194 0.165972 0.435156 0.171219 0.434505 0.178241 0.431988 0.184414 0.429948 0.186034 0.428168 0.184568 0.426128 0.177006 0.429774 0.165664 0.429601 0.162577 0.434288 0.151698 0.428950 0.154475 0.437760 0.132407 0.453212 0.097762 0.454991 0.102546 0.456337 0.103395 0.460503 0.099614 0.462370 0.106019 0.464583 0.106944
1 0.438715 0.155170 0.441536 0.157407 0.448741 0.138812 0.448134 0.136111 0.445660 0.135185 0.442405 0.140664 0.441667 0.144676 0.436979 0.149460 0.438194 0.150849 0.438628 0.153241 0.437500 0.157022
1 0.424740 0.200694 0.431033 0.188117 0.417101 0.222531 0.404167 0.212886 0.410200 0.198843 0.409939 0.202315 0.410677 0.205247 0.416580 0.208796 0.419358 0.207253 0.424523 0.201080
1 0.436719 0.120062 0.435677 0.120756 0.427431 0.143596 0.418750 0.149383 0.411849 0.158796 0.434462 0.108333 0.435243 0.110262 0.437109 0.110802 0.437283 0.116127
1 0.408073 0.196219 0.413194 0.189198 0.404123 0.212346 0.393663 0.204552 0.399219 0.190509 0.402083 0.190664 0.408290 0.184799
1 0.395009 0.168904 0.395443 0.187577 0.394444 0.197762 0.392188 0.203858 0.383507 0.196759 0.394922 0.168904
1 0.385851 0.191358 0.383290 0.196759 0.375260 0.190818 0.386806 0.162346 0.383724 0.177083 0.384288 0.180478 0.386415 0.185031
1 0.374609 0.190664 0.368056 0.185262 0.371007 0.178086 0.377257 0.182176 0.378255 0.181713
1 0.367839 0.165664 0.369010 0.165278 0.370095 0.167438 0.370660 0.170602 0.369054 0.175077 0.369444 0.176698 0.370877 0.177238 0.367708 0.186343 0.361936 0.181019 0.367708 0.165432
1 0.352214 0.148457 0.354167 0.144367 0.359288 0.142361 0.360113 0.143827 0.357292 0.153704 0.351259 0.150849 0.352214 0.148534
1 0.346658 0.146605 0.348134 0.142824 0.349219 0.143287 0.351823 0.140664 0.352691 0.142207 0.352908 0.146836 0.351389 0.150540 0.346701 0.148457 0.346875 0.146991
1 0.312370 0.239352 0.313889 0.242978 0.312196 0.246914 0.310200 0.247762 0.309332 0.246142 0.311806 0.239815
1 0.321181 0.218904 0.322613 0.222068 0.320660 0.225154 0.319661 0.223225 0.321137 0.218904
1 0.332378 0.210262 0.333594 0.208719 0.334592 0.210417 0.333984 0.212963 0.332639 0.211420
1 0.327995 0.218596 0.329774 0.222222 0.328082 0.230324 0.320920 0.250617 0.314714 0.263966 0.311719 0.253704 0.321311 0.226929 0.322352 0.225926 0.323220 0.227469 0.322786 0.229012 0.327951 0.218596
1 0.352344 0.154012 0.351866 0.157253 0.349609 0.159491 0.348741 0.157948 0.351128 0.152546
1 0.338194 0.184336 0.339410 0.181790 0.340668 0.183179 0.339063 0.185880
1 0.937934 0.381481 0.938368 0.385185 0.937457 0.393519 0.935807 0.399537 0.934332 0.401620 0.931033 0.402469 0.927040 0.398920 0.925043 0.391821 0.925521 0.380864 0.929036 0.375386 0.931944 0.373380 0.933594 0.373380 0.936545 0.375849
1 0.884896 0.467361 0.887977 0.469599 0.889236 0.475077 0.888542 0.483719 0.887283 0.489198 0.884201 0.491435 0.881120 0.489198 0.879861 0.483719 0.879861 0.479630 0.881597 0.469599 0.884766 0.467361
1 0.886068 0.577778 0.883854 0.577932 0.869184 0.566744 0.866493 0.566744 0.862674 0.570833 0.861285 0.570833 0.856424 0.570139 0.855599 0.566358 0.858941 0.557948 0.875781 0.544985 0.879861 0.539583 0.882378 0.538580 0.885417 0.540895 0.886719 0.546296 0.886198 0.550000 0.884809 0.552701 0.885677 0.552083 0.888715 0.554321 0.890017 0.559799 0.887370 0.573148 0.887804 0.575000 0.886458 0.577855
1 0.845095 0.586034 0.848568 0.582562 0.855382 0.584954 0.860417 0.579475 0.866493 0.578472 0.870139 0.584259 0.870530 0.590123 0.875000 0.599151 0.881597 0.601852 0.885677 0.608102 0.889757 0.611343 0.891016 0.615432 0.892708 0.617747 0.898741 0.623534 0.908898 0.625849 0.907943 0.630633 0.908811 0.637577 0.914410 0.649074 0.920790 0.650386 0.923828 0.649537 0.927648 0.642207 0.928472 0.643904 0.928038 0.650540 0.928733 0.654707 0.930816 0.657870 0.933854 0.665895 0.937717 0.670216 0.941536 0.671451 0.944444 0.669522 0.945833 0.664738 0.948134 0.663580 0.951085 0.658102 0.951866 0.658102 0.952995 0.663272 0.951259 0.671219 0.953429 0.670988 0.955122 0.679861 0.957422 0.683951 0.960026 0.684877 0.963845 0.681790 0.968142 0.670602 0.973003 0.662269 0.956901 0.717901 0.842969 0.592670 0.845095 0.586420