0 0.149141 0.489097 0.198477 0.488472 0.177930 0.569306 0.121641 0.567014 0.148984 0.488819
0 0.201523 0.489097 0.254766 0.487639 0.243281 0.572500 0.181172 0.570139 0.201211 0.488194
0 0.178086 0.570625 0.153047 0.688472 0.088008 0.681319 0.121172 0.568611 0.177617 0.570278
0 0.242422 0.574028 0.229063 0.695972 0.156133 0.689375 0.181055 0.570903
0 0.390234 0.482500 0.404570 0.565972 0.333945 0.570139 0.331055 0.484583
0 0.404570 0.568611 0.427070 0.693958 0.341094 0.697778 0.334336 0.571736 0.404297 0.568403
0 0.394492 0.482500 0.453906 0.480694 0.478945 0.562986 0.408750 0.566806 0.394258 0.482500
0 0.516563 0.478889 0.550938 0.560000 0.483203 0.563819 0.457148 0.480139 0.516680 0.478750
0 0.597930 0.676736 0.518516 0.686111 0.483125 0.564097 0.551211 0.560486 0.597266 0.675556
0 0.479805 0.565139 0.515195 0.686181 0.429922 0.693125 0.408359 0.568889 0.479687 0.565139
0 0.564453 0.482014 0.617930 0.482639 0.663203 0.558889 0.605117 0.561111
0 0.717930 0.556111 0.666367 0.558472 0.620898 0.482778 0.669180 0.483819
0 0.715430 0.484097 0.766523 0.554167 0.721602 0.556389 0.672734 0.483889 0.715547 0.484097
0 0.828242 0.644931 0.781406 0.654306 0.721992 0.557639 0.768359 0.555069 0.827461 0.643472
0 0.719727 0.557847 0.779570 0.655278 0.724492 0.665486 0.667305 0.560208 0.719570 0.557847
0 0.664922 0.560625 0.721992 0.665694 0.658516 0.674861 0.605938 0.563056
1 0.168242 0.570903 0.174023 0.571389 0.173359 0.574444 0.170781 0.575694 0.166484 0.575694 0.166055 0.570139
1 0.183984 0.570625 0.201523 0.572083 0.198555 0.575694 0.187383 0.575417 0.183203 0.570903
1 0.338789 0.571458 0.347578 0.571042 0.343984 0.576597 0.341484 0.576389 0.338672 0.572014
1 0.372031 0.570000 0.380039 0.569444 0.376758 0.573611 0.373398 0.573611 0.372148 0.570833
1 0.384492 0.569444 0.393359 0.569097 0.391719 0.571458 0.388320 0.572222 0.385547 0.571250 0.384648 0.569653
1 0.393398 0.569028 0.394062 0.569028 0.393359 0.569097
1 0.408750 0.568403 0.467695 0.566250 0.465469 0.569028 0.455703 0.568264 0.452656 0.571458 0.446914 0.569653 0.444336 0.569653 0.443555 0.570625 0.429180 0.570000 0.424687 0.571806 0.420742 0.571806 0.418398 0.570625 0.414922 0.572639 0.409180 0.569236
1 0.499648 0.564653 0.524648 0.562847 0.523047 0.565208 0.521602 0.565625 0.519336 0.564444 0.518906 0.566458 0.517227 0.566667 0.508359 0.565417 0.502188 0.567222 0.499805 0.565069
1 0.611953 0.562153 0.663711 0.560694 0.662266 0.560972 0.659844 0.565278 0.656289 0.563889 0.620859 0.564722 0.616836 0.564444 0.611797 0.562431
1 0.718945 0.558125 0.715352 0.561528 0.702187 0.563264 0.683320 0.561875 0.674570 0.563472 0.672305 0.561667 0.670391 0.561667 0.669492 0.560069
1 0.725195 0.558333 0.733789 0.557708 0.730000 0.560069 0.726758 0.559931 0.724961 0.558333
1 0.733828 0.557708 0.734297 0.557708 0.733789 0.557708
1 0.734297 0.557708 0.738516 0.557431 0.737852 0.557708
1 0.738672 0.557292 0.740391 0.557292 0.738516 0.557431
1 0.740391 0.557292 0.756758 0.556250 0.755039 0.558681 0.751680 0.558681 0.750000 0.557292 0.746875 0.558472 0.740898 0.557292
1 0.756758 0.556111 0.758008 0.556111 0.756758 0.556250
1 0.758008 0.556111 0.760742 0.555972 0.758203 0.556319
1 0.760898 0.555694 0.761680 0.555903 0.760742 0.555972