0 0.999826 0.210571 1.000000 0.562423 0.957595 0.715586 0.842491 0.592670 0.904470 0.393056 0.952778 0.184182
0 0.951606 0.734414 0.930295 0.800926 0.893273 0.903241 0.850608 0.998380 0.669878 0.999846 0.699653 0.942052 0.767708 0.792438 0.837717 0.606404 0.951606 0.733796
0 0.832552 0.599923 0.781858 0.739429 0.720660 0.881096 0.665538 0.997762 0.628125 0.999228 0.574609 0.883410 0.733203 0.502006 0.831771 0.600772
0 0.729991 0.497840 0.570226 0.877778 0.517144 0.756173 0.653950 0.424923 0.729644 0.497145
0 0.649696 0.423302 0.514844 0.753009 0.474609 0.659491 0.590321 0.368519 0.649349 0.422762
0 0.584939 0.363194 0.470616 0.650463 0.440712 0.577238 0.540755 0.326312 0.584635 0.363117
0 0.438802 0.572608 0.417014 0.520448 0.504470 0.296836 0.537717 0.325231
0 0.501997 0.296065 0.415582 0.516744 0.397396 0.473688 0.475434 0.274074 0.501736 0.295602
0 0.396224 0.470370 0.382943 0.434722 0.452821 0.255478 0.474045 0.272840
0 0.948741 0.182639 0.927387 0.278549 0.899609 0.387269 0.837630 0.586883 0.740234 0.489660 0.853342 0.140509 0.947526 0.182716
0 0.849566 0.140278 0.820703 0.232099 0.771745 0.381713 0.734158 0.486651 0.656033 0.414583 0.767708 0.112886 0.849566 0.139738
0 0.763542 0.113426 0.712066 0.254784 0.652691 0.411034 0.595009 0.359105 0.697656 0.099151
0 0.690885 0.092207 0.588585 0.355093 0.545573 0.318827 0.637240 0.085262 0.690625 0.092747
0 0.634852 0.085725 0.542882 0.316358 0.508160 0.289892 0.593663 0.082022 0.634852 0.085340
0 0.590625 0.082022 0.505122 0.285340 0.479253 0.266281 0.556120 0.079552 0.590625 0.081173
0 0.553950 0.080478 0.476302 0.265741 0.455599 0.249306 0.526128 0.079630
0 0.521224 0.076466 0.450174 0.245139 0.433507 0.231327 0.497917 0.078164
0 0.496788 0.078549 0.433073 0.230710 0.417882 0.220910 0.477734 0.078549 0.496788 0.078858
0 0.476259 0.078858 0.416276 0.220602 0.404297 0.212886 0.459592 0.080324
0 0.459288 0.080324 0.403819 0.211960 0.393446 0.204552 0.445356 0.080864 0.458464 0.080324
0 0.392014 0.203549 0.383333 0.196373 0.431858 0.079938 0.443663 0.079321
0 0.431207 0.080556 0.382899 0.194367 0.375608 0.189198 0.420660 0.080787 0.431076 0.080324
0 0.419618 0.081944 0.374696 0.188349 0.368533 0.183410 0.410547 0.082562 0.419748 0.081713
0 0.409766 0.082716 0.367274 0.184182 0.361675 0.179630 0.402127 0.082948 0.409766 0.082562
0 0.447352 0.251157 0.378082 0.429552 0.367578 0.401235 0.430686 0.238040
0 0.416102 0.227006 0.429514 0.238040 0.367188 0.399537 0.358073 0.376775 0.416102 0.226620
0 0.414800 0.225772 0.356944 0.375926 0.349262 0.355633 0.402951 0.216204
0 0.402040 0.216358 0.348307 0.355556 0.341363 0.338040 0.391840 0.208333 0.402040 0.216127
0 0.341059 0.336574 0.335373 0.320448 0.381814 0.200000 0.391189 0.206867
0 0.381814 0.198765 0.335026 0.319059 0.330425 0.305633 0.373958 0.193056 0.381510 0.199228
0 0.367231 0.188194 0.373394 0.193210 0.329905 0.304861 0.325781 0.293287 0.367101 0.188194
0 0.360720 0.182407 0.366493 0.187809 0.325260 0.291667 0.321441 0.283102
0 0.401780 0.048843 0.379948 0.097454 0.372526 0.097454 0.393403 0.051003 0.401780 0.048380
0 0.392752 0.051620 0.372309 0.096991 0.366536 0.097068 0.386502 0.052855
0 0.379080 0.098611 0.357465 0.151775 0.351693 0.149151 0.372222 0.098380 0.378993 0.098611
0 0.366102 0.097917 0.371701 0.098611 0.351736 0.148843 0.346484 0.147145 0.366102 0.097762
0 0.350564 0.150077 0.330686 0.200000 0.327431 0.194985 0.346398 0.147454
0 0.356771 0.153549 0.336328 0.208179 0.331337 0.200694 0.350911 0.150386 0.356858 0.153549
0 0.335156 0.207639 0.314323 0.264583 0.312066 0.254167 0.330903 0.201543
0 0.326953 0.196528 0.330339 0.202006 0.311849 0.253935 0.309679 0.244367 0.326953 0.196451
1 0.850477 0.598457 0.849740 0.595062 0.851823 0.589815 0.852821 0.584259 0.854948 0.582562 0.857726 0.582562 0.869705 0.596451 0.874479 0.604090 0.886719 0.615123 0.893186 0.625154 0.896224 0.625849 0.898958 0.631559 0.901042 0.633796 0.905686 0.635108 0.909679 0.638272 0.915061 0.644830 0.918533 0.650926 0.922569 0.665046 0.921918 0.668210 0.920399 0.669367 0.918837 0.668210 0.850260 0.598380 0.851215 0.599151
1 0.739453 0.487577 0.742491 0.482793 0.744488 0.483410 0.745182 0.479861 0.750217 0.475077 0.757899 0.475077 0.760938 0.478009 0.763628 0.478627 0.771658 0.488812 0.774349 0.495910 0.780035 0.497145 0.780729 0.498920 0.784418 0.498920 0.788455 0.503704 0.796832 0.509645 0.798177 0.512654 0.800825 0.514429 0.805556 0.522762 0.812934 0.531713 0.815278 0.536497 0.816276 0.536497 0.818620 0.539429 0.818967 0.541281 0.820964 0.541821 0.824653 0.546605 0.832031 0.550154 0.834028 0.553164 0.835373 0.553164 0.837717 0.556713 0.841753 0.560340 0.844097 0.564506 0.837413 0.587191 0.738455 0.490586
1 0.736719 0.477932 0.734592 0.484568 0.733290 0.483719 0.657595 0.413580 0.661979 0.401775 0.666016 0.400617 0.671528 0.400617 0.674089 0.401775 0.676519 0.404321 0.679123 0.409799 0.683160 0.415278 0.694965 0.423071 0.708898 0.438272 0.721832 0.448611 0.727821 0.454938 0.731033 0.461574 0.731033 0.465046 0.734939 0.469599 0.736545 0.477932
1 0.594835 0.361188 0.597222 0.354012 0.600781 0.347068 0.609201 0.348225 0.611979 0.350540 0.614236 0.357176 0.620703 0.359491 0.624089 0.365509 0.625564 0.366667 0.628776 0.368364 0.634115 0.368673 0.641580 0.377315 0.649002 0.378164 0.651910 0.380170 0.658203 0.392284 0.658724 0.397994 0.652865 0.411806
1 0.589410 0.353395 0.545747 0.317130 0.546094 0.313426 0.559679 0.287809 0.560981 0.286111 0.564019 0.285262 0.564540 0.286111 0.564193 0.291590 0.563064 0.293596 0.560460 0.294985 0.560460 0.296142 0.566797 0.308256 0.567101 0.312269 0.566450 0.314892 0.569054 0.314892 0.571311 0.316590 0.577300 0.316590 0.578733 0.315432 0.580208 0.311728 0.582161 0.310262 0.585069 0.309645 0.586675 0.311111 0.586024 0.320062 0.585069 0.323225 0.588151 0.325463 0.589106 0.336960 0.592361 0.340123 0.592491 0.344444
1 0.518924 0.263117 0.524262 0.253318 0.529080 0.250463 0.530208 0.252469 0.530382 0.254784 0.528429 0.259645 0.533160 0.261343 0.535243 0.265664 0.534939 0.271142 0.533637 0.276312 0.531380 0.280941 0.541536 0.271451 0.543316 0.271451 0.544792 0.273765 0.545443 0.278086 0.544618 0.290664 0.545747 0.291821 0.547873 0.288657 0.549783 0.288657 0.552561 0.292438 0.543316 0.316590 0.508377 0.288657 0.516970 0.265123
1 0.501649 0.215432 0.502300 0.216281 0.502300 0.224383 0.500521 0.230941 0.500521 0.233873 0.502127 0.233565 0.504731 0.230401 0.507292 0.230401 0.509722 0.233565 0.509722 0.237269 0.508290 0.244522 0.505208 0.247685 0.501476 0.249383 0.497439 0.256559 0.497439 0.260031 0.498264 0.260031 0.505686 0.250540 0.509245 0.251698 0.506814 0.264352 0.506814 0.270679 0.507812 0.271219 0.508767 0.269753 0.510243 0.269753 0.510720 0.272068 0.506033 0.287886 0.479167 0.266049 0.499566 0.214043
1 0.514887 0.262809 0.515538 0.262346 0.516406 0.264738 0.513715 0.269059 0.512847 0.267515 0.513194 0.265123
1 0.469227 0.218596 0.473264 0.218596 0.476302 0.222531 0.476172 0.226157 0.473828 0.229167 0.473481 0.231173 0.474609 0.240355 0.475174 0.238503 0.477648 0.238503 0.478299 0.241898 0.481250 0.241127 0.482813 0.243133 0.480990 0.257716 0.476389 0.266667 0.455729 0.249074 0.466970 0.220370
1 0.474349 0.240818 0.473134 0.243133 0.474262 0.241358
1 0.484245 0.215278 0.485807 0.216435 0.486415 0.219136 0.485981 0.221528 0.484245 0.223688 0.484462 0.228086 0.481901 0.231019 0.478993 0.231019 0.476997 0.228627 0.476693 0.226157 0.478689 0.221219 0.484158 0.215278
1 0.491102 0.211883 0.492665 0.213040 0.493273 0.215972 0.491797 0.222994 0.489193 0.225231 0.487674 0.224074 0.487023 0.221373 0.487240 0.216358 0.488672 0.212423 0.491016 0.211883
1 0.593967 0.899228 0.595530 0.900386 0.598394 0.908565 0.598655 0.912423 0.600087 0.916049 0.599436 0.918750 0.593967 0.920910 0.591753 0.920910 0.589974 0.919213 0.588759 0.914583 0.588759 0.908102 0.589280 0.905478 0.592752 0.899923
1 0.601302 0.924460 0.601953 0.921759 0.603472 0.920602 0.605035 0.921759 0.605642 0.924460 0.605425 0.930710 0.606597 0.932022 0.607292 0.936111 0.608984 0.939275 0.611458 0.941667 0.612066 0.944367 0.611545 0.949306 0.610026 0.953009 0.608507 0.953704 0.606858 0.952315 0.600304 0.941127 0.599653 0.933951 0.601302 0.928395 0.601302 0.924769
1 0.617535 0.976698 0.618186 0.973920 0.619705 0.972840 0.625738 0.979398 0.626345 0.982099 0.625694 0.984877 0.623611 0.985957 0.618316 0.979630
1 0.526085 0.774151 0.526823 0.771296 0.529644 0.769599 0.537370 0.768904 0.540929 0.771991 0.544965 0.783488 0.547873 0.794676 0.548307 0.803935 0.549002 0.806559 0.552431 0.810957 0.555642 0.817670 0.557422 0.827623 0.556684 0.834722 0.553125 0.836034 0.548698 0.830324 0.539887 0.806096 0.532205 0.789738 0.527431 0.781559 0.526866 0.777083
1 0.570573 0.857639 0.572135 0.858719 0.572743 0.861497 0.572743 0.869367 0.572135 0.872145 0.570573 0.873225 0.567578 0.870216 0.566450 0.865972 0.566797 0.863194 0.569227 0.858410
1 0.446224 0.566049 0.462240 0.526080 0.462717 0.528935 0.460634 0.537269 0.455599 0.546451 0.450260 0.565432 0.452691 0.560262 0.455946 0.560802 0.455946 0.572608 0.456424 0.572608 0.458854 0.561728 0.463064 0.558256 0.463845 0.555941 0.463845 0.552469 0.462543 0.550231 0.462543 0.547068 0.466276 0.535802 0.468403 0.533256 0.473090 0.532948 0.475347 0.528935 0.476302 0.529244 0.477431 0.533796 0.477431 0.543287 0.479210 0.547068 0.480339 0.556790 0.481988 0.553935 0.483767 0.553395 0.485547 0.555093 0.486979 0.559414 0.485677 0.570062 0.481988 0.583256 0.477908 0.587886 0.470312 0.587269 0.467101 0.599691 0.466927 0.601929 0.470009 0.608256 0.471788 0.617747 0.475174 0.626698 0.475000 0.639352 0.470486 0.650231 0.440885 0.579244 0.446571 0.565123
1 0.474349 0.659877 0.474783 0.655401 0.480599 0.649769 0.484852 0.649769 0.486849 0.652083 0.488194 0.656404 0.488194 0.662886 0.492231 0.664738 0.493793 0.667747 0.494618 0.671682 0.494792 0.687809 0.493099 0.695448 0.491840 0.696142 0.490321 0.694985 0.489757 0.692593 0.486719 0.689969 0.481727 0.675540 0.477604 0.667901 0.475564 0.666358 0.474957 0.662500
1 0.419054 0.514969 0.425434 0.503164 0.426606 0.493904 0.431293 0.489738 0.438281 0.488735 0.440191 0.494599 0.441580 0.508410 0.441580 0.512191 0.439019 0.519444 0.438455 0.528395 0.441189 0.528009 0.443316 0.530787 0.445052 0.534954 0.445833 0.540123 0.445833 0.550849 0.444878 0.559105 0.439627 0.573920 0.416927 0.520833 0.418576 0.514969
1 0.466276 0.513503 0.458637 0.529552 0.457075 0.530710 0.455339 0.529552 0.454731 0.526852 0.455078 0.521682 0.459549 0.511188 0.465625 0.504012 0.467144 0.505170 0.467795 0.507870 0.466927 0.511651
1 0.396788 0.474151 0.417014 0.423225 0.418359 0.423071 0.419705 0.420062 0.422179 0.421065 0.422526 0.429861 0.423524 0.434799 0.423090 0.440972 0.418490 0.452006 0.415104 0.454167 0.413194 0.460340 0.410503 0.461574 0.408464 0.465741 0.412760 0.465586 0.415321 0.459568 0.419835 0.452392 0.422526 0.452392 0.423524 0.454552 0.423655 0.458179 0.417014 0.476929 0.415234 0.484336 0.419141 0.481173 0.423090 0.480324 0.424436 0.481559 0.424436 0.485340 0.422179 0.499151 0.415668 0.517515
1 0.384939 0.429552 0.386155 0.424151 0.398047 0.395988 0.401563 0.383642 0.406727 0.374074 0.411328 0.369213 0.410981 0.374460 0.408854 0.381250 0.407378 0.396836 0.405686 0.400772 0.398524 0.406559 0.397830 0.409414 0.397743 0.414969 0.398611 0.416975 0.401780 0.415201 0.403125 0.410417 0.404818 0.411806 0.404818 0.417207 0.402127 0.427546 0.403559 0.436574 0.403776 0.442901 0.404818 0.444136 0.404818 0.446296 0.403776 0.450154 0.402127 0.452083 0.402431 0.454090 0.401563 0.456327 0.399306 0.458333 0.395920 0.472068 0.386849 0.445910 0.388281 0.442361 0.388064 0.438735 0.384245 0.433333
1 0.420356 0.214429 0.422960 0.214120 0.423872 0.215741 0.425955 0.215818 0.427387 0.218519 0.430382 0.218519 0.433811 0.221528 0.436241 0.221759 0.432769 0.231636 0.417361 0.220525 0.420226 0.214429
1 0.408724 0.203704 0.410156 0.208025 0.416102 0.210648 0.419705 0.214198 0.417101 0.220910 0.405035 0.211574 0.408594 0.203704
1 0.397049 0.195448 0.398785 0.196682 0.400391 0.202623 0.403516 0.201389 0.404123 0.205401 0.405642 0.202469 0.408116 0.201620 0.404080 0.211806 0.393880 0.204321 0.397135 0.195602
1 0.434115 0.231559 0.436068 0.227855 0.436415 0.225463 0.437500 0.224537 0.439670 0.226929 0.444792 0.229552 0.446528 0.234336 0.446528 0.237654 0.449740 0.235880 0.451953 0.239815 0.449913 0.245216 0.448177 0.244830 0.440061 0.237191 0.435200 0.234491 0.434592 0.232330
1 0.368750 0.397222 0.370703 0.395525 0.372135 0.397299 0.372266 0.401698 0.371528 0.403935 0.368924 0.404784 0.367839 0.403704 0.367274 0.400694 0.368707 0.397299
1 0.369835 0.409259 0.371832 0.404861 0.373741 0.404090 0.374783 0.405324 0.375738 0.409799 0.380686 0.412886 0.381250 0.418210 0.379340 0.425000 0.378342 0.426389 0.374653 0.421836 0.372309 0.417284 0.370443 0.410725