0 0.999826 0.210571 1.000000 0.562423 0.957595 0.715586 0.842491 0.592670 0.904470 0.393056 0.952778 0.184182
0 0.951606 0.734414 0.930295 0.800926 0.893273 0.903241 0.850608 0.998380 0.669878 0.999846 0.699653 0.942052 0.767708 0.792438 0.837717 0.606404 0.951606 0.733796
0 0.832552 0.599923 0.781858 0.739429 0.720660 0.881096 0.665538 0.997762 0.628125 0.999228 0.574609 0.883410 0.733203 0.502006 0.831771 0.600772
0 0.729991 0.497840 0.570226 0.877778 0.517144 0.756173 0.653950 0.424923 0.729644 0.497145
0 0.649696 0.423302 0.514844 0.753009 0.474609 0.659491 0.590321 0.368519 0.649349 0.422762
0 0.584939 0.363194 0.470616 0.650463 0.440712 0.577238 0.540755 0.326312 0.584635 0.363117
0 0.438802 0.572608 0.417014 0.520448 0.504470 0.296836 0.537717 0.325231
0 0.501997 0.296065 0.415582 0.516744 0.397396 0.473688 0.475434 0.274074 0.501736 0.295602
0 0.396224 0.470370 0.382943 0.434722 0.452821 0.255478 0.474045 0.272840
0 0.948741 0.182639 0.927387 0.278549 0.899609 0.387269 0.837630 0.586883 0.740234 0.489660 0.853342 0.140509 0.947526 0.182716
0 0.849566 0.140278 0.820703 0.232099 0.771745 0.381713 0.734158 0.486651 0.656033 0.414583 0.767708 0.112886 0.849566 0.139738
0 0.763542 0.113426 0.712066 0.254784 0.652691 0.411034 0.595009 0.359105 0.697656 0.099151
0 0.690885 0.092207 0.588585 0.355093 0.545573 0.318827 0.637240 0.085262 0.690625 0.092747
0 0.634852 0.085725 0.542882 0.316358 0.508160 0.289892 0.593663 0.082022 0.634852 0.085340
0 0.590625 0.082022 0.505122 0.285340 0.479253 0.266281 0.556120 0.079552 0.590625 0.081173
0 0.553950 0.080478 0.476302 0.265741 0.455599 0.249306 0.526128 0.079630
0 0.521224 0.076466 0.450174 0.245139 0.433507 0.231327 0.497917 0.078164
0 0.496788 0.078549 0.433073 0.230710 0.417882 0.220910 0.477734 0.078549 0.496788 0.078858
0 0.476259 0.078858 0.416276 0.220602 0.404297 0.212886 0.459592 0.080324
0 0.459288 0.080324 0.403819 0.211960 0.393446 0.204552 0.445356 0.080864 0.458464 0.080324
0 0.392014 0.203549 0.383333 0.196373 0.431858 0.079938 0.443663 0.079321
0 0.431207 0.080556 0.382899 0.194367 0.375608 0.189198 0.420660 0.080787 0.431076 0.080324
0 0.419618 0.081944 0.374696 0.188349 0.368533 0.183410 0.410547 0.082562 0.419748 0.081713
0 0.409766 0.082716 0.367274 0.184182 0.361675 0.179630 0.402127 0.082948 0.409766 0.082562
0 0.447352 0.251157 0.378082 0.429552 0.367578 0.401235 0.430686 0.238040
0 0.416102 0.227006 0.429514 0.238040 0.367188 0.399537 0.358073 0.376775 0.416102 0.226620
0 0.414800 0.225772 0.356944 0.375926 0.349262 0.355633 0.402951 0.216204
0 0.402040 0.216358 0.348307 0.355556 0.341363 0.338040 0.391840 0.208333 0.402040 0.216127
0 0.341059 0.336574 0.335373 0.320448 0.381814 0.200000 0.391189 0.206867
0 0.381814 0.198765 0.335026 0.319059 0.330425 0.305633 0.373958 0.193056 0.381510 0.199228
0 0.367231 0.188194 0.373394 0.193210 0.329905 0.304861 0.325781 0.293287 0.367101 0.188194
0 0.360720 0.182407 0.366493 0.187809 0.325260 0.291667 0.321441 0.283102
0 0.401780 0.048843 0.379948 0.097454 0.372526 0.097454 0.393403 0.051003 0.401780 0.048380
0 0.392752 0.051620 0.372309 0.096991 0.366536 0.097068 0.386502 0.052855
0 0.379080 0.098611 0.357465 0.151775 0.351693 0.149151 0.372222 0.098380 0.378993 0.098611
0 0.366102 0.097917 0.371701 0.098611 0.351736 0.148843 0.346484 0.147145 0.366102 0.097762
0 0.350564 0.150077 0.330686 0.200000 0.327431 0.194985 0.346398 0.147454
0 0.356771 0.153549 0.336328 0.208179 0.331120 0.200926 0.350911 0.150386 0.356858 0.153549
0 0.335156 0.207639 0.314323 0.264583 0.312066 0.254167 0.330903 0.201543
0 0.326953 0.196528 0.330339 0.202006 0.311849 0.253935 0.309679 0.244367 0.326953 0.196451
1 0.801736 0.496142 0.800738 0.500540 0.798264 0.502315 0.796094 0.500540 0.795790 0.495833 0.793056 0.495062 0.793533 0.492515 0.796701 0.488040 0.801085 0.492515
1 0.874913 0.475463 0.851780 0.543981 0.851606 0.548688 0.847439 0.556867 0.836806 0.588272 0.738976 0.488889 0.743837 0.477160 0.747092 0.471528 0.747656 0.465509 0.749392 0.462654 0.750087 0.459568 0.753168 0.457330 0.755339 0.458333 0.756858 0.460957 0.757682 0.460417 0.758333 0.462346 0.765972 0.461883 0.769054 0.464120 0.770312 0.469599 0.770312 0.474923 0.773351 0.481096 0.781424 0.483179 0.788281 0.493750 0.791884 0.502160 0.812804 0.512577 0.814583 0.514892 0.818620 0.526157 0.828733 0.529167 0.831988 0.533333 0.834332 0.538426 0.838672 0.538503 0.844184 0.540432 0.847526 0.537654 0.849783 0.538812 0.851606 0.541512 0.853429 0.537114 0.853993 0.530633 0.852300 0.521528 0.852344 0.517747 0.854731 0.511111 0.855295 0.504784 0.862066 0.504244 0.863845 0.500154 0.867144 0.486728 0.870530 0.479475 0.870530 0.474846 0.875868 0.463812 0.880642 0.444599 0.881641 0.434954 0.886372 0.431713 0.888455 0.428395
1 0.734158 0.488812 0.656901 0.416590 0.661111 0.402238 0.662283 0.400926 0.663715 0.393981 0.665972 0.389429 0.668229 0.388349 0.670313 0.387886 0.674175 0.390741 0.678472 0.388349 0.681293 0.390201 0.683420 0.397994 0.686632 0.405093 0.690365 0.402778 0.696658 0.402778 0.700217 0.404630 0.702648 0.407407 0.705556 0.415432 0.711806 0.426157 0.716970 0.439815 0.724392 0.448302 0.728993 0.444676 0.734375 0.444599 0.742274 0.441358 0.744748 0.442130 0.751476 0.433565 0.753602 0.425077 0.755425 0.422917 0.755295 0.418904 0.756207 0.415664 0.767535 0.394753
1 0.658420 0.397685 0.652083 0.413040 0.594792 0.361728 0.602214 0.342593 0.608681 0.340432 0.613802 0.340664 0.615278 0.344059 0.614670 0.345910 0.622222 0.353241 0.625347 0.354090 0.631293 0.359568 0.631641 0.355633 0.634766 0.354861 0.635851 0.356019 0.635677 0.360880 0.638368 0.364506 0.640408 0.363657 0.642448 0.364506 0.646658 0.369907 0.655642 0.370679 0.657639 0.372994 0.660069 0.373843 0.663672 0.371914 0.666059 0.366898 0.667101 0.372531 0.665191 0.380787 0.658420 0.396914
3 0.675825 0.105556 0.677648 0.107948 0.679036 0.103704 0.680512 0.102701 0.682031 0.103858 0.682682 0.107407 0.679036 0.118364 0.677431 0.119599 0.675651 0.118056 0.674045 0.124074 0.663021 0.149846 0.661892 0.150386 0.660373 0.149228 0.659722 0.146528 0.660069 0.144522 0.670269 0.119830 0.674349 0.106327 0.675738 0.105556
1 0.588628 0.356559 0.543446 0.319753 0.557682 0.284799 0.557378 0.287731 0.559549 0.288657 0.560286 0.293056 0.562804 0.299228 0.564627 0.301389 0.567969 0.302315 0.570920 0.306327 0.589193 0.313040 0.593750 0.320525 0.596181 0.322068 0.598003 0.320293 0.599523 0.321451 0.600174 0.324306 0.596875 0.333796
1 0.557986 0.277238 0.542925 0.318441 0.507812 0.289815 0.516536 0.268364 0.518273 0.267130 0.525651 0.266049 0.527604 0.271605 0.528906 0.272917 0.529470 0.277083 0.534939 0.277315 0.538151 0.275000 0.546962 0.278009 0.545790 0.285648 0.546484 0.290046 0.548177 0.289352 0.549957 0.291049 0.553819 0.277238 0.555556 0.275154 0.556684 0.275154 0.557986 0.277160
1 0.505339 0.289969 0.477431 0.269676 0.489280 0.241127 0.492535 0.244290 0.492057 0.248380 0.492708 0.253395 0.492057 0.255556 0.494661 0.264429 0.497656 0.262269 0.498568 0.262963 0.500043 0.257793 0.502127 0.254630 0.508724 0.248380 0.509635 0.250849 0.508984 0.259954 0.512977 0.265586 0.515365 0.264120 0.517144 0.261188
1 0.590885 0.835957 0.571094 0.879475 0.562240 0.861265 0.563108 0.853704 0.563498 0.855941 0.567665 0.861188 0.569010 0.860417 0.569792 0.858333 0.571311 0.858333 0.574523 0.855401 0.572917 0.862577 0.573568 0.865355 0.575087 0.866435 0.579384 0.860494 0.579427 0.857793 0.580773 0.856559 0.581293 0.854012 0.580729 0.848920 0.579297 0.846142 0.579036 0.838966 0.584852 0.835571 0.588542 0.835571
1 0.574523 0.843904 0.574523 0.847222 0.570399 0.850617 0.567187 0.850617 0.565321 0.846605 0.567578 0.842593 0.571571 0.840123 0.574826 0.839583 0.574566 0.843441
1 0.554340 0.842207 0.524740 0.775000 0.534505 0.766204 0.541319 0.766049 0.541970 0.768981 0.543359 0.769985 0.539410 0.787423 0.540061 0.790123 0.541580 0.791281 0.545226 0.788966 0.547222 0.790895 0.549089 0.798997 0.553602 0.803704 0.554080 0.807330 0.555903 0.809105 0.556076 0.821682 0.554774 0.828549 0.554774 0.833488 0.556597 0.838889 0.556163 0.840123
1 0.612109 0.788966 0.609245 0.786420 0.610503 0.784799 0.611545 0.774846 0.616753 0.768441 0.620139 0.765818 0.620920 0.767130 0.612370 0.788040
1 0.648047 0.426929 0.646962 0.429552 0.647135 0.426157
1 0.522526 0.732870 0.522049 0.726698 0.518707 0.723688 0.516797 0.722917 0.515061 0.723765 0.511111 0.718981 0.506901 0.720216 0.506554 0.722685 0.508420 0.726775 0.508724 0.729552 0.512153 0.734877 0.514193 0.743904 0.516667 0.747994 0.515582 0.750694 0.474219 0.658256 0.481293 0.647762 0.488238 0.647762 0.489540 0.650926 0.489670 0.658102 0.490668 0.664198 0.493880 0.665046 0.494401 0.663889 0.498090 0.673225 0.496441 0.684182 0.494488 0.691898 0.495530 0.696836 0.497700 0.700849 0.497786 0.705864 0.502083 0.708719 0.508594 0.707639 0.511198 0.709182 0.513542 0.707948 0.515104 0.704784 0.516189 0.704321 0.515799 0.707793 0.518273 0.716204 0.521007 0.717978 0.523351 0.716744 0.525477 0.712654 0.528168 0.713349 0.529774 0.716049 0.522526 0.732948
1 0.492318 0.617052 0.492448 0.622454 0.490495 0.632407 0.488585 0.631404 0.486762 0.632639 0.485547 0.631173 0.492188 0.614660 0.492318 0.616975
1 0.622266 0.480710 0.624132 0.472299 0.627083 0.473534 0.629210 0.472917 0.616276 0.504630 0.615972 0.500309
1 0.634635 0.451389 0.638802 0.439120 0.645443 0.433256 0.633594 0.462269 0.633377 0.456559
1 0.458116 0.536497 0.455946 0.546296 0.455946 0.553858 0.458116 0.559259 0.459332 0.559259 0.459896 0.557639 0.460677 0.546296 0.462804 0.539275 0.469097 0.532330 0.473698 0.531096 0.476389 0.529090 0.478646 0.529552 0.479774 0.533719 0.481467 0.534336 0.482682 0.538117 0.482813 0.543904 0.481554 0.548920 0.482031 0.553704 0.486719 0.554090 0.488108 0.556481 0.488108 0.561497 0.486198 0.572222 0.484722 0.579244 0.482943 0.583642 0.480556 0.587037 0.476736 0.588657 0.471571 0.593056 0.468099 0.598380 0.466059 0.603395 0.466406 0.605787 0.470573 0.607793 0.476736 0.628395 0.476736 0.635108 0.470269 0.651157 0.440582 0.580015 0.458116 0.535340
1 0.468099 0.601929 0.468707 0.597994 0.470269 0.596914 0.473134 0.597994 0.473785 0.600772 0.473220 0.603318 0.470269 0.605787 0.468707 0.604707
1 0.484809 0.604784 0.486328 0.605941 0.486979 0.608642 0.486675 0.610880 0.484635 0.615355 0.482509 0.623765 0.480208 0.626389 0.478689 0.625309 0.478038 0.622531 0.479731 0.614969 0.482986 0.606636
1 0.493750 0.588272 0.498785 0.578704 0.499523 0.581019 0.494618 0.589815
1 0.507335 0.556096 0.508811 0.549923 0.511155 0.546991 0.512023 0.548534 0.508203 0.557639
1 0.518316 0.529012 0.519097 0.531327 0.515755 0.539429 0.514887 0.537886 0.515712 0.535108
1 0.530773 0.500772 0.526563 0.512037 0.525694 0.510494 0.526910 0.505015 0.528993 0.500077 0.530469 0.499614
1 0.581207 0.372840 0.581988 0.375077 0.577865 0.385880 0.576997 0.384336 0.577083 0.379090 0.580425 0.373843
1 0.493359 0.325772 0.493056 0.328858 0.492101 0.329012
1 0.439670 0.528009 0.443229 0.535417 0.441493 0.542130 0.441623 0.546451 0.442839 0.542824 0.445530 0.541204 0.445833 0.553858 0.444184 0.561806 0.446875 0.553627 0.450130 0.550772 0.439366 0.579475 0.416146 0.522454 0.425477 0.498765 0.429123 0.492052 0.432856 0.489198 0.433941 0.486806 0.435156 0.486806 0.436111 0.488426 0.437717 0.486497 0.440365 0.491975 0.440625 0.506019 0.438194 0.518904 0.438498 0.524228 0.439627 0.526620
1 0.460243 0.513580 0.461762 0.514660 0.462413 0.517438 0.459158 0.525617 0.458550 0.530941 0.456988 0.532022 0.455469 0.530941 0.454818 0.528164 0.454991 0.522762 0.456814 0.517593 0.459462 0.513812
1 0.422309 0.444444 0.419531 0.450463 0.419618 0.452623 0.420312 0.452623 0.420747 0.450617 0.422526 0.451389 0.421181 0.464815 0.417622 0.477160 0.417925 0.481173 0.423655 0.479784 0.424566 0.481559 0.424132 0.489969 0.422656 0.498534 0.423003 0.497840 0.422917 0.500463 0.415148 0.520525 0.397179 0.476620 0.417101 0.422531 0.421962 0.425154 0.421311 0.435494 0.422526 0.442284
1 0.403429 0.400926 0.403429 0.405247 0.401953 0.411883 0.400825 0.412423 0.400174 0.415046 0.404861 0.412423 0.404861 0.417052 0.403429 0.422762 0.403255 0.427932 0.403429 0.438580 0.404557 0.444676 0.404557 0.448688 0.402604 0.459028 0.396137 0.475540 0.380903 0.438349 0.408420 0.367438 0.408767 0.379167 0.406380 0.394290 0.404644 0.399460
1 0.378819 0.431559 0.368056 0.404707 0.372700 0.391281 0.375087 0.395293 0.375694 0.400772 0.377214 0.401929 0.378733 0.400772 0.380078 0.396914 0.385286 0.398148 0.386068 0.400000 0.388064 0.400540 0.388281 0.405787 0.386502 0.410648
1 0.367665 0.403549 0.357422 0.377392 0.360677 0.374151 0.363932 0.374537 0.364193 0.378241 0.367057 0.382022 0.369141 0.381867 0.372266 0.379707 0.375174 0.375077 0.378255 0.364969 0.384245 0.351543 0.389193 0.343210 0.386458 0.350000 0.384332 0.360262 0.375347 0.383796 0.373915 0.385802 0.373437 0.388735 0.367622 0.403935
1 0.424826 0.249460 0.425694 0.251003 0.423524 0.254552 0.422786 0.252160 0.424740 0.249460
1 0.420833 0.259105 0.421701 0.260648 0.420790 0.265123 0.417448 0.272685 0.416667 0.270448 0.420790 0.259105
1 0.359549 0.368056 0.356467 0.376929 0.349175 0.357485 0.352127 0.349614 0.355295 0.352778 0.356554 0.361497 0.355642 0.363812 0.358464 0.362963 0.360026 0.366204
1 0.357292 0.335648 0.359201 0.337654 0.360200 0.336960 0.357422 0.349923 0.355990 0.344985 0.354167 0.344136
1 0.348828 0.356944 0.341840 0.338966 0.346484 0.324846 0.348351 0.324846 0.350434 0.330941 0.350868 0.333951 0.350260 0.335957 0.351910 0.337114 0.354861 0.334722 0.356033 0.330478 0.354644 0.328164 0.354948 0.325772 0.356771 0.323302 0.357769 0.323920 0.358116 0.326235 0.359418 0.323380 0.359983 0.327392
1 0.341927 0.326157 0.345790 0.320448 0.348307 0.311728 0.348698 0.307099 0.351128 0.304784 0.351519 0.301312 0.353776 0.300309 0.353429 0.305093 0.341059 0.337423 0.334896 0.321296 0.337413 0.314738 0.340017 0.319213 0.340712 0.325463
1 0.336632 0.316281 0.334332 0.305247 0.332465 0.302083 0.330556 0.307330 0.335156 0.320139
1 0.331467 0.301312 0.328299 0.288503 0.325738 0.295293 0.329774 0.305170
1 0.321832 0.283565 0.325217 0.274691 0.324479 0.281713 0.325174 0.285802 0.327040 0.289198 0.325391 0.294599
1 0.457118 0.227315 0.449957 0.246219 0.433116 0.233796 0.436632 0.224151 0.439540 0.219985 0.444358 0.222531 0.448394 0.228009 0.451128 0.229090
1 0.432292 0.232099 0.417448 0.222299 0.423047 0.209105 0.424219 0.211651 0.428689 0.216435 0.434896 0.218441 0.437804 0.215895 0.438628 0.216898
1 0.417101 0.222531 0.404167 0.212886 0.408898 0.201852 0.410677 0.205247 0.419401 0.209491 0.420747 0.208719 0.423524 0.202238 0.425217 0.202469
1 0.404123 0.212346 0.393663 0.204552 0.398394 0.192593 0.399653 0.198148 0.404340 0.201620 0.406684 0.201003 0.409462 0.195370 0.411198 0.194367
1 0.394444 0.197762 0.392188 0.203858 0.383507 0.196759 0.387413 0.187269 0.390451 0.192747 0.394705 0.194907
1 0.385851 0.191358 0.383290 0.196759 0.375260 0.190818 0.379253 0.180941 0.385894 0.190818
1 0.374609 0.190664 0.368056 0.185262 0.371007 0.178086 0.377257 0.182176 0.378255 0.181713
1 0.367708 0.186343 0.361936 0.181019 0.364800 0.173225 0.366363 0.177160 0.370443 0.178395
1 0.359288 0.142361 0.360113 0.143827 0.357292 0.153704 0.351259 0.150849 0.352214 0.148611 0.353516 0.149383 0.356424 0.147222 0.356944 0.143287
1 0.346658 0.146605 0.348134 0.142824 0.349219 0.143287 0.351823 0.140664 0.352691 0.142207 0.352908 0.146836 0.351389 0.150540 0.346701 0.148457 0.346875 0.146991
1 0.327995 0.218596 0.329774 0.222222 0.328082 0.230324 0.320920 0.250617 0.314714 0.263966 0.311719 0.253704 0.318967 0.233488 0.321528 0.229552 0.325955 0.226235 0.327951 0.218596
1 0.845095 0.586034 0.848568 0.582562 0.852040 0.583410 0.854036 0.578395 0.857205 0.574769 0.860894 0.574769 0.867231 0.577932 0.870139 0.584259 0.870530 0.590123 0.871528 0.592130 0.873568 0.592824 0.880252 0.601080 0.887326 0.605324 0.897396 0.615509 0.902344 0.624383 0.908898 0.625849 0.911198 0.627546 0.913368 0.632485 0.914019 0.639043 0.919097 0.642130 0.919488 0.646605 0.923828 0.649537 0.927648 0.642207 0.928472 0.643904 0.928038 0.650540 0.928733 0.654707 0.930816 0.657870 0.933854 0.665895 0.937717 0.670216 0.941536 0.671451 0.944444 0.669522 0.945833 0.664738 0.948134 0.663580 0.951085 0.658102 0.951866 0.658102 0.952995 0.663272 0.951259 0.671219 0.953429 0.670988 0.955122 0.679861 0.957422 0.683951 0.960026 0.684877 0.963845 0.681790 0.968142 0.670602 0.973003 0.662269 0.956901 0.717901 0.842969 0.592670 0.845095 0.586420
1 0.473915 0.226852 0.474523 0.229552 0.469878 0.240972 0.470182 0.241898 0.472439 0.243904 0.477214 0.240355 0.478733 0.241512 0.479210 0.247222 0.484375 0.240355 0.485894 0.241512 0.486545 0.244213 0.477734 0.266281 0.476259 0.267361 0.454818 0.253318 0.454167 0.250540 0.456207 0.244830 0.457856 0.243133 0.458550 0.240046 0.460938 0.236111 0.463542 0.234568 0.464323 0.231636 0.466580 0.232407 0.470095 0.230556 0.471788 0.227160 0.473394 0.226466