0 0.999826 0.210571 1.000000 0.562423 0.957595 0.715586 0.842491 0.592670 0.904470 0.393056 0.952778 0.184182
0 0.951606 0.734414 0.930295 0.800926 0.893273 0.903241 0.850608 0.998380 0.669878 0.999846 0.699653 0.942052 0.767708 0.792438 0.837717 0.606404 0.951606 0.733796
0 0.832552 0.599923 0.781858 0.739429 0.720660 0.881096 0.665538 0.997762 0.628125 0.999228 0.574609 0.883410 0.733203 0.502006 0.831771 0.600772
0 0.729991 0.497840 0.570226 0.877778 0.517144 0.756173 0.653950 0.424923 0.729644 0.497145
0 0.649696 0.423302 0.514844 0.753009 0.474609 0.659491 0.590321 0.368519 0.649349 0.422762
0 0.584939 0.363194 0.470616 0.650463 0.440712 0.577238 0.540755 0.326312 0.584635 0.363117
0 0.438802 0.572608 0.417014 0.520448 0.504470 0.296836 0.537717 0.325231
0 0.501997 0.296065 0.415582 0.516744 0.397396 0.473688 0.475434 0.274074 0.501736 0.295602
0 0.396224 0.470370 0.382943 0.434722 0.452821 0.255478 0.474045 0.272840
0 0.948741 0.182639 0.927387 0.278549 0.899609 0.387269 0.837630 0.586883 0.740234 0.489660 0.853342 0.140509 0.947526 0.182716
0 0.849566 0.140278 0.820703 0.232099 0.771745 0.381713 0.734158 0.486651 0.656033 0.414583 0.767708 0.112886 0.849566 0.139738
0 0.763542 0.113426 0.712066 0.254784 0.652691 0.411034 0.595009 0.359105 0.697656 0.099151
0 0.690885 0.092207 0.588585 0.355093 0.545573 0.318827 0.637240 0.085262 0.690625 0.092747
0 0.634852 0.085725 0.542882 0.316358 0.508160 0.289892 0.593663 0.082022 0.634852 0.085340
0 0.590625 0.082022 0.505122 0.285340 0.479253 0.266281 0.556120 0.079552 0.590625 0.081173
0 0.553950 0.080478 0.476302 0.265741 0.455599 0.249306 0.526128 0.079630
0 0.521224 0.076466 0.450174 0.245139 0.433507 0.231327 0.497917 0.078164
0 0.496788 0.078549 0.433073 0.230710 0.417882 0.220910 0.477734 0.078549 0.496788 0.078858
0 0.476259 0.078858 0.416276 0.220602 0.404297 0.212886 0.459592 0.080324
0 0.459288 0.080324 0.403819 0.211960 0.393446 0.204552 0.445356 0.080864 0.458464 0.080324
0 0.392014 0.203549 0.383333 0.196373 0.431858 0.079938 0.443663 0.079321
0 0.431207 0.080556 0.382899 0.194367 0.375608 0.189198 0.420660 0.080787 0.431076 0.080324
0 0.419618 0.081944 0.374696 0.188349 0.368533 0.183410 0.410547 0.082562 0.419748 0.081713
0 0.409766 0.082716 0.367274 0.184182 0.361675 0.179630 0.402127 0.082948 0.409766 0.082562
0 0.447352 0.251157 0.378082 0.429552 0.367578 0.401235 0.430686 0.238040
0 0.416102 0.227006 0.429514 0.238040 0.367188 0.399537 0.358073 0.376775 0.416102 0.226620
0 0.414800 0.225772 0.356944 0.375926 0.349262 0.355633 0.402951 0.216204
0 0.402040 0.216358 0.348307 0.355556 0.341363 0.338040 0.391840 0.208333 0.402040 0.216127
0 0.341059 0.336574 0.335373 0.320448 0.381814 0.200000 0.391189 0.206867
0 0.381814 0.198765 0.335026 0.319059 0.330425 0.305633 0.373958 0.193056 0.381510 0.199228
0 0.367231 0.188194 0.373394 0.193210 0.329905 0.304861 0.325781 0.293287 0.367101 0.188194
0 0.360720 0.182407 0.366493 0.187809 0.325260 0.291667 0.321441 0.283102
0 0.401780 0.048843 0.379948 0.097454 0.372526 0.097454 0.393403 0.051003 0.401780 0.048380
0 0.392752 0.051620 0.372309 0.096991 0.366536 0.097068 0.386502 0.052855
0 0.379080 0.098611 0.357465 0.151775 0.351693 0.149151 0.372222 0.098380 0.378993 0.098611
0 0.366102 0.097917 0.371701 0.098611 0.351736 0.148843 0.346484 0.147145 0.366102 0.097762
0 0.350564 0.150077 0.330686 0.200000 0.327431 0.194985 0.346398 0.147454
0 0.356771 0.153549 0.336328 0.208179 0.331120 0.200926 0.350911 0.150386 0.356858 0.153549
0 0.335156 0.207639 0.314323 0.264583 0.312066 0.254167 0.330903 0.201543
0 0.326953 0.196528 0.330339 0.202006 0.311849 0.253935 0.309679 0.244367 0.326953 0.196451
1 0.801736 0.496142 0.800738 0.500540 0.798264 0.502315 0.796094 0.500540 0.795790 0.495833 0.793056 0.495062 0.793533 0.492515 0.796701 0.488040 0.801085 0.492515
1 0.931858 0.256713 0.909115 0.356481 0.874913 0.475463 0.836806 0.588272 0.738976 0.488889 0.743837 0.477160 0.750825 0.465123 0.757682 0.460417 0.757812 0.465355 0.759766 0.472299 0.762370 0.476235 0.766797 0.477083 0.768750 0.482793 0.769835 0.489043 0.771441 0.489969 0.772700 0.493210 0.774696 0.494907 0.775694 0.497917 0.776823 0.498302 0.778385 0.501698 0.780859 0.503086 0.783073 0.501929 0.784939 0.499074 0.790625 0.507562 0.797613 0.514429 0.801085 0.519985 0.803646 0.519985 0.804774 0.517901 0.809375 0.521451 0.810807 0.523380 0.812457 0.532562 0.815799 0.536883 0.823307 0.542207 0.826259 0.546065 0.833898 0.550077 0.840668 0.556250 0.844575 0.555324 0.846484 0.552315 0.848264 0.544907 0.851606 0.541512 0.853429 0.537114 0.853993 0.530633 0.852300 0.521528 0.852344 0.517747 0.854731 0.511111 0.855295 0.504784 0.862066 0.504244 0.863845 0.500154 0.867144 0.486728 0.870530 0.479475 0.870530 0.474846 0.875868 0.463812 0.880642 0.444599 0.881858 0.436651 0.881467 0.433488 0.884418 0.430633 0.885590 0.426929 0.887413 0.426003 0.888021 0.423225 0.887413 0.420525 0.885894 0.419367 0.886111 0.415355 0.889714 0.406867 0.888889 0.403858 0.896571 0.388503 0.901432 0.367438 0.905122 0.358179 0.909592 0.338503 0.910156 0.322608 0.910764 0.320910 0.915017 0.317824 0.915017 0.315046 0.914062 0.313272 0.915799 0.309491 0.917361 0.302238 0.920269 0.298843 0.921224 0.291590 0.924740 0.283256 0.926259 0.272917 0.924523 0.271528 0.923958 0.267747 0.931510 0.255015
1 0.787326 0.339043 0.734158 0.488812 0.656901 0.416590 0.661111 0.402238 0.666450 0.396219 0.670182 0.393904 0.674045 0.393904 0.680859 0.396219 0.683420 0.397917 0.686675 0.404861 0.686328 0.407407 0.683767 0.412577 0.683898 0.415201 0.685373 0.417515 0.694748 0.419213 0.695312 0.418133 0.700738 0.424691 0.702821 0.425000 0.702691 0.426698 0.706424 0.429012 0.709332 0.432407 0.715495 0.443673 0.720530 0.449691 0.722309 0.453395 0.730556 0.454321 0.733073 0.456019 0.735286 0.459336 0.738238 0.460571 0.740755 0.459645 0.742839 0.457176 0.744227 0.453472 0.744444 0.442515 0.751476 0.433565 0.753602 0.425077 0.755425 0.422917 0.755295 0.418904 0.756207 0.415664 0.758420 0.411806 0.762500 0.400617 0.762891 0.388503 0.769922 0.379475 0.772743 0.373765 0.777648 0.359568 0.779731 0.348765 0.789236 0.324074 0.795399 0.304012 0.796398 0.301543 0.800217 0.299151
1 0.658420 0.397685 0.652083 0.413040 0.594792 0.361728 0.602214 0.342593 0.608681 0.340432 0.613802 0.340664 0.615278 0.344059 0.613238 0.350231 0.615278 0.354321 0.620009 0.353164 0.620399 0.349537 0.619314 0.343750 0.622960 0.344522 0.625911 0.348611 0.626736 0.352160 0.625130 0.362500 0.625521 0.368673 0.633333 0.367978 0.636762 0.369676 0.639931 0.375386 0.644661 0.380170 0.652474 0.380941 0.654774 0.384491 0.658420 0.396759
1 0.631033 0.358410 0.631641 0.355633 0.634766 0.354861 0.635851 0.356019 0.635503 0.364815 0.631641 0.361111
1 0.652170 0.374228 0.652821 0.371451 0.654340 0.370370 0.657769 0.371759 0.658420 0.374460 0.657769 0.377160 0.656250 0.378318 0.652908 0.377083
3 0.675825 0.105556 0.677648 0.107948 0.679036 0.103704 0.680512 0.102701 0.682031 0.103858 0.682682 0.107407 0.679036 0.118364 0.677431 0.119599 0.675651 0.118056 0.674045 0.124074 0.663021 0.149846 0.661892 0.150386 0.660373 0.149228 0.659722 0.146528 0.660069 0.144522 0.670269 0.119830 0.674349 0.106327 0.675738 0.105556
1 0.597266 0.332716 0.588628 0.356559 0.543446 0.319753 0.559158 0.281173 0.556814 0.290818 0.556424 0.296605 0.561675 0.291821 0.562630 0.294290 0.562717 0.297299 0.565451 0.299769 0.565799 0.302778 0.569097 0.306636 0.570399 0.311574 0.575825 0.310417 0.579948 0.312577 0.586198 0.304090 0.589844 0.302238 0.592969 0.316898 0.596137 0.320062 0.596311 0.328935
1 0.557986 0.277238 0.542925 0.318441 0.507812 0.289815 0.516536 0.268364 0.518229 0.267207 0.520703 0.259877 0.524566 0.256096 0.526823 0.256327 0.529167 0.258873 0.526780 0.278318 0.525347 0.282022 0.525998 0.284722 0.527517 0.285880 0.529080 0.284722 0.531510 0.279938 0.539844 0.273688 0.541667 0.275540 0.546398 0.273688 0.547352 0.275772 0.545052 0.289583 0.545052 0.296451 0.546007 0.300231 0.546007 0.304475 0.547439 0.303627 0.547613 0.296142 0.549219 0.293596 0.554427 0.275154 0.556684 0.275154 0.557986 0.277160
1 0.505339 0.289969 0.477431 0.269676 0.499089 0.217361 0.501042 0.221682 0.499219 0.237114 0.497309 0.244830 0.493620 0.250463 0.490321 0.261111 0.490451 0.266281 0.491927 0.270448 0.493446 0.271528 0.496615 0.268981 0.503993 0.253164 0.508724 0.248380 0.509635 0.250849 0.508377 0.262963 0.506988 0.266512 0.507595 0.269290 0.509158 0.270370 0.511675 0.268287 0.512413 0.265972 0.515365 0.264120 0.517361 0.259645 0.521094 0.244522 0.528906 0.232562
1 0.609462 0.954090 0.607682 0.958179 0.577257 0.890432 0.581163 0.888889 0.581424 0.893596 0.582899 0.900000 0.591536 0.919213 0.594661 0.922531 0.601172 0.919676 0.601823 0.916975 0.601172 0.914198 0.599653 0.913117 0.596788 0.914969 0.595052 0.914506 0.586458 0.895602 0.585503 0.890201 0.585634 0.883333 0.587760 0.882253 0.590972 0.876543 0.597222 0.879861 0.599957 0.884336 0.602257 0.891590 0.602865 0.896451 0.606337 0.903318 0.611589 0.910262 0.615668 0.912269 0.615451 0.921605 0.617231 0.925772 0.617795 0.929861 0.614497 0.930247 0.611198 0.933025 0.613325 0.939198 0.613325 0.944059 0.612153 0.950926 0.609635 0.954398
1 0.590885 0.835957 0.571094 0.879475 0.562240 0.861265 0.563108 0.853704 0.563498 0.855941 0.567665 0.861188 0.569010 0.860417 0.569792 0.858333 0.571311 0.858333 0.574523 0.855401 0.572917 0.862577 0.573568 0.865355 0.575087 0.866435 0.579384 0.860494 0.579427 0.857793 0.580773 0.856559 0.581293 0.854012 0.580729 0.848920 0.579297 0.846142 0.579036 0.838966 0.584852 0.835571 0.588542 0.835571
1 0.574523 0.843904 0.574523 0.847222 0.570399 0.850617 0.567187 0.850617 0.565321 0.846605 0.567578 0.842593 0.571571 0.840123 0.574826 0.839583 0.574566 0.843441
1 0.554340 0.842207 0.524740 0.775000 0.534505 0.766204 0.541319 0.766049 0.541970 0.768981 0.543359 0.769985 0.539410 0.787423 0.540061 0.790123 0.541580 0.791281 0.545226 0.788966 0.547222 0.790895 0.549089 0.798997 0.553602 0.803704 0.554080 0.807330 0.555903 0.809105 0.556076 0.821682 0.554774 0.828549 0.554774 0.833488 0.556597 0.838889 0.556163 0.840123
1 0.612109 0.788966 0.609245 0.786420 0.610503 0.784799 0.611545 0.774846 0.616753 0.768441 0.620139 0.765818 0.620920 0.767130 0.612370 0.788040
1 0.635069 0.722840 0.638542 0.712500 0.642839 0.710108 0.643359 0.708719 0.644227 0.709954 0.636762 0.728241 0.634809 0.727160
1 0.648047 0.426929 0.646962 0.429552 0.647135 0.426157
1 0.521832 0.735417 0.520747 0.728472 0.515972 0.724846 0.512891 0.727083 0.511632 0.732562 0.514193 0.743904 0.516667 0.747994 0.515582 0.750694 0.474219 0.658256 0.481293 0.647762 0.488238 0.647762 0.489540 0.650926 0.489670 0.658102 0.490668 0.664198 0.493880 0.665046 0.496484 0.659259 0.496484 0.657022 0.494705 0.652701 0.494531 0.646605 0.496962 0.644367 0.499566 0.644907 0.500217 0.663349 0.498438 0.670216 0.496007 0.687191 0.494705 0.690664 0.497135 0.686034 0.499870 0.683410 0.500521 0.691512 0.498090 0.698380 0.497786 0.705864 0.502865 0.704552 0.504297 0.706481 0.508811 0.707253 0.516189 0.704321 0.517535 0.707330 0.518707 0.714043 0.521745 0.716358 0.523915 0.715278 0.525477 0.712654 0.528168 0.713349 0.529774 0.716049
1 0.555208 0.649769 0.556337 0.641744 0.557943 0.639120 0.560894 0.639969 0.555339 0.653472 0.554384 0.652083
1 0.609505 0.519444 0.613021 0.504707 0.615321 0.502392 0.622266 0.480710 0.623698 0.473148 0.627431 0.466358 0.628472 0.461420 0.628472 0.453395 0.635547 0.442052 0.645443 0.433256 0.609375 0.521451 0.609462 0.519753
1 0.498741 0.598843 0.497179 0.608951 0.494184 0.615972 0.492318 0.624460 0.492405 0.635571 0.495399 0.640895 0.495399 0.644059 0.493229 0.648225 0.489497 0.648380 0.487240 0.645448 0.486198 0.639892 0.483203 0.636960 0.498568 0.598843
1 0.458116 0.536497 0.455946 0.546296 0.455946 0.553858 0.458116 0.559259 0.459332 0.559259 0.459896 0.557639 0.460677 0.546296 0.462804 0.539275 0.469097 0.532330 0.473698 0.531096 0.476389 0.529090 0.478646 0.529552 0.479774 0.533719 0.481467 0.534336 0.482682 0.538117 0.482813 0.543904 0.481554 0.548920 0.482031 0.553704 0.486719 0.554090 0.488108 0.556481 0.488108 0.561497 0.486198 0.572222 0.484722 0.579244 0.482943 0.583642 0.480556 0.587037 0.476736 0.588657 0.471571 0.593056 0.468099 0.598380 0.466059 0.603395 0.466406 0.605787 0.470573 0.607793 0.476736 0.628395 0.476736 0.635108 0.470269 0.651157 0.440582 0.580015 0.458116 0.535340
1 0.468099 0.601929 0.468707 0.597994 0.470269 0.596914 0.473134 0.597994 0.473785 0.600772 0.473220 0.603318 0.470269 0.605787 0.468707 0.604707
1 0.484809 0.604784 0.486328 0.605941 0.486979 0.608642 0.486675 0.610880 0.484635 0.615355 0.482509 0.623765 0.480208 0.626389 0.478689 0.625309 0.478038 0.622531 0.479731 0.614969 0.482986 0.606636
1 0.493750 0.588272 0.498785 0.578704 0.499523 0.581019 0.494618 0.589815
1 0.507335 0.556096 0.508811 0.549923 0.511155 0.546991 0.512023 0.548534 0.508203 0.557639
1 0.518316 0.529012 0.519097 0.531327 0.515755 0.539429 0.514887 0.537886 0.515712 0.535108
1 0.530773 0.500772 0.526563 0.512037 0.525694 0.510494 0.526910 0.505015 0.528993 0.500077 0.530469 0.499614
1 0.581207 0.372840 0.581988 0.375077 0.577865 0.385880 0.576997 0.384336 0.577083 0.379090 0.580425 0.373843
1 0.493359 0.325772 0.493056 0.328858 0.492101 0.329012
1 0.439670 0.528009 0.443229 0.535417 0.441493 0.542130 0.441623 0.546451 0.442839 0.542824 0.445530 0.541204 0.445833 0.553858 0.444184 0.561806 0.446875 0.553627 0.450130 0.550772 0.439366 0.579475 0.416146 0.522454 0.425477 0.498765 0.429123 0.492052 0.432856 0.489198 0.433941 0.486806 0.435156 0.486806 0.436111 0.488426 0.437717 0.486497 0.440365 0.491975 0.440625 0.506019 0.438194 0.518904 0.438498 0.524228 0.439627 0.526620
1 0.460243 0.513580 0.461762 0.514660 0.462413 0.517438 0.459158 0.525617 0.458550 0.530941 0.456988 0.532022 0.455469 0.530941 0.454818 0.528164 0.454991 0.522762 0.456814 0.517593 0.459462 0.513812
1 0.422309 0.444444 0.419531 0.450463 0.419618 0.452623 0.420312 0.452623 0.420747 0.450617 0.422526 0.451389 0.421181 0.464815 0.417622 0.477160 0.417925 0.481173 0.423655 0.479784 0.424566 0.481559 0.424132 0.489969 0.422656 0.498534 0.423003 0.497840 0.422917 0.500463 0.415148 0.520525 0.397179 0.476620 0.417101 0.422531 0.421962 0.425154 0.421311 0.435494 0.422526 0.442284
1 0.420877 0.336497 0.418446 0.348920 0.418620 0.356096 0.417318 0.360417 0.413455 0.361265 0.414410 0.363580 0.414410 0.368750 0.413108 0.371296 0.411979 0.371296 0.411806 0.375926 0.408420 0.384568 0.407943 0.391127 0.405339 0.398611 0.403429 0.400926 0.403429 0.405247 0.401953 0.411883 0.400825 0.412423 0.400174 0.415046 0.404861 0.412423 0.404861 0.417052 0.403429 0.422762 0.403255 0.427932 0.403429 0.438580 0.404557 0.444676 0.404557 0.448688 0.402604 0.459028 0.396137 0.475540 0.380903 0.438349 0.420356 0.336651
1 0.378819 0.431559 0.368056 0.404707 0.377214 0.378318 0.376649 0.382870 0.377995 0.384799 0.377995 0.391049 0.382986 0.395216 0.383681 0.397377 0.385026 0.396914 0.393750 0.383951 0.397135 0.371759 0.403472 0.362423 0.406424 0.355710 0.386502 0.410648
1 0.367665 0.403549 0.357422 0.377392 0.360677 0.374151 0.366406 0.374769 0.371354 0.372994 0.374262 0.374537 0.383637 0.349614 0.387066 0.343904 0.388976 0.337886 0.391884 0.340586 0.367622 0.403935
1 0.359549 0.368056 0.356467 0.376929 0.349175 0.357485 0.357292 0.335648 0.359201 0.337654 0.360894 0.336497 0.367101 0.327238 0.367448 0.329630 0.366059 0.339738 0.359722 0.350077 0.356510 0.351466 0.355903 0.354167 0.357118 0.357716 0.356858 0.360802 0.355642 0.363812 0.358464 0.362963 0.360026 0.366204
1 0.354557 0.306481 0.355382 0.307948 0.353776 0.311728 0.352951 0.318441 0.350651 0.324228 0.349609 0.329012 0.350000 0.329707 0.352561 0.329707 0.353776 0.325926 0.356467 0.323457 0.361458 0.313426 0.364410 0.311265 0.367318 0.301389 0.372526 0.294213 0.348828 0.356944 0.341840 0.338966 0.354861 0.303781 0.356033 0.304012
1 0.339583 0.324846 0.341927 0.326157 0.343490 0.324306 0.343707 0.321836 0.342057 0.316358 0.341536 0.316898 0.340668 0.315355 0.341580 0.312346 0.343663 0.315895 0.344705 0.314583 0.345573 0.316127 0.345095 0.317824 0.346311 0.318210 0.348524 0.311034 0.345660 0.314969 0.344792 0.313426 0.345095 0.312269 0.347049 0.311034 0.347092 0.308951 0.349002 0.306713 0.349870 0.307870 0.351519 0.303781 0.351519 0.301312 0.353776 0.300309 0.353429 0.305093 0.341059 0.337423 0.334896 0.321296 0.337413 0.314738 0.337804 0.319830 0.339193 0.322145 0.339540 0.324537
1 0.344054 0.301543 0.344922 0.303395 0.343750 0.305633 0.342882 0.304090 0.343186 0.302701
1 0.347526 0.302701 0.348394 0.304244 0.346354 0.308488 0.345486 0.306481 0.346875 0.303164
1 0.345964 0.287423 0.345486 0.289275 0.341884 0.291512 0.339800 0.301775 0.340408 0.306404 0.335156 0.320139 0.330556 0.307330 0.350434 0.253086 0.362413 0.223534 0.360677 0.234954 0.358637 0.242052 0.354557 0.250849 0.347743 0.270525 0.346398 0.276080 0.346658 0.283488
1 0.340017 0.264352 0.340017 0.267747 0.341059 0.269907 0.340234 0.273611 0.337153 0.280093 0.337674 0.283642 0.334245 0.289660 0.334201 0.292978 0.332465 0.299151 0.329774 0.305170 0.325738 0.295293 0.342839 0.250154 0.342925 0.254244 0.341450 0.264429
1 0.325738 0.295756 0.321832 0.283565 0.332205 0.256559 0.332726 0.259182 0.334028 0.260494 0.338802 0.260031
1 0.340365 0.237500 0.341406 0.239815 0.339887 0.242052 0.339019 0.239969 0.340321 0.237500
1 0.339583 0.244367 0.340625 0.242824 0.341884 0.246142 0.341319 0.247608 0.339887 0.247840 0.339019 0.246296 0.339583 0.244444
1 0.338368 0.247454 0.339236 0.248997 0.337153 0.254398 0.336285 0.252855 0.338325 0.247454
1 0.457118 0.227315 0.449957 0.246219 0.433116 0.233796 0.436632 0.224151 0.438108 0.222994 0.441059 0.216744 0.442969 0.214583 0.447266 0.214583 0.452257 0.217978 0.457118 0.226543
1 0.439453 0.214892 0.432943 0.217670 0.428689 0.216435 0.425911 0.213040 0.423785 0.207330 0.417448 0.222299 0.432292 0.232099
1 0.417101 0.222531 0.404167 0.212886 0.410200 0.198843 0.409939 0.202315 0.410677 0.205247 0.416580 0.208796 0.419358 0.207253 0.423655 0.202083 0.425217 0.202469
1 0.404123 0.212346 0.393663 0.204552 0.399045 0.190895 0.402083 0.195525 0.406076 0.197299 0.411198 0.194367
1 0.394444 0.197762 0.392188 0.203858 0.383507 0.196759 0.387413 0.187269 0.390451 0.192747 0.394705 0.194907
1 0.385851 0.191358 0.383290 0.196759 0.375260 0.190818 0.386589 0.162809 0.384418 0.175154 0.383030 0.177855 0.382509 0.181481 0.383247 0.185725 0.385894 0.190818
1 0.374609 0.190664 0.368056 0.185262 0.371007 0.178086 0.377257 0.182176 0.378255 0.181713
1 0.367708 0.186343 0.361936 0.181019 0.364800 0.173225 0.366363 0.177160 0.370443 0.178395
1 0.352214 0.148457 0.354167 0.144367 0.359288 0.142361 0.360113 0.143827 0.357292 0.153704 0.351259 0.150849 0.352214 0.148534
1 0.346658 0.146605 0.348134 0.142824 0.349219 0.143287 0.351823 0.140664 0.352691 0.142207 0.352908 0.146836 0.351389 0.150540 0.346701 0.148457 0.346875 0.146991
1 0.332378 0.210262 0.333594 0.208719 0.334592 0.210417 0.333984 0.212963 0.332639 0.211420
1 0.327995 0.218596 0.329774 0.222222 0.328082 0.230324 0.320920 0.250617 0.314714 0.263966 0.311719 0.253704 0.321311 0.226929 0.322352 0.225926 0.323220 0.227469 0.322786 0.229012 0.327951 0.218596
1 0.886068 0.577778 0.883854 0.577932 0.869184 0.566744 0.866493 0.566744 0.862674 0.570833 0.861285 0.570833 0.856424 0.570139 0.855599 0.566358 0.858941 0.557948 0.875781 0.544985 0.879861 0.539583 0.882378 0.538580 0.885417 0.540895 0.886719 0.546296 0.886198 0.550000 0.884809 0.552701 0.885677 0.552083 0.888715 0.554321 0.890017 0.559799 0.887370 0.573148 0.887804 0.575000 0.886458 0.577855
1 0.845095 0.586034 0.848568 0.582562 0.855382 0.584954 0.860417 0.579475 0.866493 0.578472 0.870139 0.584259 0.870530 0.590123 0.875000 0.599151 0.881597 0.601852 0.885677 0.608102 0.889757 0.611343 0.891016 0.615432 0.892708 0.617747 0.898741 0.623534 0.908898 0.625849 0.907943 0.630633 0.908811 0.637577 0.914410 0.649074 0.920790 0.650386 0.923828 0.649537 0.927648 0.642207 0.928472 0.643904 0.928038 0.650540 0.928733 0.654707 0.930816 0.657870 0.933854 0.665895 0.937717 0.670216 0.941536 0.671451 0.944444 0.669522 0.945833 0.664738 0.948134 0.663580 0.951085 0.658102 0.951866 0.658102 0.952995 0.663272 0.951259 0.671219 0.953429 0.670988 0.955122 0.679861 0.957422 0.683951 0.960026 0.684877 0.963845 0.681790 0.968142 0.670602 0.973003 0.662269 0.956901 0.717901 0.842969 0.592670 0.845095 0.586420
1 0.470573 0.217130 0.472135 0.218210 0.472743 0.220988 0.470530 0.226620 0.472352 0.225694 0.473915 0.226852 0.474523 0.229552 0.471398 0.238194 0.468056 0.244367 0.468186 0.245833 0.472656 0.246142 0.475564 0.242361 0.476866 0.242130 0.478906 0.244522 0.479210 0.247222 0.481597 0.245833 0.483116 0.246991 0.483767 0.249691 0.483290 0.253472 0.477734 0.266281 0.476259 0.267361 0.454818 0.253318 0.454167 0.250540 0.456207 0.244830 0.462543 0.238272 0.467361 0.220370 0.470486 0.217130