0 0.841172 0.292847 0.797500 0.446736 0.748945 0.444306 0.796719 0.295972
1 0.798086 0.446736 0.748945 0.443958 0.796719 0.295625 0.840977 0.292153
0 0.796445 0.451528 0.733750 0.644653 0.683086 0.632153 0.747617 0.448681
0 0.794414 0.296597 0.746641 0.444861 0.701680 0.442361 0.751992 0.300347 0.794609 0.296181
0 0.749688 0.302847 0.699609 0.441111 0.657656 0.439861 0.710781 0.305764 0.749922 0.302014
0 0.672695 0.310694 0.708516 0.306806 0.655156 0.441042 0.618086 0.439653 0.672617 0.311319
0 0.670078 0.311806 0.615234 0.438194 0.585938 0.438056 0.584570 0.434236 0.637031 0.316111 0.670195 0.311319
0 0.634258 0.317500 0.581055 0.434444 0.550781 0.434792 0.603750 0.320972 0.634062 0.317500
1 0.793984 0.297847 0.746641 0.443819 0.702383 0.441736 0.752852 0.300278 0.794375 0.297500
1 0.750703 0.301250 0.699648 0.441042 0.657930 0.439653 0.710898 0.305417 0.750312 0.301250
1 0.708906 0.306458 0.655508 0.440694 0.617852 0.438958 0.672383 0.310972 0.709102 0.306111
1 0.670273 0.312014 0.616133 0.439653 0.586211 0.439653 0.583906 0.435833 0.637070 0.315417 0.670273 0.311667
1 0.604336 0.320278 0.634062 0.317500 0.581055 0.435139 0.551172 0.435833 0.604102 0.320417
1 0.538477 0.431736 0.569141 0.361319 0.565273 0.354444 0.558086 0.355139 0.572422 0.324722 0.601562 0.321667 0.548750 0.435833 0.539844 0.435833 0.538477 0.432778
0 0.559219 0.355417 0.573984 0.324722 0.601133 0.320903 0.548164 0.435139 0.539609 0.435486 0.539023 0.431319 0.569688 0.361667 0.565234 0.354722
0 0.544297 0.329444 0.571133 0.325347 0.556445 0.357431 0.527852 0.362500 0.544453 0.329444
0 0.525586 0.363125 0.500664 0.368472 0.517813 0.332500 0.542422 0.329722 0.525781 0.363333
0 0.499336 0.368889 0.475391 0.373750 0.493984 0.335764 0.516367 0.332986 0.499258 0.368889
0 0.634687 0.618681 0.699961 0.447222 0.744453 0.449306 0.680625 0.630625 0.634297 0.618611
0 0.696875 0.447083 0.631016 0.617778 0.589883 0.607083 0.655820 0.445069
0 0.653086 0.445972 0.586875 0.605694 0.549805 0.595347 0.615664 0.444583
0 0.589023 0.444236 0.612891 0.444236 0.548086 0.595000 0.514687 0.585694 0.574062 0.455972 0.585938 0.455278 0.589219 0.445278
0 0.571875 0.455625 0.512813 0.585694 0.487578 0.578472 0.487773 0.574653 0.486602 0.573611 0.540898 0.455278
0 0.528750 0.454583 0.540781 0.454583 0.486211 0.572222 0.483125 0.566736 0.528750 0.454931
1 0.570937 0.325556 0.556094 0.356667 0.527383 0.363125 0.544258 0.328403
1 0.542539 0.329514 0.525977 0.363264 0.500430 0.368819 0.518203 0.332014 0.542539 0.329375
1 0.516797 0.332153 0.499570 0.369097 0.475547 0.373611 0.494336 0.334653 0.516758 0.332083
1 0.796094 0.452847 0.771289 0.531736 0.733437 0.644792 0.682734 0.632083 0.747305 0.449931 0.796328 0.452778
1 0.699062 0.446875 0.745156 0.448819 0.724805 0.510625 0.680586 0.631875 0.633945 0.618681 0.664023 0.542500 0.691914 0.468958 0.699180 0.447153
1 0.697578 0.446528 0.661445 0.541875 0.631367 0.618542 0.589453 0.606806 0.622070 0.528681 0.655703 0.444861
1 0.615195 0.443819 0.654297 0.445278 0.623437 0.520278 0.586914 0.605833 0.549687 0.595069 0.604688 0.472153 0.615625 0.444097
1 0.613047 0.444306 0.594727 0.487917 0.547695 0.594583 0.514648 0.585486 0.537305 0.538750 0.573711 0.456528 0.585430 0.456528 0.589336 0.444306
1 0.571406 0.455833 0.512773 0.584722 0.487305 0.578264 0.487148 0.573264 0.486367 0.572500 0.541094 0.455833
1 0.528945 0.454861 0.540117 0.455347 0.485273 0.571597 0.483125 0.567986 0.528945 0.454653
1 0.562148 0.358750 0.464805 0.583056 0.390469 0.758333 0.335977 0.714236 0.488203 0.373264 0.561445 0.358958
1 0.485430 0.375833 0.409766 0.540069 0.333086 0.710903 0.295820 0.679167 0.352617 0.550347 0.429258 0.387153 0.485156 0.376111
1 0.426875 0.388194 0.355703 0.538472 0.293438 0.676667 0.265547 0.651319 0.383906 0.397778 0.426758 0.387917
1 0.382031 0.397778 0.331328 0.502153 0.263672 0.649375 0.243125 0.631736 0.296992 0.510417 0.348438 0.405694 0.381992 0.397778
1 0.346172 0.407292 0.331211 0.436736 0.275820 0.553056 0.241211 0.630139 0.224805 0.615139 0.318984 0.412500 0.346289 0.406944
1 0.210547 0.600694 0.296406 0.417083 0.317773 0.412778 0.223867 0.613819
1 0.294648 0.418194 0.255703 0.499792 0.209531 0.600069 0.198867 0.588889 0.276289 0.421250 0.294531 0.417917
1 0.275234 0.421944 0.237656 0.500278 0.197617 0.587986 0.188320 0.578889 0.259648 0.424028 0.275156 0.421597
1 0.258359 0.424931 0.218281 0.509514 0.188008 0.578889 0.179492 0.570556 0.245117 0.426042 0.258477 0.424722
1 0.177500 0.574931 0.185742 0.584097 0.122109 0.733333 0.118633 0.715139 0.177461 0.575000
1 0.195117 0.594444 0.180820 0.626667 0.126484 0.755903 0.122266 0.734653 0.185781 0.584306
1 0.206602 0.606667 0.167109 0.697361 0.131680 0.783750 0.126445 0.758750 0.195195 0.595139 0.206719 0.606806
1 0.220859 0.620278 0.172422 0.731181 0.138047 0.814444 0.132227 0.784931 0.165156 0.705972 0.207734 0.607083 0.221328 0.620486
1 0.237852 0.638125 0.223320 0.670417 0.169531 0.796667 0.147109 0.853264 0.139375 0.816875 0.192773 0.689167 0.221563 0.622500
1 0.259375 0.659167 0.158477 0.898889 0.147773 0.855972 0.201836 0.725556 0.238789 0.640069
1 0.288320 0.686528 0.233281 0.816944 0.173906 0.960694 0.159102 0.905000 0.181484 0.848819 0.260937 0.660764 0.288672 0.686736
1 0.327500 0.722708 0.277422 0.841319 0.212891 0.998264 0.184492 0.999097 0.175625 0.967222 0.290000 0.688264 0.327695 0.721875
1 0.383750 0.771458 0.288281 0.999306 0.214688 0.999722 0.330781 0.725972
0 0.562891 0.358750 0.390039 0.757917 0.335469 0.713333 0.487734 0.373472 0.562891 0.358611
0 0.484844 0.376597 0.445625 0.459514 0.333594 0.710486 0.296328 0.678542 0.429727 0.385903 0.485391 0.375556
0 0.426484 0.388681 0.353047 0.544236 0.293867 0.675556 0.266016 0.650764 0.384297 0.397778 0.426797 0.388125
0 0.382383 0.397431 0.264492 0.651389 0.242344 0.631806 0.347852 0.406181 0.382109 0.397431
0 0.346250 0.406944 0.241172 0.629306 0.225117 0.614028 0.319688 0.412778 0.346680 0.406597
0 0.317500 0.413681 0.284609 0.481389 0.223672 0.613194 0.211016 0.600278 0.296563 0.417292 0.317422 0.413264
0 0.294453 0.418750 0.209648 0.598194 0.199531 0.588889 0.276406 0.421597 0.294063 0.418472
0 0.275312 0.421319 0.197578 0.588750 0.188398 0.579653 0.259570 0.424167
0 0.258203 0.425139 0.188008 0.579028 0.179297 0.570417 0.244375 0.426875 0.258359 0.424792
0 0.185469 0.583472 0.121602 0.733611 0.118242 0.715625 0.177617 0.574514 0.185703 0.583403
0 0.195742 0.594653 0.125742 0.757222 0.122031 0.735208 0.185898 0.583542
0 0.206680 0.606250 0.131523 0.783681 0.126680 0.758889 0.195820 0.595069
0 0.220781 0.620208 0.138164 0.814722 0.132344 0.785625 0.207617 0.606875
0 0.237305 0.638194 0.147031 0.853264 0.138867 0.816944 0.221406 0.622569 0.237969 0.638889
0 0.259492 0.658889 0.158477 0.900486 0.147734 0.855000 0.238437 0.639306 0.259727 0.658958
0 0.289023 0.686319 0.174219 0.962847 0.159375 0.905208 0.260547 0.660694 0.288867 0.686597
0 0.328555 0.721806 0.212266 0.999236 0.185000 0.999236 0.175000 0.966944 0.289375 0.688472
0 0.384414 0.772153 0.287070 0.999931 0.215391 1.000000 0.330547 0.725556 0.383633 0.771806