0 0.999826 0.210571 1.000000 0.562423 0.957595 0.715586 0.842491 0.592670 0.904470 0.393056 0.952778 0.184182
0 0.951606 0.734414 0.930295 0.800926 0.893273 0.903241 0.850608 0.998380 0.669878 0.999846 0.699653 0.942052 0.767708 0.792438 0.837717 0.606404 0.951606 0.733796
0 0.832552 0.599923 0.781858 0.739429 0.720660 0.881096 0.665538 0.997762 0.628125 0.999228 0.574609 0.883410 0.733203 0.502006 0.831771 0.600772
0 0.729991 0.497840 0.570226 0.877778 0.517144 0.756173 0.653950 0.424923 0.729644 0.497145
0 0.649696 0.423302 0.514844 0.753009 0.474609 0.659491 0.590321 0.368519 0.649349 0.422762
0 0.584939 0.363194 0.470616 0.650463 0.440712 0.577238 0.540755 0.326312 0.584635 0.363117
0 0.438802 0.572608 0.417014 0.520448 0.504470 0.296836 0.537717 0.325231
0 0.501997 0.296065 0.415582 0.516744 0.397396 0.473688 0.475434 0.274074 0.501736 0.295602
0 0.396224 0.470370 0.382943 0.434722 0.452821 0.255478 0.474045 0.272840
0 0.948741 0.182639 0.927387 0.278549 0.899609 0.387269 0.837630 0.586883 0.740234 0.489660 0.853342 0.140509 0.947526 0.182716
0 0.849566 0.140278 0.820703 0.232099 0.771745 0.381713 0.734158 0.486651 0.656033 0.414583 0.767708 0.112886 0.849566 0.139738
0 0.763542 0.113426 0.712066 0.254784 0.652691 0.411034 0.595009 0.359105 0.697656 0.099151
0 0.690885 0.092207 0.588585 0.355093 0.545573 0.318827 0.637240 0.085262 0.690625 0.092747
0 0.634852 0.085725 0.542882 0.316358 0.508160 0.289892 0.593663 0.082022 0.634852 0.085340
0 0.590625 0.082022 0.505122 0.285340 0.479253 0.266281 0.556120 0.079552 0.590625 0.081173
0 0.553950 0.080478 0.476302 0.265741 0.455599 0.249306 0.526128 0.079630
0 0.521224 0.076466 0.450174 0.245139 0.433507 0.231327 0.497917 0.078164
0 0.496788 0.078549 0.433073 0.230710 0.417882 0.220910 0.477734 0.078549 0.496788 0.078858
0 0.476259 0.078858 0.416276 0.220602 0.404297 0.212886 0.459592 0.080324
0 0.459288 0.080324 0.403819 0.211960 0.393446 0.204552 0.445356 0.080864 0.458464 0.080324
0 0.392014 0.203549 0.383333 0.196373 0.431858 0.079938 0.443663 0.079321
0 0.431207 0.080556 0.382899 0.194367 0.375608 0.189198 0.420660 0.080787 0.431076 0.080324
0 0.419618 0.081944 0.374696 0.188349 0.368533 0.183410 0.410547 0.082562 0.419748 0.081713
0 0.409766 0.082716 0.367274 0.184182 0.361675 0.179630 0.402127 0.082948 0.409766 0.082562
0 0.447352 0.251157 0.378082 0.429552 0.367578 0.401235 0.430686 0.238040
0 0.416102 0.227006 0.429514 0.238040 0.367188 0.399537 0.358073 0.376775 0.416102 0.226620
0 0.414800 0.225772 0.356944 0.375926 0.349262 0.355633 0.402951 0.216204
0 0.402040 0.216358 0.348307 0.355556 0.341363 0.338040 0.391840 0.208333 0.402040 0.216127
0 0.341059 0.336574 0.335373 0.320448 0.381814 0.200000 0.391189 0.206867
0 0.381814 0.198765 0.335026 0.319059 0.330425 0.305633 0.373958 0.193056 0.381510 0.199228
0 0.367231 0.188194 0.373394 0.193210 0.329905 0.304861 0.325781 0.293287 0.367101 0.188194
0 0.360720 0.182407 0.366493 0.187809 0.325260 0.291667 0.321441 0.283102
0 0.401780 0.048843 0.379948 0.097454 0.372526 0.097454 0.393403 0.051003 0.401780 0.048380
0 0.392752 0.051620 0.372309 0.096991 0.366536 0.097068 0.386502 0.052855
0 0.379080 0.098611 0.357465 0.151775 0.351693 0.149151 0.372222 0.098380 0.378993 0.098611
0 0.366102 0.097917 0.371701 0.098611 0.351736 0.148843 0.346484 0.147145 0.366102 0.097762
0 0.350564 0.150077 0.330686 0.200000 0.327431 0.194985 0.346398 0.147454
0 0.356771 0.153549 0.336328 0.208179 0.331120 0.200926 0.350911 0.150386 0.356858 0.153549
0 0.335156 0.207639 0.314323 0.264583 0.312066 0.254167 0.330903 0.201543
0 0.326953 0.196528 0.330339 0.202006 0.311849 0.253935 0.309679 0.244367 0.326953 0.196451
1 0.335634 0.208333 0.314193 0.264043 0.311979 0.254090 0.330686 0.201312 0.335938 0.208488
1 0.327040 0.196528 0.330295 0.201698 0.311979 0.253086 0.309332 0.243287 0.327127 0.195988
1 0.357031 0.154784 0.335720 0.207870 0.331033 0.201235 0.350694 0.151003 0.357248 0.154630
1 0.345660 0.148071 0.350347 0.150849 0.330686 0.200694 0.327561 0.195833 0.345833 0.148225
1 0.380859 0.099537 0.358073 0.151852 0.351997 0.148843 0.372483 0.098765
1 0.371962 0.098688 0.351953 0.148457 0.347092 0.146142 0.366189 0.098688
1 0.402083 0.049151 0.380816 0.098920 0.372960 0.097994 0.392969 0.051775
1 0.386719 0.053395 0.392405 0.052392 0.372526 0.098302 0.366840 0.098148 0.386806 0.053395
1 0.409418 0.084336 0.367491 0.184799 0.361545 0.180787 0.401649 0.083796 0.409505 0.084336
1 0.420095 0.082948 0.375477 0.190432 0.367752 0.184799 0.410286 0.083179 0.420095 0.082793
1 0.383247 0.196219 0.375477 0.190972 0.420095 0.082793 0.430729 0.082176
1 0.443316 0.081327 0.393186 0.203549 0.383550 0.196219 0.431380 0.082176
1 0.459115 0.081636 0.404167 0.211343 0.393490 0.204012 0.444792 0.082022
1 0.476432 0.080556 0.417188 0.220293 0.404774 0.211651 0.459896 0.081790
1 0.496441 0.079475 0.432161 0.232022 0.418012 0.221759 0.478125 0.079398 0.496571 0.079167
1 0.520747 0.077623 0.450781 0.245293 0.432726 0.232407 0.497569 0.078858 0.520486 0.077932
1 0.554297 0.081019 0.477040 0.267130 0.454948 0.249846 0.526259 0.080015 0.554427 0.081019
1 0.590408 0.083488 0.506554 0.289043 0.478385 0.268441 0.555599 0.081713 0.590365 0.082948
1 0.634722 0.087269 0.543490 0.317670 0.508247 0.290123 0.592535 0.083719 0.633507 0.087346
1 0.689583 0.096219 0.589887 0.356019 0.544792 0.318981 0.636849 0.088117 0.689236 0.096451
1 0.763715 0.115818 0.654297 0.412269 0.595269 0.359722 0.697830 0.100000
1 0.366233 0.188889 0.325174 0.293133 0.321615 0.284028 0.360590 0.183796 0.366363 0.188812
1 0.373568 0.194290 0.329644 0.305093 0.325347 0.293287 0.366406 0.188580 0.373568 0.194213
1 0.381163 0.200617 0.335113 0.319444 0.329818 0.305478 0.373785 0.194676 0.381120 0.200540
1 0.390712 0.209105 0.341276 0.335571 0.335330 0.319753 0.381424 0.201080
1 0.402040 0.217670 0.348655 0.355015 0.342144 0.337654 0.391319 0.209414
1 0.414757 0.227160 0.356901 0.376312 0.349089 0.355324 0.402648 0.217670 0.415234 0.227238
1 0.429991 0.239506 0.366667 0.399306 0.357205 0.376543 0.416146 0.227083
1 0.448090 0.251543 0.378472 0.430941 0.367274 0.400617 0.430556 0.239043 0.447569 0.252238
1 0.474349 0.274074 0.396528 0.473611 0.383030 0.436343 0.452431 0.255015 0.474349 0.273611
1 0.502040 0.297685 0.415408 0.519985 0.397700 0.475694 0.475738 0.274846 0.502040 0.297222
1 0.538455 0.327546 0.439540 0.576157 0.417405 0.521605 0.504384 0.298920 0.538368 0.327083
1 0.584592 0.365741 0.471181 0.650154 0.441233 0.578704 0.540278 0.327546
1 0.649175 0.424151 0.514844 0.753318 0.474262 0.658951 0.590929 0.371451
1 0.728950 0.500772 0.571311 0.879321 0.517925 0.758796 0.651519 0.427006 0.728385 0.500540
1 0.830903 0.603935 0.811719 0.655787 0.810069 0.655787 0.808637 0.658719 0.803906 0.658719 0.800825 0.660262 0.800000 0.661728 0.800000 0.665664 0.800825 0.668673 0.792101 0.671682 0.790408 0.665664 0.789280 0.652238 0.777561 0.642361 0.773915 0.635880 0.770009 0.623920 0.767752 0.620448 0.760764 0.614506 0.758550 0.614506 0.756858 0.618981 0.756597 0.626466 0.756858 0.655787 0.757422 0.657253 0.757422 0.679630 0.756858 0.681559 0.748785 0.678086 0.745703 0.670679 0.740668 0.665664 0.736458 0.663735 0.732856 0.663735 0.731163 0.664660 0.731163 0.665664 0.735330 0.674614 0.735069 0.685571 0.732856 0.691512 0.729470 0.691512 0.728082 0.688580 0.725564 0.686034 0.710200 0.685031 0.708247 0.683102 0.704601 0.682099 0.705425 0.685031 0.705425 0.691512 0.702734 0.718287 0.700217 0.720756 0.693793 0.720756 0.689019 0.724691 0.686241 0.730170 0.686502 0.738117 0.684549 0.748611 0.682031 0.748611 0.678689 0.742130 0.676432 0.742130 0.674219 0.736188 0.672266 0.736188 0.667491 0.726235 0.663585 0.722222 0.661372 0.727701 0.657465 0.728704 0.654948 0.733642 0.654080 0.733642 0.654080 0.737654 0.651302 0.742593 0.641797 0.744599 0.641536 0.755015 0.640104 0.758488 0.633116 0.761960 0.630599 0.767438 0.627344 0.802546 0.622309 0.816435 0.621484 0.816898 0.619531 0.822377 0.607205 0.822917 0.607205 0.829321 0.608594 0.834799 0.609462 0.843750 0.607769 0.853164 0.598264 0.866590 0.589193 0.864660 0.585503 0.867438 0.585286 0.877083 0.590365 0.884336 0.597526 0.887114 0.598134 0.890895 0.600260 0.893673 0.606467 0.907793 0.609766 0.912269 0.617318 0.918827 0.622960 0.931250 0.625087 0.934028 0.624132 0.940895 0.618880 0.943673 0.613455 0.949537 0.615799 0.948534 0.622179 0.949537 0.624696 0.954012 0.625304 0.961265 0.631901 0.961265 0.634201 0.966127 0.635981 0.981636 0.650694 0.999614 0.627821 0.999923 0.573828 0.885262 0.732682 0.505247 0.831337 0.604167
1 0.804514 0.667361 0.805035 0.665818 0.807465 0.665586 0.809462 0.668287 0.807031 0.674383 0.805859 0.675540 0.804991 0.673997 0.805382 0.668904
1 0.801736 0.681481 0.802604 0.679321 0.803472 0.682330 0.802604 0.683873 0.801736 0.681636
1 0.797656 0.695833 0.795009 0.701698 0.792925 0.701698 0.791233 0.699306 0.791580 0.694676 0.792925 0.692284 0.796137 0.692593 0.797483 0.694907
1 0.789583 0.679167 0.788064 0.683873 0.786719 0.682330 0.787543 0.677083 0.788238 0.676466 0.789062 0.677778
1 0.783637 0.696451 0.785460 0.694907 0.786328 0.696451 0.786328 0.698997 0.784809 0.700540 0.783637 0.696605
1 0.787413 0.698997 0.788715 0.698071 0.789583 0.699614 0.789236 0.702006 0.788064 0.704012 0.787370 0.703472 0.784983 0.705170 0.784115 0.703627 0.786979 0.699691
1 0.776259 0.730556 0.777127 0.732099 0.777127 0.736188 0.776172 0.741049 0.775304 0.741975 0.773785 0.736728 0.773785 0.733025 0.774609 0.731173 0.775998 0.730633
1 0.735590 0.696451 0.736241 0.693750 0.737760 0.692593 0.740321 0.693904 0.741233 0.695910 0.741536 0.700772 0.740451 0.705170 0.738715 0.706096 0.737196 0.704938 0.736589 0.699691
1 0.754687 0.735880 0.755295 0.733179 0.756858 0.732022 0.758377 0.733179 0.759158 0.738735 0.758550 0.742052 0.756988 0.743210 0.755556 0.742130 0.754687 0.736034
1 0.757986 0.748688 0.759505 0.749846 0.760156 0.753086 0.757986 0.759722 0.756510 0.760417 0.754991 0.759336 0.754340 0.756559 0.756597 0.749537
1 0.749349 0.760571 0.749957 0.757870 0.751519 0.756713 0.753038 0.757870 0.753689 0.760571 0.753038 0.763349 0.751519 0.764429 0.749957 0.763349
1 0.733507 0.738426 0.734549 0.733256 0.737587 0.729398 0.742622 0.727701 0.744965 0.730401 0.745095 0.736188 0.743099 0.743904 0.738715 0.745448 0.736155 0.742207 0.734115 0.741204
1 0.719792 0.701157 0.718099 0.700077 0.717491 0.697299 0.718359 0.693904 0.720790 0.692361 0.724002 0.693596 0.724740 0.696451 0.724089 0.704938 0.722569 0.706096 0.720877 0.704938 0.720312 0.701080
1 0.719748 0.718904 0.718924 0.714583 0.719227 0.712577 0.720790 0.708796 0.722222 0.707870 0.723785 0.708951 0.724392 0.711728 0.723958 0.714352 0.726519 0.715046 0.727170 0.717747 0.726345 0.720756 0.723047 0.723302 0.720443 0.722068 0.719748 0.719059
1 0.727344 0.717747 0.727995 0.715046 0.729514 0.713889 0.731033 0.715046 0.731684 0.717747 0.731033 0.720448 0.729514 0.721605 0.727995 0.720448
1 0.726042 0.729244 0.726693 0.726543 0.728212 0.725386 0.729731 0.726543 0.730382 0.729244 0.729731 0.732022 0.728212 0.733102 0.726693 0.732022
1 0.705165 0.698225 0.706207 0.694753 0.707856 0.693441 0.710330 0.694599 0.710981 0.697299 0.710330 0.700077 0.708811 0.701157 0.707335 0.702083 0.705816 0.700926
1 0.707943 0.710571 0.708550 0.707870 0.710113 0.706713 0.712283 0.708102 0.713238 0.712577 0.712587 0.716204 0.711068 0.717284 0.709592 0.716281 0.708898 0.713812
1 0.713585 0.725772 0.714800 0.722299 0.716884 0.720525 0.718576 0.721605 0.719227 0.724383 0.718490 0.727546 0.716102 0.729938 0.714236 0.728858 0.713585 0.725926
1 0.718620 0.732099 0.719227 0.729398 0.720790 0.728241 0.722786 0.730710 0.723264 0.737577 0.722613 0.740355 0.721094 0.741435 0.719575 0.740355 0.718620 0.732253
1 0.719575 0.749691 0.720530 0.745910 0.722873 0.743210 0.725304 0.743519 0.727300 0.745910 0.727951 0.748765 0.727474 0.753549 0.725955 0.754707 0.724609 0.753858 0.723828 0.751698 0.721918 0.753549 0.720226 0.752392
1 0.690929 0.729861 0.691580 0.727083 0.695226 0.726235 0.698655 0.730478 0.702300 0.732948 0.703689 0.735880 0.704167 0.739583 0.702778 0.743210 0.703689 0.747377 0.703516 0.755787 0.702778 0.759259 0.705425 0.755093 0.707986 0.753009 0.714800 0.753009 0.716406 0.754244 0.717101 0.757176 0.717274 0.761497 0.716102 0.764892 0.714844 0.766821 0.712023 0.767901 0.710503 0.766744 0.710026 0.764815 0.707682 0.768519 0.706250 0.767515 0.705512 0.765201 0.704601 0.768287 0.702995 0.769367 0.701432 0.768210 0.700998 0.763812 0.702604 0.759645 0.700738 0.761883 0.698872 0.760725 0.698220 0.758025 0.699349 0.753627 0.699349 0.748225 0.697786 0.744830 0.695530 0.748071 0.692231 0.745756 0.691753 0.743364 0.692231 0.733642 0.690929 0.729938
1 0.732075 0.766975 0.734332 0.760340 0.738715 0.754861 0.741233 0.753781 0.743012 0.755478 0.744141 0.754090 0.745703 0.755247 0.747873 0.772454 0.747873 0.781404 0.747222 0.784182 0.745703 0.785262 0.743576 0.784722 0.741536 0.781559 0.738976 0.773225 0.732726 0.769676
1 0.734028 0.802855 0.736458 0.796528 0.739497 0.794136 0.742622 0.794136 0.744141 0.795293 0.744792 0.797994 0.744531 0.806250 0.743186 0.809182 0.738325 0.812809 0.736415 0.811728 0.735764 0.806636 0.734505 0.805324
1 0.749219 0.795833 0.750738 0.796991 0.751389 0.800077 0.748698 0.808102 0.747049 0.809414 0.745530 0.808333 0.744878 0.805556 0.747005 0.797531 0.749089 0.795833
1 0.730339 0.847377 0.730339 0.842515 0.731076 0.839583 0.736241 0.828781 0.742622 0.821142 0.744358 0.820679 0.745877 0.821836 0.746528 0.824537 0.745790 0.827469 0.741580 0.834105 0.735981 0.848688 0.732509 0.851235 0.730990 0.850077
1 0.663021 0.733410 0.664540 0.734568 0.664974 0.739969 0.674262 0.740972 0.675998 0.742515 0.677995 0.747994 0.677387 0.751698 0.675174 0.753241 0.673958 0.756019 0.672135 0.757639 0.669444 0.757099 0.666146 0.754090 0.664540 0.751620 0.664800 0.747685 0.661415 0.745679 0.660677 0.742824 0.661545 0.734491
1 0.689193 0.761728 0.689844 0.759028 0.691363 0.757870 0.692882 0.759028 0.693533 0.761728 0.692882 0.764506 0.691363 0.765586 0.689844 0.764506
1 0.681641 0.760417 0.682248 0.757639 0.683811 0.756559 0.687847 0.759028 0.688498 0.761728 0.687457 0.767978 0.685938 0.769059 0.684592 0.768287 0.681641 0.760571
1 0.676562 0.763503 0.677214 0.760725 0.678733 0.759645 0.680295 0.760725 0.680903 0.763503 0.680295 0.773148 0.678733 0.774228 0.677214 0.773148 0.676562 0.770370
1 0.680252 0.777623 0.680859 0.775000 0.685720 0.771682 0.687674 0.772840 0.688281 0.775540 0.687674 0.782099 0.686111 0.783256 0.684158 0.781096 0.680903 0.780401
1 0.692101 0.776929 0.693229 0.773380 0.695833 0.770448 0.698741 0.768981 0.700738 0.771373 0.703689 0.778318 0.704384 0.789352 0.707292 0.791898 0.707509 0.797299 0.706554 0.800540 0.702821 0.803935 0.700000 0.801543 0.697656 0.797608 0.697352 0.795602 0.698741 0.785802 0.696528 0.782485 0.696354 0.778858 0.694271 0.780787 0.692752 0.779707
1 0.713281 0.786034 0.713802 0.780170 0.716146 0.775540 0.717752 0.774228 0.721181 0.775617 0.723220 0.773225 0.724740 0.774383 0.725391 0.777083 0.724740 0.784954 0.723220 0.786111 0.721181 0.783642 0.717752 0.788657 0.715451 0.789892 0.713889 0.788812
1 0.719661 0.790509 0.720312 0.787809 0.721832 0.786651 0.724740 0.787346 0.728472 0.791667 0.729080 0.794985 0.728429 0.797762 0.725911 0.798843 0.724392 0.797762 0.723741 0.795062 0.720312 0.793981 0.719705 0.790895
1 0.705903 0.809877 0.706641 0.806944 0.709245 0.803472 0.714844 0.802932 0.716363 0.803935 0.717405 0.809182 0.717622 0.817130 0.715885 0.822454 0.715668 0.828472 0.714714 0.831713 0.712934 0.833410 0.711285 0.832099 0.709375 0.822608 0.709896 0.820139 0.711675 0.817515 0.708811 0.815972 0.708247 0.813735 0.706554 0.812577
1 0.719271 0.849537 0.719922 0.846836 0.723220 0.844985 0.726302 0.846142 0.726910 0.848843 0.725955 0.854090 0.723220 0.857176 0.721658 0.856096 0.721050 0.853318 0.719792 0.852006
1 0.707248 0.854012 0.707726 0.851620 0.710460 0.848457 0.713325 0.847377 0.714844 0.848534 0.715885 0.857485 0.715885 0.865432 0.714063 0.873688 0.712543 0.874769 0.710981 0.873688 0.709028 0.862886 0.708811 0.857716 0.707682 0.856327
1 0.655425 0.749846 0.656076 0.747068 0.657595 0.745988 0.659332 0.747068 0.661415 0.756636 0.663976 0.757407 0.665191 0.764969 0.664583 0.769136 0.663021 0.770216 0.661502 0.769136 0.660677 0.764120 0.658637 0.762963 0.656944 0.759105 0.655642 0.751389
1 0.670747 0.769522 0.671398 0.766744 0.672917 0.765664 0.674479 0.766744 0.675087 0.772222 0.674262 0.778086 0.672743 0.779244 0.671224 0.778086 0.670573 0.775386 0.670790 0.769830
1 0.661241 0.781559 0.661892 0.778858 0.663411 0.777701 0.664974 0.778858 0.665582 0.781559 0.664974 0.784259 0.663411 0.785417 0.661892 0.784259
1 0.647873 0.753627 0.648481 0.750849 0.650043 0.749769 0.651563 0.750849 0.652214 0.753627 0.651563 0.756327 0.650043 0.757485 0.648481 0.756327
1 0.633290 0.766744 0.633941 0.763966 0.635460 0.762886 0.636892 0.763812 0.637630 0.766049 0.640061 0.768750 0.641970 0.773920 0.643620 0.775077 0.644141 0.783256 0.645399 0.786728 0.644792 0.789429 0.643229 0.790586 0.641710 0.789506 0.641059 0.786806 0.639453 0.792284 0.638021 0.792978 0.636458 0.791898 0.635851 0.782793 0.634115 0.776080 0.633420 0.767901
1 0.645530 0.787114 0.647222 0.780015 0.648655 0.779090 0.650217 0.780247 0.650825 0.783256 0.649132 0.789969 0.647700 0.790972 0.646181 0.789815
1 0.669227 0.797068 0.669835 0.794367 0.671398 0.793210 0.672917 0.794367 0.673568 0.799846 0.672917 0.804630 0.671398 0.805787 0.669835 0.804630 0.669227 0.797608
1 0.674045 0.799151 0.674696 0.796451 0.676215 0.795293 0.677951 0.796451 0.678602 0.799151 0.678776 0.813657 0.678168 0.816358 0.676606 0.817515 0.675087 0.816358 0.674436 0.813657 0.674306 0.801003
1 0.680295 0.815046 0.680903 0.812269 0.682465 0.811188 0.683984 0.812269 0.684635 0.815046 0.683203 0.826620 0.683247 0.853009 0.682639 0.855710 0.681076 0.856867 0.679557 0.855710 0.678906 0.848148 0.676736 0.848302 0.676085 0.851235 0.674566 0.852392 0.673220 0.851543 0.672483 0.849537 0.670009 0.848688 0.668707 0.839198 0.668967 0.834568 0.666623 0.833642 0.665972 0.830941 0.666927 0.826389 0.668359 0.824769 0.670313 0.824306 0.672309 0.826698 0.673437 0.833333 0.673220 0.839198 0.675130 0.840278 0.675781 0.842978 0.676649 0.837423 0.678906 0.836574 0.678906 0.825694 0.680295 0.815355
1 0.685330 0.848534 0.685938 0.845756 0.687500 0.844676 0.689366 0.846528 0.692187 0.854398 0.691450 0.860340 0.689453 0.862037 0.687153 0.860494 0.685503 0.855787 0.685330 0.848997
1 0.687674 0.835417 0.689931 0.828704 0.695443 0.820139 0.698568 0.819830 0.701997 0.824769 0.703038 0.830556 0.703038 0.844367 0.702431 0.847068 0.700868 0.848225 0.699349 0.847068 0.698698 0.843364 0.694488 0.838194 0.691580 0.837577 0.689844 0.839275 0.688281 0.838117
1 0.662326 0.804630 0.663889 0.805787 0.664714 0.814738 0.664062 0.817438 0.662543 0.818596 0.660981 0.817438 0.660373 0.812577 0.656510 0.813426 0.655208 0.812423 0.651866 0.816512 0.650304 0.815355 0.649696 0.812654 0.650130 0.809568 0.651649 0.807870 0.652734 0.803241 0.654384 0.801929 0.655903 0.803009 0.656554 0.805710
1 0.626389 0.820602 0.627127 0.817670 0.628776 0.816358 0.630295 0.817515 0.631337 0.824074 0.630686 0.827469 0.629167 0.828627 0.627734 0.827701 0.626606 0.822222
1 0.610460 0.853395 0.611111 0.850617 0.614019 0.848071 0.615191 0.847454 0.616710 0.848611 0.617535 0.853395 0.616884 0.859568 0.615365 0.860648 0.613889 0.859645 0.613194 0.857253 0.611111 0.856096
1 0.607769 0.878935 0.609462 0.872994 0.610720 0.872299 0.612240 0.873380 0.612891 0.876466 0.611936 0.880478 0.609939 0.882793 0.608377 0.881636
1 0.610460 0.887886 0.613932 0.876389 0.615582 0.875077 0.617274 0.876157 0.617925 0.878935 0.615408 0.888040 0.613802 0.891127 0.612630 0.891744 0.611111 0.890586
1 0.618837 0.873071 0.619444 0.870293 0.621007 0.869213 0.622526 0.870293 0.623177 0.873071 0.622526 0.875772 0.621007 0.876929 0.619444 0.875772
1 0.622700 0.860262 0.623047 0.857176 0.624870 0.853549 0.626042 0.852932 0.627561 0.854090 0.628212 0.857176 0.626345 0.863117 0.624870 0.864120 0.623351 0.862963
1 0.637543 0.854090 0.636892 0.856790 0.635373 0.857948 0.633420 0.856790 0.632812 0.854090 0.633984 0.842670 0.636502 0.838503 0.638064 0.839583 0.638672 0.842361 0.637240 0.852083
1 0.631033 0.864738 0.631684 0.862037 0.635547 0.860185 0.637674 0.861343 0.638325 0.864043 0.637457 0.870910 0.635938 0.872068 0.634462 0.871065 0.633767 0.868519 0.631684 0.867515
1 0.641363 0.830401 0.640755 0.825772 0.641406 0.823071 0.642925 0.821914 0.646181 0.823380 0.647483 0.826157 0.647830 0.829552 0.646832 0.833565 0.644488 0.834491 0.641970 0.832639
1 0.652040 0.826080 0.653602 0.827160 0.654210 0.829938 0.653472 0.831944 0.654948 0.833102 0.655599 0.835802 0.655599 0.843056 0.654253 0.847299 0.652648 0.848611 0.651259 0.847762 0.650521 0.845525 0.647960 0.847531 0.646441 0.846451 0.645790 0.843364 0.646181 0.841127 0.648351 0.837886 0.648785 0.831481 0.648307 0.829552 0.648958 0.826852 0.650477 0.825694 0.651693 0.826312
1 0.659809 0.837114 0.661241 0.837809 0.662240 0.840278 0.664323 0.858565 0.663715 0.861034 0.666406 0.862731 0.667014 0.865432 0.666406 0.868210 0.664844 0.869290 0.662760 0.867515 0.662109 0.864738 0.663194 0.861420 0.661589 0.861883 0.661979 0.864043 0.661328 0.866821 0.659809 0.867901 0.658290 0.866821 0.657639 0.864043 0.658290 0.861343 0.659896 0.860185 0.656293 0.854630 0.656076 0.846142 0.658030 0.838812
1 0.650694 0.852238 0.652127 0.853241 0.653429 0.858179 0.653125 0.860262 0.647005 0.866898 0.645486 0.865741 0.644835 0.863040 0.645009 0.856944 0.647569 0.853627 0.650391 0.852315
1 0.626780 0.897917 0.628168 0.894290 0.630686 0.892670 0.633030 0.893056 0.637934 0.900772 0.639844 0.908719 0.639714 0.914429 0.637500 0.917284 0.635286 0.915586 0.633594 0.911651 0.631424 0.900772 0.628950 0.901775 0.627431 0.900617
1 0.645790 0.890664 0.646441 0.887886 0.647960 0.886806 0.649523 0.887886 0.650130 0.890664 0.650130 0.901698 0.649523 0.904398 0.647960 0.905556 0.646441 0.904398 0.645790 0.901698 0.645833 0.891127
1 0.637283 0.935494 0.637891 0.932793 0.639453 0.931636 0.640972 0.932793 0.641623 0.935494 0.640972 0.938194 0.639453 0.939352 0.637891 0.938194
1 0.651606 0.874074 0.652257 0.871373 0.653776 0.870216 0.655339 0.871373 0.655946 0.874074 0.655339 0.876775 0.653776 0.877932 0.652257 0.876775
1 0.654340 0.886497 0.655556 0.881713 0.656944 0.880015 0.658464 0.879167 0.659983 0.880324 0.661979 0.896836 0.660460 0.904552 0.657682 0.907948 0.655773 0.905324 0.653776 0.907639 0.652257 0.906481 0.651606 0.903781 0.652257 0.900694 0.653776 0.899537 0.655208 0.900463 0.655946 0.902855 0.657248 0.898997 0.657118 0.895139 0.655686 0.893904 0.654991 0.889198
1 0.667752 0.863040 0.668359 0.860340 0.669922 0.859182 0.671441 0.860340 0.672092 0.863040 0.671528 0.865355 0.673958 0.866204 0.674609 0.868904 0.673958 0.871605 0.672439 0.872762 0.670877 0.871605 0.670269 0.868904 0.670920 0.866127 0.669922 0.866898 0.668359 0.865741
1 0.673741 0.873765 0.674392 0.870988 0.675911 0.869907 0.678082 0.871836 0.678472 0.874074 0.677865 0.876775 0.675911 0.877932 0.674392 0.876775 0.673741 0.873920
1 0.676085 0.881636 0.676736 0.878935 0.680990 0.875077 0.683854 0.875849 0.684505 0.878549 0.684071 0.880941 0.682292 0.883333 0.679210 0.885494 0.676736 0.884414
1 0.696658 0.864043 0.697309 0.861343 0.698828 0.860185 0.700564 0.861034 0.702561 0.870988 0.702561 0.877855 0.701215 0.881096 0.702951 0.887346 0.703342 0.891667 0.702691 0.894367 0.701172 0.895525 0.699219 0.894367 0.697439 0.884105 0.698785 0.880170 0.697569 0.867207
1 0.715929 0.885031 0.717448 0.886188 0.718099 0.888889 0.717448 0.891667 0.715668 0.892747 0.710851 0.904707 0.709505 0.905556 0.707986 0.904398 0.707335 0.897917 0.708203 0.889275 0.711458 0.885031 0.715538 0.885108
1 0.671528 0.892593 0.672179 0.889815 0.673698 0.888735 0.675217 0.889815 0.675868 0.892593 0.674479 0.900617 0.672483 0.902855 0.670964 0.901775 0.670313 0.898997 0.671528 0.892824
1 0.678125 0.891821 0.678776 0.889120 0.680295 0.887963 0.681727 0.888966 0.683160 0.897377 0.682509 0.901080 0.680990 0.902160 0.679427 0.901080 0.678125 0.891975
1 0.676910 0.912423 0.677561 0.909491 0.680990 0.907176 0.682769 0.908256 0.683420 0.911034 0.683550 0.916512 0.682899 0.919290 0.681380 0.920370 0.679861 0.919290 0.679210 0.916281 0.677561 0.915201
1 0.680946 0.941435 0.682292 0.936806 0.683073 0.927701 0.689193 0.922762 0.692361 0.923457 0.693533 0.928009 0.692882 0.932948 0.688238 0.936651 0.686632 0.935880 0.686458 0.939198 0.685156 0.942901 0.683116 0.945293 0.681597 0.944213
1 0.665321 0.927315 0.665972 0.924614 0.667491 0.923457 0.669010 0.924614 0.669661 0.927315 0.669531 0.943364 0.668186 0.949074 0.668012 0.957639 0.666189 0.965586 0.664670 0.966667 0.663151 0.965509 0.662500 0.962037 0.663932 0.954475 0.663976 0.946605 0.665191 0.942207 0.665321 0.927701
1 0.676519 0.936883 0.677170 0.934182 0.678689 0.933025 0.680208 0.934182 0.680859 0.936883 0.680599 0.950540 0.679948 0.953318 0.678429 0.954398 0.676866 0.953318 0.676259 0.950540 0.676519 0.937269
1 0.676519 0.962037 0.677170 0.959336 0.685764 0.949074 0.687196 0.948148 0.688715 0.949228 0.689366 0.952006 0.688628 0.954861 0.681858 0.963503 0.678038 0.974306 0.676780 0.975000 0.675260 0.973920 0.674609 0.971142 0.676519 0.962191
1 0.651866 0.936188 0.654123 0.928395 0.656337 0.925386 0.659288 0.924923 0.661458 0.927623 0.662109 0.932330 0.661502 0.935108 0.659939 0.936188 0.657726 0.933102 0.655599 0.938812 0.654036 0.940046 0.652474 0.938889
1 0.652908 0.916049 0.653559 0.913349 0.655382 0.912191 0.659462 0.914043 0.660113 0.916744 0.659462 0.919522 0.657943 0.920602 0.653472 0.918596
1 0.650781 0.948611 0.651389 0.945910 0.652951 0.944753 0.654470 0.945910 0.655122 0.948611 0.654470 0.951389 0.652951 0.952469 0.651389 0.951389
1 0.912587 0.726698 0.913238 0.723920 0.914757 0.722840 0.916667 0.723920 0.917318 0.727083 0.920443 0.732022 0.921181 0.734954 0.922352 0.741512 0.921745 0.744213 0.920182 0.745370 0.918576 0.744059 0.917014 0.737423 0.912977 0.728935
1 0.924045 0.744985 0.924696 0.742207 0.926215 0.741127 0.930773 0.745602 0.931293 0.748071 0.930642 0.750772 0.928950 0.751929 0.924479 0.747685 0.924045 0.745139
1 0.930816 0.753549 0.931467 0.750849 0.932986 0.749691 0.934332 0.750540 0.937587 0.761188 0.940885 0.763194 0.941406 0.765664 0.940755 0.768364 0.939019 0.769522 0.935069 0.767438 0.931293 0.755941
1 0.904253 0.801235 0.904774 0.794676 0.905946 0.791744 0.909635 0.788503 0.912804 0.788349 0.914800 0.790432 0.919444 0.804012 0.926172 0.807099 0.926823 0.813966 0.925130 0.819985 0.922005 0.826543 0.917101 0.830556 0.914627 0.828858 0.912196 0.825154 0.911241 0.815586 0.908724 0.809722 0.907943 0.804475 0.906424 0.805093 0.904861 0.803935
1 0.902995 0.761497 0.903646 0.758796 0.905165 0.757639 0.908116 0.757948 0.909722 0.759491 0.910590 0.766127 0.909939 0.768827 0.908420 0.769985 0.906858 0.768827 0.906250 0.765355 0.903646 0.764275
1 0.895747 0.795988 0.896354 0.793287 0.897917 0.792130 0.899436 0.793287 0.900217 0.798302 0.899609 0.801080 0.898047 0.802160 0.896441 0.800926 0.895747 0.796451
1 0.878602 0.796605 0.880252 0.785957 0.881771 0.783873 0.888498 0.784414 0.892405 0.786806 0.894097 0.789660 0.894097 0.803781 0.893359 0.806636 0.891276 0.809336 0.888672 0.809645 0.887066 0.808410 0.885547 0.801929 0.882075 0.799614 0.880773 0.800463 0.879210 0.799306
1 0.857465 0.656327 0.858116 0.653627 0.859635 0.652469 0.861155 0.653627 0.861806 0.656327 0.861155 0.659028 0.859635 0.660185 0.858116 0.659028
1 0.864497 0.658488 0.866146 0.659568 0.866797 0.662346 0.866102 0.665432 0.864974 0.666590 0.862543 0.665741 0.861892 0.663040 0.862804 0.659799
1 0.867969 0.669522 0.868620 0.666744 0.873915 0.664892 0.875521 0.666204 0.877431 0.670910 0.876823 0.673920 0.875260 0.675000 0.872917 0.672608 0.870139 0.673380 0.868620 0.672222
1 0.876997 0.679552 0.877648 0.676852 0.879167 0.675694 0.880599 0.676775 0.882552 0.674537 0.884549 0.676852 0.888672 0.689892 0.890365 0.688657 0.891884 0.689738 0.892622 0.692515 0.900130 0.695988 0.904905 0.705864 0.905339 0.708565 0.904688 0.711265 0.903168 0.712423 0.901172 0.710031 0.897222 0.702006 0.890929 0.700077 0.892361 0.707793 0.894965 0.706173 0.899783 0.711188 0.902170 0.712114 0.903299 0.715509 0.902691 0.718441 0.901128 0.719599 0.898611 0.716204 0.892708 0.712886 0.890885 0.714583 0.889366 0.713426 0.887023 0.705941 0.881467 0.699383 0.884592 0.707870 0.883941 0.710571 0.882422 0.711728 0.880339 0.710031 0.877431 0.702778 0.876215 0.697531 0.876736 0.694985 0.875391 0.693904 0.872005 0.686883 0.869618 0.677855 0.870226 0.674691 0.871745 0.673534 0.873307 0.674691 0.875825 0.683256 0.878733 0.688735 0.881554 0.690201 0.885069 0.694599 0.880946 0.681173 0.879167 0.683410 0.877648 0.682330
1 0.903819 0.723380 0.904470 0.720679 0.905990 0.719522 0.907552 0.720679 0.908160 0.723380 0.907552 0.726157 0.905990 0.727238 0.904470 0.726157
1 0.893186 0.739043 0.891667 0.737886 0.891016 0.733951 0.891623 0.729861 0.894010 0.727932 0.895964 0.729090 0.896484 0.732176 0.899609 0.731636 0.902083 0.735571 0.903299 0.742824 0.902691 0.745525 0.901128 0.746682 0.899566 0.745448 0.898394 0.740432 0.897092 0.741204 0.895573 0.740046 0.894922 0.737191 0.894705 0.737886
1 0.880946 0.755787 0.880295 0.758488 0.878776 0.759645 0.876780 0.757253 0.876085 0.751698 0.876693 0.748997 0.878255 0.747840 0.879601 0.748688 0.880686 0.753935
1 0.857726 0.716204 0.858377 0.713503 0.859896 0.712346 0.861458 0.713503 0.862066 0.716204 0.861458 0.718981 0.859896 0.720062 0.858377 0.718981
1 0.871615 0.720988 0.872266 0.718287 0.873785 0.717130 0.875304 0.718287 0.875955 0.720988 0.875304 0.723765 0.873785 0.724846 0.872266 0.723765
1 0.867578 0.706636 0.868186 0.703935 0.869748 0.702778 0.871267 0.703935 0.871918 0.706636 0.871267 0.709336 0.869748 0.710494 0.868186 0.709336
1 0.845747 0.677160 0.846398 0.674460 0.847917 0.673302 0.849870 0.674691 0.852648 0.683410 0.852040 0.686111 0.850477 0.687269 0.848828 0.685880 0.847049 0.680710
1 0.832943 0.683410 0.833594 0.680710 0.835113 0.679552 0.838368 0.683951 0.837891 0.688272 0.836328 0.689429 0.833681 0.686265
1 0.837283 0.695370 0.837891 0.692670 0.839453 0.691512 0.840972 0.692670 0.842274 0.697068 0.841667 0.699769 0.840104 0.700926 0.837891 0.698148
1 0.844010 0.720293 0.844661 0.717593 0.846311 0.716435 0.847700 0.717284 0.848741 0.721528 0.848134 0.724228 0.846571 0.725386 0.844401 0.722454
1 0.829210 0.636188 0.830729 0.637269 0.831380 0.640046 0.831120 0.643133 0.826910 0.656944 0.826215 0.664738 0.823003 0.672454 0.821832 0.680864 0.819878 0.682948 0.816797 0.681636 0.812804 0.692670 0.819531 0.704861 0.820052 0.707639 0.819401 0.710340 0.817882 0.711497 0.812630 0.704167 0.809809 0.698380 0.807509 0.696451 0.805382 0.701235 0.806901 0.703858 0.807292 0.702238 0.808811 0.701080 0.810330 0.702238 0.810981 0.704938 0.810330 0.712269 0.808811 0.713426 0.807292 0.712269 0.806727 0.706250 0.804774 0.708565 0.803038 0.706481 0.800260 0.712654 0.801606 0.715895 0.800955 0.718596 0.799436 0.719753 0.798307 0.718904 0.795226 0.725231 0.796354 0.724383 0.798003 0.725386 0.798872 0.729244 0.801302 0.733719 0.801606 0.735725 0.800955 0.738426 0.799436 0.739583 0.795052 0.733102 0.794184 0.728241 0.794531 0.726698 0.793446 0.729244 0.794227 0.739275 0.793446 0.742593 0.789931 0.742593 0.789106 0.744059 0.789236 0.745293 0.793446 0.745293 0.796528 0.750309 0.789670 0.757716 0.785894 0.754398 0.783984 0.756019 0.783854 0.761806 0.786675 0.764660 0.785590 0.775000 0.783203 0.772840 0.781684 0.769676 0.779557 0.769444 0.780208 0.775694 0.783550 0.781173 0.784679 0.786960 0.783377 0.792670 0.780252 0.795139 0.777083 0.790123 0.777474 0.780015 0.775477 0.780864 0.775781 0.786651 0.774653 0.791667 0.773438 0.789815 0.772786 0.785340 0.772049 0.785648 0.772309 0.791127 0.774826 0.801620 0.776345 0.804321 0.776693 0.809259 0.775868 0.813580 0.774392 0.815586 0.772309 0.815741 0.770356 0.808796 0.767057 0.811806 0.762760 0.813812 0.760503 0.817284 0.758377 0.818596 0.756771 0.822917 0.758637 0.825463 0.759592 0.823765 0.761936 0.823457 0.763802 0.825617 0.764366 0.828627 0.760547 0.836960 0.758637 0.837731 0.755946 0.841512 0.753255 0.842747 0.748394 0.842052 0.747049 0.844444 0.749740 0.852315 0.749609 0.856636 0.748134 0.859954 0.745660 0.862037 0.749089 0.873380 0.750825 0.876157 0.751997 0.881713 0.755903 0.888503 0.755425 0.897685 0.754253 0.899460 0.750738 0.900154 0.750130 0.902778 0.746050 0.905401 0.745530 0.901312 0.747135 0.897685 0.747092 0.894213 0.743490 0.890046 0.741319 0.889043 0.740755 0.883796 0.741450 0.869213 0.740191 0.865355 0.737717 0.868133 0.739583 0.874769 0.738976 0.882022 0.739366 0.886265 0.734592 0.885340 0.732552 0.882253 0.733030 0.889506 0.734983 0.895833 0.737153 0.898920 0.737630 0.902083 0.743490 0.915586 0.744010 0.922377 0.743012 0.925926 0.735937 0.925694 0.732813 0.915586 0.734809 0.906019 0.730556 0.908796 0.728819 0.904475 0.728342 0.905170 0.728733 0.908796 0.731380 0.913657 0.732943 0.918750 0.727865 0.925386 0.725694 0.925386 0.724002 0.923920 0.724045 0.919830 0.725391 0.917670 0.725174 0.914429 0.722960 0.917670 0.722266 0.908873 0.719618 0.907948 0.718533 0.914892 0.716927 0.917052 0.713672 0.917052 0.713932 0.919830 0.716276 0.922994 0.716580 0.924846 0.720616 0.927469 0.720443 0.931559 0.718880 0.935880 0.718012 0.935880 0.715799 0.931327 0.714844 0.933102 0.712674 0.933102 0.711068 0.936651 0.712283 0.941667 0.716189 0.948380 0.715799 0.958719 0.711892 0.961574 0.707292 0.961343 0.705425 0.959182 0.705556 0.955093 0.707161 0.951080 0.707422 0.946759 0.705816 0.938812 0.704601 0.937423 0.703255 0.940509 0.702865 0.948148 0.700825 0.955864 0.698524 0.958025 0.697743 0.953704 0.696788 0.953704 0.696788 0.960880 0.695703 0.966590 0.693403 0.970910 0.690061 0.972608 0.690191 0.975694 0.693707 0.976466 0.698828 0.981944 0.698394 0.989660 0.697483 0.991744 0.698438 0.995756 0.697092 1.000000 0.691884 1.000000 0.690365 1.000000 0.689714 0.998148 0.690365 0.995370 0.694141 0.994290 0.694705 0.992284 0.691146 0.990123 0.689236 0.990123 0.687066 0.992978 0.686024 0.996065 0.680599 0.995139 0.679948 0.991049 0.679688 0.994676 0.678168 0.994213 0.676562 0.997068 0.673047 0.998997 0.672656 1.000000 0.669661 0.999923 0.682205 0.971836 0.695182 0.947377 0.704905 0.924769 0.706120 0.923765 0.707595 0.918827 0.711936 0.910262 0.712370 0.907639 0.713455 0.906944 0.719878 0.893827 0.720877 0.893441 0.723437 0.888966 0.723828 0.886188 0.731207 0.871759 0.733854 0.863040 0.734983 0.862191 0.736372 0.856559 0.770443 0.778164 0.771658 0.777238 0.775955 0.762731 0.779036 0.757022 0.779991 0.752160 0.806858 0.691821 0.810720 0.685417 0.818403 0.661960 0.824957 0.646914 0.827561 0.637269 0.829123 0.636188
1 0.826780 0.662577 0.827387 0.659799 0.828950 0.658719 0.830208 0.659414 0.831771 0.665201 0.831120 0.667901 0.829601 0.669059 0.827691 0.666975 0.827127 0.664738
1 0.823264 0.682948 0.823872 0.680170 0.825434 0.679090 0.826953 0.680170 0.827604 0.682948 0.826953 0.685648 0.825434 0.686806 0.823872 0.685648
1 0.818576 0.722377 0.819227 0.719599 0.820747 0.718519 0.822179 0.719444 0.823828 0.724846 0.827214 0.727238 0.829167 0.731327 0.829905 0.734568 0.829253 0.737423 0.827561 0.738580 0.825434 0.735725 0.822396 0.735340 0.818576 0.722531
1 0.849219 0.730015 0.849870 0.727315 0.852951 0.726543 0.863585 0.738117 0.867969 0.747685 0.867969 0.752238 0.864323 0.756173 0.861719 0.755324 0.861111 0.752546 0.862587 0.748611 0.861979 0.745833 0.849870 0.732793
1 0.867144 0.765741 0.867795 0.763040 0.869314 0.761883 0.870877 0.763040 0.871484 0.765741 0.870877 0.768519 0.869314 0.769599 0.867795 0.768519
1 0.867708 0.784414 0.869488 0.778009 0.871094 0.776775 0.872743 0.777855 0.873394 0.780633 0.871528 0.786960 0.869878 0.788272 0.868316 0.787191
1 0.846398 0.766204 0.847049 0.763503 0.848568 0.762346 0.850694 0.764352 0.852214 0.770293 0.851606 0.773071 0.850043 0.774151 0.848828 0.773457 0.847179 0.769213
1 0.840321 0.759799 0.840972 0.757022 0.842491 0.755941 0.844054 0.757022 0.844661 0.759799 0.844054 0.762500 0.842491 0.763657 0.840972 0.762500
1 0.806641 0.725386 0.807292 0.722608 0.808811 0.721528 0.810330 0.722608 0.810981 0.725386 0.810330 0.728086 0.808811 0.729244 0.807292 0.728086
1 0.807292 0.734259 0.807899 0.731559 0.809462 0.730401 0.810590 0.731019 0.812760 0.734877 0.813064 0.738889 0.812457 0.741590 0.810894 0.742747 0.809375 0.741590 0.808464 0.737731
1 0.810851 0.756404 0.811458 0.753704 0.813021 0.752546 0.815191 0.755247 0.815972 0.760725 0.815972 0.768827 0.815365 0.771528 0.813802 0.772685 0.812283 0.771528 0.811155 0.758410
1 0.799175 0.744907 0.799826 0.742207 0.801345 0.741049 0.802908 0.742207 0.803516 0.744907 0.802908 0.752238 0.801345 0.753395 0.799826 0.752238 0.799219 0.745370
1 0.793793 0.768441 0.795313 0.769599 0.795964 0.772299 0.794575 0.780170 0.793012 0.781327 0.791493 0.780170 0.790842 0.777469 0.791233 0.772377 0.792622 0.769059
1 0.803646 0.806481 0.804297 0.803395 0.805816 0.802238 0.807378 0.803395 0.807986 0.806096 0.807378 0.809182 0.805816 0.810340 0.804297 0.809182
1 0.824089 0.795679 0.826780 0.794676 0.828342 0.795833 0.828950 0.798534 0.828472 0.801389 0.824262 0.804475 0.822352 0.803318 0.821701 0.800231 0.822830 0.796373
1 0.839410 0.808488 0.840929 0.809568 0.841580 0.812346 0.840017 0.818750 0.838064 0.820988 0.836502 0.819907 0.835894 0.816821 0.837196 0.810957 0.839323 0.808488
1 0.862109 0.855170 0.861632 0.859799 0.860417 0.863272 0.857292 0.867978 0.855599 0.869367 0.853255 0.868287 0.852604 0.865509 0.853082 0.859182 0.855599 0.852315 0.859809 0.851080 0.861415 0.852315
1 0.832812 0.847454 0.833681 0.843596 0.835851 0.842052 0.837543 0.842438 0.839931 0.844444 0.848828 0.857948 0.849740 0.866435 0.849740 0.875926 0.848351 0.885802 0.846832 0.890046 0.844922 0.891049 0.843012 0.889892 0.839800 0.874383 0.835851 0.875849 0.831293 0.870062 0.830859 0.860340 0.832075 0.851312 0.832986 0.849228
1 0.857682 0.898843 0.858594 0.894985 0.860720 0.893441 0.862891 0.894985 0.863759 0.899537 0.861458 0.910571 0.857856 0.921219 0.855859 0.922531 0.853733 0.920910 0.852821 0.915741 0.857682 0.899151
1 0.779688 0.801852 0.780295 0.799151 0.782726 0.798380 0.785113 0.801775 0.787240 0.808565 0.786806 0.821451 0.784375 0.828935 0.782509 0.830633 0.780035 0.829552 0.779427 0.826775 0.780556 0.821682 0.779340 0.820370 0.778863 0.814352 0.779470 0.812191 0.781684 0.810262 0.781901 0.806944 0.780382 0.804707
1 0.800043 0.838040 0.801562 0.839198 0.802083 0.843287 0.799436 0.853704 0.797743 0.855093 0.796224 0.853935 0.795573 0.851235 0.798698 0.838889
1 0.786545 0.845988 0.787196 0.843210 0.788715 0.842130 0.790234 0.843210 0.790885 0.845988 0.790234 0.848688 0.788715 0.849846 0.787196 0.848688
1 0.773481 0.868519 0.775347 0.862654 0.779167 0.858410 0.782378 0.857948 0.784288 0.859954 0.784939 0.862731 0.785113 0.867052 0.783767 0.871914 0.781337 0.878164 0.779036 0.880478 0.773915 0.874691 0.773220 0.871836 0.773481 0.868981
1 0.790582 0.877623 0.791189 0.872685 0.792491 0.868981 0.798698 0.862731 0.800477 0.863889 0.801519 0.870679 0.801519 0.876620 0.799523 0.894830 0.799523 0.901312 0.798524 0.905401 0.796788 0.906636 0.794488 0.903935 0.793967 0.880787 0.792752 0.881481 0.791233 0.880324
1 0.805816 0.923380 0.806424 0.920679 0.810373 0.918441 0.812240 0.919522 0.812891 0.922299 0.812240 0.927546 0.810720 0.928704 0.806424 0.926157
1 0.837674 0.923380 0.838151 0.920988 0.842101 0.917284 0.843793 0.918364 0.844444 0.921142 0.843707 0.923997 0.840148 0.927546 0.838281 0.926466 0.837674 0.923534
1 0.828516 0.950617 0.830035 0.951775 0.830686 0.954475 0.829384 0.961497 0.827865 0.962654 0.826345 0.961497 0.825694 0.955941 0.826389 0.952778 0.828429 0.950617
1 0.825217 0.985802 0.829167 0.977469 0.833030 0.973302 0.835938 0.972222 0.837543 0.973457 0.838455 0.975772 0.838585 0.979244 0.837283 0.984336 0.834679 0.991590 0.830946 0.997840 0.829644 0.998611 0.828125 0.997454 0.827300 0.989660 0.825825 0.988503
1 0.805208 0.993056 0.807161 0.990895 0.808681 0.992052 0.809332 0.998457 0.808681 1.000000 0.803602 1.000000 0.802083 1.000000 0.801606 0.999074 0.804774 0.993981
1 0.792014 0.999074 0.791406 1.000000 0.789844 1.000000 0.785720 1.000000 0.785113 0.992901 0.780252 0.999074 0.778689 0.999769 0.777170 0.998611 0.776519 0.995910 0.777257 0.993056 0.782118 0.988117 0.785634 0.982407 0.790842 0.979398 0.792752 0.979398 0.794531 0.981019 0.795399 0.985571 0.794792 0.988272 0.793273 0.989429 0.791840 0.997608
1 0.785503 0.928318 0.792622 0.921528 0.794618 0.922685 0.795269 0.930015 0.786545 0.954861 0.785156 0.955710 0.783637 0.954552 0.782986 0.951852 0.783681 0.946528 0.781120 0.947068 0.779514 0.945833 0.774089 0.931790 0.770356 0.913349 0.771181 0.908025 0.775608 0.904630 0.777474 0.905710 0.778125 0.908410 0.778082 0.915741 0.782639 0.933410
1 0.763194 0.834954 0.763802 0.832253 0.765365 0.831096 0.766884 0.832253 0.768620 0.846759 0.773090 0.851929 0.774262 0.855324 0.773611 0.858102 0.772092 0.859182 0.769314 0.857330 0.768924 0.859028 0.767361 0.860185 0.766363 0.859414 0.768750 0.868981 0.768750 0.876466 0.767491 0.882948 0.765365 0.885571 0.763802 0.884414 0.763194 0.881713 0.764410 0.876312 0.764410 0.869907 0.762240 0.861343 0.762891 0.858410 0.764410 0.857253 0.765712 0.858025 0.763194 0.835108
1 0.755078 0.849151 0.755729 0.846373 0.757248 0.845293 0.758811 0.846373 0.759418 0.849846 0.758507 0.858796 0.756988 0.859954 0.755469 0.858796 0.755035 0.857022 0.753516 0.861420 0.752127 0.862114 0.750608 0.860957 0.749957 0.858256 0.751345 0.852932 0.753776 0.850077 0.755035 0.850849 0.755122 0.849460
1 0.758724 0.893441 0.759896 0.889583 0.762674 0.888194 0.764583 0.889275 0.765234 0.892052 0.765234 0.897762 0.764583 0.900463 0.763064 0.901620 0.761545 0.900463 0.760894 0.897299 0.759375 0.896142
1 0.753776 0.915509 0.752127 0.920370 0.750130 0.922685 0.748568 0.921605 0.747960 0.918596 0.749566 0.913426 0.751476 0.911420 0.753082 0.912654
1 0.744705 0.937809 0.747049 0.930633 0.750260 0.926312 0.753819 0.927083 0.759115 0.930864 0.760243 0.937577 0.759722 0.959645 0.757726 0.962423 0.754905 0.961574 0.754297 0.958873 0.754297 0.947531 0.753516 0.943364 0.751042 0.943287 0.748698 0.939969 0.746875 0.941667 0.745356 0.940509
1 0.721658 0.948148 0.721701 0.942978 0.723307 0.939352 0.726736 0.938889 0.729210 0.941127 0.729253 0.958719 0.728602 0.961420 0.727083 0.962577 0.725391 0.961111 0.722873 0.954552 0.722483 0.951157
1 0.731207 0.962731 0.732769 0.957793 0.734201 0.955787 0.736632 0.955478 0.739236 0.958256 0.741319 0.964815 0.742101 0.970602 0.745703 0.977778 0.745833 0.983179 0.743056 0.986497 0.737326 0.982793 0.737196 0.981173 0.735286 0.983102 0.733767 0.982022 0.733116 0.979244 0.733767 0.976543 0.735286 0.975386 0.736719 0.976389 0.738021 0.971605 0.735851 0.963349 0.733507 0.966590 0.731858 0.965432
1 0.744141 0.987886 0.744748 0.985108 0.746311 0.984028 0.747830 0.984954 0.748958 0.990278 0.750217 0.991590 0.750434 1.000000 0.749262 1.000000 0.747526 1.000000 0.745920 1.000000 0.744531 0.990123
1 0.703646 0.985185 0.704514 0.980864 0.705990 0.978627 0.708203 0.977932 0.717795 0.983025 0.718446 0.985725 0.717795 0.988503 0.716276 0.989583 0.708160 0.985648 0.707161 0.988117 0.709071 0.990509 0.716667 0.991204 0.720269 0.995833 0.720703 0.998148 0.720052 1.000000 0.718533 1.000000 0.714714 1.000000 0.713151 1.000000 0.712543 0.998148 0.706988 0.997377 0.704687 0.992130 0.705556 0.988812 0.704297 0.987886
1 0.842101 0.151775 0.843620 0.152932 0.844271 0.155633 0.843707 0.158256 0.841406 0.160340 0.840408 0.162963 0.840755 0.168364 0.838021 0.180556 0.834983 0.190972 0.833594 0.191821 0.832075 0.190741 0.831424 0.187731 0.836372 0.167284 0.835720 0.164506 0.836285 0.159645 0.840625 0.152778
1 0.826823 0.170216 0.827474 0.167515 0.831554 0.165895 0.833116 0.167052 0.833724 0.169753 0.833030 0.172608 0.831424 0.173843 0.827474 0.172994
1 0.820095 0.221373 0.823264 0.212037 0.824826 0.210802 0.826476 0.211960 0.827083 0.214660 0.823611 0.224383 0.822266 0.225231 0.820747 0.224074
1 0.816189 0.230556 0.818403 0.232099 0.819054 0.235880 0.818359 0.238735 0.816493 0.240586 0.814887 0.239352 0.811545 0.244985 0.807943 0.248688 0.806597 0.249460 0.805078 0.248302 0.804427 0.245602 0.804818 0.243441 0.807335 0.240741 0.808724 0.235648 0.811198 0.233025 0.816102 0.230556
1 0.812066 0.171296 0.812674 0.168596 0.814236 0.167438 0.815755 0.168596 0.816406 0.171296 0.815755 0.174074 0.814236 0.175154 0.812674 0.174074
1 0.800477 0.157948 0.801085 0.160648 0.800477 0.163349 0.798915 0.164506 0.797396 0.163349 0.795530 0.158256 0.796137 0.155556 0.797700 0.154398 0.799045 0.155324 0.799783 0.157407
1 0.774826 0.157562 0.775087 0.156636 0.772743 0.155787 0.772092 0.153009 0.772743 0.150309 0.774262 0.149151 0.775781 0.150309 0.776302 0.154244 0.779167 0.154861 0.779818 0.157562 0.779167 0.160340 0.777648 0.161420 0.775477 0.160340
1 0.780208 0.153318 0.780859 0.150540 0.782378 0.149460 0.783941 0.150540 0.784549 0.153318 0.783941 0.156019 0.782378 0.157176 0.780859 0.156019
1 0.771094 0.140895 0.772613 0.139738 0.774175 0.140895 0.774783 0.143596 0.774175 0.147299 0.772613 0.148457 0.771615 0.147685 0.770182 0.150231 0.769488 0.157022 0.770573 0.160340 0.769965 0.163117 0.768403 0.164198 0.767144 0.163503 0.764236 0.156096 0.766146 0.151235 0.766710 0.145448 0.769488 0.142824 0.770660 0.143364
1 0.763498 0.146373 0.765017 0.147531 0.765668 0.150231 0.765017 0.153009 0.763498 0.154090 0.757986 0.152160 0.757335 0.149383 0.757986 0.146682 0.761328 0.144753 0.763194 0.146605
1 0.758507 0.157330 0.760026 0.158488 0.760677 0.161188 0.760069 0.163812 0.761285 0.165123 0.761762 0.167593 0.761155 0.170293 0.759592 0.171451 0.758073 0.170293 0.757422 0.167593 0.757943 0.165046 0.755642 0.164352 0.754991 0.161651 0.755642 0.158873 0.757769 0.157870
1 0.747656 0.185108 0.748264 0.182407 0.749826 0.181250 0.751345 0.182407 0.751780 0.184182 0.752431 0.182022 0.756467 0.178627 0.767622 0.172377 0.769141 0.173457 0.769661 0.176775 0.772005 0.177623 0.772613 0.181096 0.775911 0.182176 0.776563 0.184877 0.775911 0.187577 0.769054 0.192361 0.768099 0.195062 0.761849 0.196605 0.760286 0.195448 0.759679 0.192747 0.760026 0.190586 0.759288 0.187654 0.760547 0.184105 0.763281 0.182948 0.765538 0.186883 0.766233 0.184414 0.767665 0.183410 0.769661 0.183951 0.768403 0.179321 0.761979 0.182716 0.755339 0.188117 0.752604 0.187963 0.751823 0.186034 0.751215 0.189815 0.749696 0.190895 0.748134 0.189815 0.747700 0.185417
1 0.751042 0.195756 0.751649 0.192978 0.753950 0.192130 0.759375 0.199769 0.759852 0.202238 0.759201 0.204938 0.756901 0.206096 0.755295 0.204784 0.753559 0.200463 0.751562 0.198302
1 0.786024 0.193750 0.787543 0.194830 0.788194 0.197608 0.787674 0.200077 0.784896 0.203241 0.776997 0.204012 0.774479 0.202160 0.773828 0.198843 0.771788 0.197762 0.771181 0.195062 0.771788 0.192284 0.774306 0.190278 0.778255 0.193596 0.778906 0.196451 0.780859 0.197145 0.785503 0.193827
1 0.802083 0.193364 0.803602 0.194522 0.804253 0.197222 0.803776 0.199691 0.800521 0.202315 0.798958 0.201157 0.798351 0.198457 0.799002 0.195602 0.800998 0.193904
1 0.790278 0.201003 0.791797 0.202083 0.792448 0.204861 0.791102 0.209182 0.786198 0.214275 0.784983 0.214892 0.783464 0.213735 0.782812 0.211034 0.783333 0.208410 0.788585 0.202469
1 0.791927 0.219599 0.792535 0.216975 0.795486 0.213966 0.797613 0.215509 0.798481 0.219599 0.798047 0.223148 0.795356 0.227315 0.792969 0.226389 0.792491 0.222222
1 0.770269 0.207022 0.771571 0.204707 0.772483 0.205401 0.772483 0.208642 0.770660 0.208642
1 0.772613 0.211728 0.773003 0.210031 0.774826 0.210031 0.774826 0.213349 0.773003 0.213349
1 0.778125 0.220216 0.780078 0.216358 0.781771 0.216744 0.782161 0.219213 0.781554 0.221759 0.778516 0.221836
1 0.782552 0.228009 0.784679 0.224306 0.786762 0.222994 0.787674 0.223688 0.787674 0.227160 0.783854 0.230324 0.782943 0.229630
1 0.807813 0.223997 0.803689 0.230633 0.802778 0.229938 0.802387 0.228164 0.803950 0.223457 0.806380 0.221528 0.807378 0.222299
1 0.786936 0.243673 0.788238 0.245988 0.785330 0.250463 0.784418 0.249769 0.784115 0.247377 0.782378 0.246759 0.779253 0.251080 0.777865 0.248765 0.780165 0.243904 0.782075 0.242130 0.786849 0.243673
1 0.775521 0.225000 0.776823 0.227315 0.776345 0.229167 0.774219 0.231944 0.772439 0.231481 0.772830 0.226389 0.774523 0.225849
1 0.775521 0.234954 0.776823 0.232639 0.777734 0.233333 0.777951 0.239120 0.776085 0.239120 0.775868 0.236420
1 0.770530 0.223688 0.769141 0.226003 0.765712 0.222840 0.765321 0.221142 0.766623 0.218827 0.769705 0.221528
1 0.766233 0.212191 0.766623 0.213889 0.765321 0.216204 0.763932 0.215509 0.762891 0.212654 0.764193 0.210340 0.765408 0.211806
1 0.742014 0.200077 0.743316 0.197762 0.744227 0.198380 0.744227 0.201698 0.742405 0.201698
1 0.739931 0.210031 0.740625 0.206713 0.742448 0.206713 0.742839 0.208333 0.742188 0.211651 0.740321 0.211651
1 0.734635 0.213040 0.734983 0.211420 0.736849 0.211420 0.736849 0.214660 0.734983 0.214660
1 0.729861 0.221528 0.730208 0.219907 0.732075 0.219907 0.732075 0.223148 0.730208 0.223148
1 0.735373 0.217361 0.736675 0.215046 0.737587 0.215741 0.737587 0.218981 0.735764 0.218981
1 0.740885 0.215509 0.741276 0.213889 0.743099 0.213889 0.743099 0.217130 0.741276 0.217130
1 0.740495 0.221991 0.741797 0.219676 0.745486 0.221605 0.747135 0.226003 0.746745 0.228472 0.744922 0.228472 0.744141 0.225463 0.740885 0.223843 0.740495 0.222068
1 0.747352 0.220370 0.749306 0.217515 0.750781 0.219830 0.749740 0.222145 0.747743 0.221991
1 0.749783 0.225540 0.752257 0.220756 0.754253 0.220679 0.754644 0.222377 0.753906 0.224383 0.751085 0.227855 0.750174 0.227160
1 0.756554 0.224614 0.757856 0.222299 0.760894 0.222299 0.763542 0.227006 0.762717 0.229167 0.761589 0.229552 0.760113 0.226929 0.756944 0.226312
1 0.762066 0.246373 0.760894 0.250154 0.759983 0.250772 0.758290 0.250231 0.756510 0.246373 0.756901 0.243133 0.757812 0.242438 0.760938 0.244059
1 0.746137 0.240046 0.744444 0.240355 0.743142 0.238040 0.744401 0.235725 0.747483 0.234954 0.748481 0.236960 0.748698 0.240509 0.747439 0.242361 0.746528 0.241667
1 0.733898 0.232253 0.734245 0.230093 0.736111 0.230093 0.736111 0.233873 0.734245 0.233873
1 0.726476 0.236420 0.727778 0.234105 0.728993 0.235494 0.729167 0.241975 0.730122 0.239892 0.729601 0.237114 0.729991 0.235340 0.730903 0.234645 0.731814 0.235340 0.733116 0.240046 0.730946 0.246373 0.727995 0.250772 0.726693 0.248457 0.726693 0.246219 0.727778 0.243750 0.727040 0.242747 0.726649 0.237577
1 0.721788 0.244059 0.723090 0.241744 0.724002 0.242438 0.724002 0.244059 0.725651 0.244367 0.726042 0.245988 0.724436 0.248997 0.723481 0.248302 0.723220 0.245679 0.722179 0.245679
1 0.722656 0.239043 0.723958 0.236728 0.724870 0.237423 0.724870 0.240664 0.723047 0.240664
1 0.721094 0.249846 0.721484 0.248225 0.723307 0.248225 0.726953 0.261420 0.730469 0.249228 0.733550 0.246991 0.736589 0.249228 0.737370 0.253009 0.739714 0.251775 0.742795 0.254090 0.743837 0.258642 0.746181 0.260417 0.749262 0.258102 0.752344 0.260417 0.753602 0.265818 0.752517 0.270910 0.754991 0.269444 0.758507 0.273071 0.758420 0.278164 0.757031 0.281481 0.755859 0.282176 0.753429 0.279707 0.751866 0.274306 0.751997 0.271836 0.748872 0.273302 0.747049 0.279475 0.748307 0.284491 0.752040 0.286651 0.754774 0.293750 0.756076 0.290972 0.759635 0.289043 0.762153 0.289969 0.764236 0.292438 0.765625 0.296142 0.766146 0.300617 0.765538 0.305478 0.762543 0.313194 0.755122 0.324537 0.749306 0.330324 0.745182 0.332562 0.739280 0.334028 0.731858 0.333179 0.720486 0.328318 0.713845 0.322685 0.708724 0.334877 0.710200 0.334645 0.714714 0.329630 0.717795 0.332793 0.723003 0.334877 0.723481 0.337500 0.719097 0.344522 0.722700 0.349383 0.722352 0.355093 0.720920 0.355556 0.713411 0.352315 0.709158 0.352160 0.699913 0.342515 0.696137 0.350849 0.699436 0.352855 0.695703 0.359336 0.696484 0.359259 0.697526 0.363426 0.696832 0.367978 0.694358 0.373071 0.692795 0.372068 0.692665 0.363194 0.693316 0.361420 0.692708 0.360802 0.690321 0.365818 0.686719 0.367747 0.681033 0.367207 0.678993 0.364738 0.677561 0.361034 0.677083 0.356559 0.677517 0.352315 0.680642 0.346219 0.683811 0.344059 0.684115 0.341281 0.696962 0.311728 0.697656 0.304321 0.702604 0.289043 0.706597 0.281404 0.709852 0.278241 0.716146 0.254167 0.718099 0.252160 0.721311 0.251157
1 0.734635 0.310417 0.737109 0.311497 0.743967 0.309105 0.743403 0.303781 0.742057 0.301080 0.740668 0.294213
1 0.722179 0.281944 0.722266 0.282948 0.722396 0.281173
1 0.736675 0.243056 0.737977 0.240741 0.740799 0.243210 0.742795 0.249151 0.742405 0.250772 0.740972 0.251466 0.739670 0.250463 0.738802 0.246065 0.737066 0.244676
1 0.744314 0.251929 0.744705 0.250309 0.746571 0.250309 0.746484 0.255787 0.744575 0.255941 0.744358 0.252238
1 0.763151 0.242670 0.763498 0.241049 0.765842 0.238426 0.766753 0.239043 0.767144 0.240741 0.766276 0.243596 0.763498 0.244290
1 0.748090 0.246682 0.749392 0.244367 0.753733 0.246451 0.754731 0.249151 0.753429 0.251466 0.748438 0.248302
1 0.674219 0.379321 0.678776 0.375309 0.681901 0.374537 0.684462 0.380093 0.684722 0.381944 0.683767 0.385340 0.685938 0.386034 0.688498 0.394444 0.689583 0.394444 0.691319 0.398534 0.696571 0.397762 0.700217 0.402623 0.701693 0.402315 0.706163 0.397299 0.713411 0.396373 0.715842 0.399923 0.715451 0.404012 0.713411 0.412423 0.711024 0.415972 0.720833 0.416281 0.723828 0.418904 0.724740 0.423225 0.733941 0.423225 0.741059 0.426775 0.741623 0.429167 0.740799 0.432330 0.734592 0.445988 0.752517 0.435417 0.734852 0.488117 0.657769 0.415818 0.671658 0.378858
1 0.802865 0.253164 0.801649 0.256173 0.799696 0.258179 0.798394 0.258179 0.796615 0.256173 0.793793 0.263349 0.792882 0.262654 0.792752 0.258873 0.791536 0.259182 0.789887 0.267978 0.786198 0.264815 0.786675 0.253009 0.791667 0.252701 0.794531 0.249383 0.802127 0.249537
1 0.801866 0.276157 0.801649 0.279321 0.800521 0.281481 0.798090 0.283642 0.795747 0.283102 0.797179 0.278164 0.801389 0.277006
1 0.792101 0.296914 0.789236 0.302932 0.786589 0.303627 0.784245 0.302623 0.783420 0.298765 0.781988 0.296605 0.782769 0.292284 0.783984 0.289969 0.790234 0.289583 0.791450 0.290586
1 0.778602 0.334568 0.778038 0.336343 0.775955 0.336343 0.772786 0.333565 0.771354 0.330710 0.770139 0.324923 0.772135 0.322531 0.777083 0.329090 0.778950 0.330247
1 0.766493 0.334722 0.764366 0.335880 0.758941 0.334877 0.756684 0.337886 0.755469 0.337886 0.753385 0.333565 0.754991 0.329552 0.757422 0.327392 0.764280 0.327083 0.766493 0.328549
1 0.724957 0.386574 0.725868 0.387269 0.725868 0.390509 0.722309 0.393210 0.721875 0.395525 0.723872 0.396065 0.725738 0.391975 0.726649 0.392670 0.726910 0.395293 0.724913 0.402469 0.723481 0.404552 0.720920 0.404475 0.719705 0.402469 0.718837 0.398302 0.719271 0.393133 0.722786 0.387269 0.724826 0.386574
1 0.730686 0.391590 0.731988 0.393904 0.731207 0.397994 0.729774 0.400386 0.728776 0.400386 0.727734 0.399460 0.727257 0.396682 0.728689 0.392978 0.730165 0.391744
1 0.743967 0.423843 0.745269 0.421528 0.746832 0.424614 0.747135 0.433642 0.745833 0.435957 0.744531 0.433642 0.743967 0.423920
1 0.749392 0.393904 0.748828 0.389660 0.749262 0.387963 0.751215 0.387809 0.751997 0.389892 0.751997 0.393904 0.751606 0.395525 0.749740 0.395525
1 0.741276 0.375694 0.742578 0.373380 0.743880 0.375540 0.743837 0.382948 0.742014 0.382948 0.741406 0.376698
1 0.757118 0.366898 0.757509 0.365278 0.759115 0.364583 0.761024 0.367207 0.762847 0.367284 0.763194 0.368904 0.761892 0.371219 0.757509 0.368596
1 0.766580 0.364120 0.767882 0.361806 0.769184 0.364120 0.768793 0.365741 0.766927 0.365741
1 0.771832 0.360494 0.775174 0.356019 0.776476 0.358333 0.775043 0.361420 0.773264 0.362809 0.772222 0.362191
1 0.755946 0.352238 0.756858 0.352932 0.756858 0.356173 0.753819 0.356173 0.753819 0.352932 0.755903 0.352238
1 0.746224 0.350540 0.747526 0.348225 0.748438 0.348920 0.748698 0.354398 0.747743 0.355093 0.746484 0.353164 0.746224 0.350849
1 0.739844 0.356944 0.740191 0.355324 0.742057 0.355324 0.742144 0.361806 0.740321 0.361806 0.739974 0.358025
1 0.728385 0.365741 0.729688 0.363426 0.731684 0.362191 0.732595 0.362886 0.732986 0.364738 0.731988 0.368287 0.730816 0.369599 0.729557 0.368056
1 0.731424 0.371296 0.732726 0.368981 0.734028 0.371296 0.733637 0.372917 0.731771 0.372917
1 0.718924 0.376698 0.717361 0.374074 0.718663 0.368441 0.720790 0.365586 0.722396 0.366898 0.722656 0.371528 0.721398 0.378318 0.719314 0.378318
1 0.700955 0.392901 0.699740 0.389892 0.700130 0.388272 0.704210 0.388272 0.704601 0.389892 0.703168 0.392207 0.703168 0.394522 0.701345 0.394522
1 0.690365 0.393596 0.688064 0.389892 0.689236 0.386806 0.692274 0.382793 0.694618 0.383410 0.697960 0.387114 0.697873 0.389506 0.696875 0.390972 0.691623 0.391898
1 0.702127 0.377006 0.702865 0.374074 0.701215 0.370679 0.701563 0.362037 0.702865 0.359722 0.704167 0.362037 0.704036 0.369676 0.708941 0.364738 0.715104 0.367515 0.716406 0.369830 0.715017 0.375849 0.712977 0.377932 0.711719 0.377623 0.709722 0.372685 0.706207 0.374306 0.703429 0.379321 0.702517 0.378704
1 0.707899 0.360340 0.709201 0.362654 0.707899 0.364969 0.705556 0.364275 0.705556 0.361034 0.707378 0.361034
1 0.700217 0.370833 0.698828 0.373148 0.696745 0.369059 0.697917 0.366204 0.699957 0.366127 0.701259 0.368441 0.700174 0.370756
1 0.697309 0.357485 0.698611 0.355170 0.699913 0.357485 0.699523 0.361265 0.697656 0.361265 0.697526 0.358410
1 0.818142 0.242284 0.756120 0.426003 0.756337 0.413426 0.760503 0.405401 0.761589 0.401003 0.759939 0.394444 0.759809 0.388272 0.768446 0.383951 0.770052 0.380787 0.777127 0.359799 0.777778 0.352623 0.780816 0.348071 0.783507 0.341435 0.783941 0.333873 0.782509 0.329475 0.783160 0.324460 0.786762 0.318287 0.790929 0.319907 0.790582 0.313117 0.795833 0.304707 0.799653 0.294213 0.808377 0.263657 0.808464 0.257330 0.813845 0.249383 0.816710 0.242052
1 0.766319 0.261497 0.765668 0.259336 0.766319 0.255864 0.767708 0.253935 0.769488 0.253935 0.770530 0.254707 0.770660 0.256636 0.768490 0.261497
1 0.766840 0.263040 0.771528 0.264583 0.773177 0.267052 0.777474 0.270139 0.777214 0.276235 0.773958 0.276620 0.769878 0.272377 0.767882 0.269136 0.767014 0.264429
1 0.759462 0.262191 0.761806 0.259722 0.763281 0.262809 0.764453 0.268981 0.763889 0.276466 0.762891 0.277778 0.761632 0.276929 0.759983 0.269444 0.758724 0.267361
1 0.781467 0.265818 0.782769 0.268133 0.780599 0.274383 0.779688 0.275077 0.778776 0.274383 0.778385 0.271759 0.780512 0.266667
1 0.770877 0.254012 0.772396 0.251466 0.774262 0.254244 0.774002 0.257639 0.773047 0.258333 0.771745 0.256173
1 0.755946 0.447994 0.756467 0.461883 0.763889 0.461111 0.766970 0.456327 0.771311 0.454398 0.779384 0.457330 0.786545 0.464043 0.789236 0.467361 0.791927 0.477160 0.794878 0.477160 0.798394 0.474306 0.806597 0.474769 0.809158 0.480556 0.808507 0.495370 0.811589 0.499460 0.814583 0.506404 0.816580 0.506404 0.820616 0.502083 0.823177 0.501852 0.825347 0.504012 0.826432 0.513117 0.827908 0.516512 0.828602 0.515509 0.829253 0.509568 0.830599 0.507639 0.835069 0.507639 0.836111 0.510494 0.836372 0.530170 0.841493 0.529707 0.844488 0.521759 0.854991 0.518441 0.860113 0.518133 0.852691 0.539506 0.849870 0.535185 0.849870 0.533719 0.848915 0.534259 0.846918 0.536651 0.845399 0.541435 0.842318 0.540201 0.840712 0.544985 0.837457 0.549537 0.838021 0.556713 0.839757 0.558873 0.845703 0.558179 0.848394 0.553318 0.837760 0.587731 0.739583 0.489738 0.755773 0.447145
1 0.848394 0.553318 0.849045 0.551235 0.848524 0.553164
1 0.841363 0.447222 0.842014 0.444444 0.845530 0.441744 0.847309 0.443056 0.847873 0.446759 0.848915 0.447531 0.849957 0.453781 0.847526 0.464583 0.845790 0.465664 0.842752 0.462654 0.842014 0.449923
1 0.868924 0.465509 0.870443 0.466667 0.871094 0.469367 0.869444 0.473457 0.867361 0.475386 0.865799 0.474306 0.865191 0.471528 0.867535 0.466358
1 0.857899 0.472685 0.859418 0.473843 0.860069 0.476543 0.859028 0.481790 0.856988 0.484182 0.855469 0.483102 0.854818 0.480324 0.855903 0.475000
1 0.788108 0.444599 0.788759 0.441667 0.790278 0.440509 0.795009 0.442361 0.796398 0.443827 0.796962 0.446373 0.795747 0.449846 0.795399 0.454321 0.793880 0.455478 0.792361 0.454321 0.791667 0.448457 0.788759 0.447299
1 0.801649 0.440972 0.803168 0.442052 0.803819 0.444830 0.802170 0.451312 0.800738 0.452238 0.799219 0.451157 0.798568 0.448380 0.800217 0.441667 0.801562 0.440972
1 0.800130 0.465741 0.800781 0.463040 0.802300 0.461883 0.803819 0.463040 0.804470 0.465741 0.803819 0.468519 0.802300 0.469599 0.800781 0.468519
1 0.806771 0.448225 0.807031 0.446296 0.808681 0.443981 0.812630 0.441975 0.814323 0.442438 0.816233 0.440355 0.817752 0.441512 0.818403 0.444213 0.817925 0.446682 0.814757 0.450694 0.811762 0.449306 0.808941 0.452083 0.807378 0.450926
1 0.821267 0.440586 0.823524 0.434645 0.824870 0.433719 0.826432 0.434877 0.827040 0.437577 0.825000 0.443210 0.823438 0.444444 0.821875 0.443364
1 0.827214 0.435648 0.827604 0.433410 0.830208 0.430478 0.832292 0.429784 0.832986 0.427315 0.834418 0.426389 0.835981 0.427469 0.836589 0.430247 0.835981 0.432948 0.833681 0.433873 0.832335 0.437191 0.829384 0.439506 0.827821 0.438349
1 0.837196 0.426003 0.837847 0.423302 0.839366 0.422145 0.841146 0.423302 0.841667 0.431019 0.840799 0.434722 0.839366 0.435648 0.837847 0.434568 0.837196 0.431790 0.837326 0.427392
1 0.771050 0.433951 0.771701 0.431250 0.773220 0.430093 0.776780 0.431250 0.777431 0.433951 0.776780 0.436651 0.775260 0.437809 0.771701 0.436651
1 0.787587 0.400386 0.788238 0.397685 0.789757 0.396528 0.791276 0.397608 0.791927 0.400154 0.792014 0.406481 0.793490 0.409568 0.798481 0.411420 0.799089 0.414120 0.797743 0.417361 0.797049 0.423611 0.795530 0.424769 0.794010 0.423611 0.793403 0.416281 0.790408 0.414892 0.788542 0.409568 0.787587 0.400463
1 0.805122 0.396528 0.805599 0.394136 0.809028 0.391281 0.812196 0.392824 0.812847 0.395525 0.811589 0.399074 0.810373 0.399846 0.807292 0.400386 0.805773 0.399228
1 0.796007 0.391204 0.796658 0.388503 0.798177 0.387346 0.799740 0.388503 0.800347 0.392052 0.799740 0.394830 0.798177 0.395910 0.796658 0.394830 0.796050 0.391358
1 0.798915 0.423302 0.799523 0.420525 0.801085 0.419444 0.802604 0.420525 0.803255 0.423302 0.802604 0.426003 0.801085 0.427160 0.799523 0.426003
1 0.814974 0.394290 0.815625 0.391590 0.817144 0.390432 0.818663 0.391590 0.819314 0.394290 0.818663 0.396991 0.817144 0.398148 0.815625 0.396991
1 0.783030 0.377469 0.783637 0.374691 0.785200 0.373611 0.786719 0.374691 0.787370 0.377469 0.786979 0.379012 0.788368 0.380247 0.788932 0.382793 0.788281 0.385571 0.786762 0.386651 0.785243 0.385571 0.784852 0.381019 0.783637 0.380170
1 0.838194 0.384414 0.838802 0.381713 0.841450 0.380170 0.843142 0.381250 0.844314 0.384877 0.843750 0.388812 0.842231 0.389969 0.838802 0.387191
1 0.799436 0.329012 0.800087 0.326312 0.801606 0.325154 0.803168 0.326312 0.803776 0.329012 0.803342 0.333025 0.804123 0.336034 0.804123 0.341590 0.803516 0.344367 0.801953 0.345448 0.800434 0.344367 0.799783 0.341590 0.799740 0.330324
1 0.804861 0.302315 0.805469 0.299537 0.807031 0.298457 0.808550 0.299537 0.809852 0.305247 0.808333 0.310108 0.807031 0.310957 0.805469 0.309799 0.804861 0.307099 0.805382 0.304552
1 0.813281 0.304707 0.813889 0.301929 0.815451 0.300849 0.816970 0.301929 0.817622 0.304707 0.816970 0.307407 0.815451 0.308565 0.813889 0.307407
1 0.815625 0.317052 0.816276 0.314352 0.818576 0.313194 0.822396 0.316975 0.823438 0.320833 0.822830 0.323611 0.821050 0.324691 0.819661 0.323765 0.818924 0.321451 0.816276 0.319753
1 0.847483 0.324691 0.848177 0.321836 0.850477 0.318287 0.852083 0.317670 0.853646 0.318750 0.854253 0.321528 0.853733 0.323997 0.849653 0.328549 0.848134 0.327392
1 0.822960 0.302160 0.822700 0.297685 0.826172 0.297068 0.828299 0.299691 0.828950 0.301852 0.828863 0.305556 0.827300 0.310185 0.825217 0.311497 0.824566 0.310340 0.824479 0.303858 0.822960 0.301852
1 0.826085 0.330170 0.828212 0.323997 0.829427 0.323997 0.832248 0.334336 0.832335 0.339120 0.829253 0.341821 0.828689 0.336265 0.827083 0.333642
1 0.840278 0.344290 0.837587 0.349306 0.835417 0.351080 0.835417 0.353472 0.840017 0.353241 0.845052 0.349151 0.847222 0.350077 0.845182 0.352932 0.837283 0.359259 0.832509 0.358102 0.830946 0.353935 0.831207 0.347299 0.832639 0.345293 0.839453 0.340664
1 0.818012 0.353395 0.816189 0.351003 0.816189 0.348380 0.818403 0.343596 0.820486 0.343287 0.823264 0.349769 0.822873 0.355247 0.820920 0.356867 0.817882 0.353395
1 0.802734 0.363040 0.803038 0.359028 0.804340 0.357948 0.812674 0.358179 0.813542 0.360571 0.814627 0.374151 0.812934 0.372994 0.811241 0.364969 0.810503 0.366281 0.806337 0.367052 0.804557 0.365509
1 0.820747 0.373765 0.824002 0.372299 0.825955 0.373302 0.828516 0.380015 0.831250 0.384491 0.831641 0.387269 0.830078 0.392052 0.822786 0.393750 0.821267 0.386111
1 0.879905 0.404861 0.877170 0.412963 0.874392 0.416204 0.872222 0.421991 0.870964 0.421991 0.870052 0.420448 0.870313 0.419290 0.867708 0.423457 0.864323 0.421528 0.862153 0.411574 0.863585 0.406404 0.869401 0.401775 0.880122 0.402006
1 0.854340 0.381559 0.855122 0.375694 0.856684 0.375077 0.857899 0.372917 0.868316 0.372531 0.870269 0.374151 0.861675 0.387269 0.856554 0.389198 0.854210 0.387963
1 0.846788 0.365046 0.847092 0.362500 0.850694 0.356404 0.852300 0.356404 0.853689 0.349460 0.855686 0.347762 0.857726 0.347917 0.858420 0.352546 0.855686 0.360802 0.854340 0.363426 0.848872 0.366435
1 0.896181 0.339352 0.898915 0.331327 0.900825 0.329244 0.902474 0.330401 0.903125 0.333102 0.900998 0.340123 0.898351 0.343210 0.896832 0.342052
1 0.908116 0.318673 0.909679 0.319830 0.910286 0.322531 0.908811 0.327546 0.907118 0.329012 0.905599 0.327855 0.904948 0.325154 0.906554 0.319907
1 0.895269 0.311343 0.896224 0.307716 0.897786 0.306481 0.899436 0.307639 0.900087 0.310340 0.899349 0.313272 0.897439 0.315201 0.895920 0.314120
1 0.879470 0.308642 0.876693 0.305633 0.876215 0.302160 0.876953 0.294059 0.878472 0.292901 0.880252 0.294599 0.883984 0.293750 0.885503 0.294830 0.886372 0.302623 0.884852 0.311497 0.883290 0.312654 0.881771 0.311497 0.880903 0.307330
1 0.896007 0.280324 0.897526 0.281481 0.898177 0.284182 0.897526 0.286960 0.893359 0.288194 0.890061 0.292670 0.888498 0.291512 0.887891 0.288812 0.888281 0.286574 0.890278 0.282639 0.892969 0.280556 0.895616 0.280633
1 0.844965 0.288580 0.845616 0.285880 0.846398 0.285571 0.845747 0.282793 0.846398 0.280093 0.850130 0.275463 0.853212 0.273534 0.856814 0.277160 0.857856 0.283642 0.857118 0.289120 0.849175 0.292670 0.845616 0.291358
1 0.832292 0.318133 0.832943 0.315432 0.834462 0.314275 0.836024 0.315432 0.836632 0.318133 0.836024 0.320833 0.834462 0.321991 0.832943 0.320833
1 0.863194 0.292824 0.863845 0.290123 0.865365 0.288966 0.866884 0.290123 0.867535 0.292824 0.866884 0.295602 0.865365 0.296682 0.863845 0.295602
1 0.863889 0.283796 0.864540 0.286497 0.863889 0.289275 0.862370 0.290355 0.860851 0.289275 0.858073 0.280015 0.859418 0.274151 0.860981 0.272994 0.862500 0.274151 0.863151 0.276852 0.862153 0.280093 0.863542 0.283488
1 0.836111 0.271528 0.836762 0.268827 0.838281 0.267670 0.841797 0.271296 0.843359 0.277006 0.842708 0.279784 0.837457 0.285340 0.835938 0.284259 0.835286 0.281481 0.836458 0.278164 0.836589 0.273611
1 0.835938 0.260031 0.837500 0.261111 0.838108 0.263889 0.837500 0.266590 0.835938 0.267747 0.830295 0.264738 0.829644 0.262037 0.830295 0.259336 0.831814 0.258179 0.835547 0.260340
1 0.815799 0.268827 0.816450 0.266127 0.817969 0.264969 0.819531 0.266127 0.820139 0.268827 0.819531 0.271605 0.817969 0.272685 0.816450 0.271605
1 0.820009 0.252392 0.822352 0.241821 0.823698 0.241049 0.825217 0.242207 0.825868 0.244907 0.823741 0.255093 0.822179 0.256250 0.820660 0.255093
1 0.861589 0.250849 0.862804 0.246836 0.866840 0.242747 0.871050 0.242130 0.872569 0.243210 0.873220 0.245988 0.872786 0.249691 0.869748 0.253009 0.866189 0.252392 0.863759 0.254707 0.862240 0.253549
1 0.865799 0.274460 0.868793 0.267824 0.870399 0.266590 0.872092 0.267670 0.872743 0.270448 0.871875 0.273534 0.867969 0.278318 0.866450 0.277160
1 0.873090 0.254630 0.873741 0.251852 0.875260 0.250772 0.876780 0.251852 0.877431 0.254630 0.876780 0.257330 0.875260 0.258488 0.873741 0.257330
1 0.879253 0.281019 0.880599 0.276775 0.882205 0.275463 0.883724 0.276620 0.884375 0.279321 0.883724 0.282485 0.881727 0.284877 0.879861 0.283796
1 0.826519 0.231019 0.827865 0.226852 0.829948 0.225463 0.831814 0.226543 0.832465 0.229321 0.831076 0.232870 0.828689 0.234877 0.827127 0.233719
1 0.839583 0.224383 0.840799 0.220910 0.842405 0.219676 0.844097 0.220833 0.844748 0.223534 0.844054 0.226389 0.841927 0.228241 0.840234 0.227160
1 0.849653 0.222994 0.850260 0.220216 0.854861 0.218519 0.856814 0.219599 0.858030 0.215046 0.859549 0.213966 0.866840 0.219367 0.868186 0.222994 0.867578 0.226543 0.866016 0.227701 0.859766 0.227315 0.857292 0.223457 0.856901 0.225077 0.855382 0.226235 0.851823 0.226852 0.850260 0.225694
1 0.855773 0.206019 0.856424 0.203241 0.857943 0.202160 0.859809 0.203241 0.860460 0.206019 0.859809 0.208719 0.858290 0.209877 0.856424 0.208719
1 0.869358 0.219522 0.869792 0.217207 0.873481 0.214198 0.875000 0.215355 0.876606 0.224151 0.875998 0.226852 0.874436 0.228009 0.872439 0.225540 0.871962 0.223380 0.870009 0.222222
1 0.877734 0.226929 0.879470 0.225463 0.881163 0.226543 0.881814 0.229321 0.880729 0.232716 0.876085 0.238889 0.874523 0.237731 0.873915 0.235031 0.874696 0.231636 0.876562 0.229167
1 0.892448 0.227855 0.891840 0.230864 0.888672 0.232253 0.885677 0.231173 0.885069 0.228395 0.885981 0.225077 0.884549 0.224151 0.883811 0.221914 0.883594 0.216358 0.885503 0.213426 0.888498 0.213657 0.889887 0.217207 0.889714 0.220679 0.888759 0.222685 0.892057 0.225540
1 0.896224 0.243056 0.896832 0.240355 0.898394 0.239198 0.899913 0.240355 0.900521 0.248457 0.902170 0.249537 0.902821 0.252315 0.902170 0.255015 0.900651 0.256173 0.897005 0.252701 0.896224 0.243364
1 0.905599 0.247377 0.906033 0.245139 0.909158 0.239506 0.910851 0.238117 0.912370 0.239198 0.913021 0.242207 0.912283 0.245062 0.907769 0.251235 0.906250 0.250154
1 0.918446 0.262809 0.921615 0.266898 0.922396 0.271296 0.921918 0.276466 0.919748 0.279167 0.915625 0.275463 0.915148 0.272994 0.915842 0.265586 0.918359 0.262809
1 0.924523 0.219522 0.925174 0.216821 0.926693 0.215664 0.928255 0.216821 0.928863 0.219522 0.928255 0.222222 0.926693 0.223380 0.925174 0.222222
1 0.945182 0.195062 0.930469 0.268981 0.900738 0.385031 0.860720 0.516898 0.860200 0.508333 0.862977 0.502701 0.866797 0.491512 0.866797 0.488349 0.869965 0.483488 0.871311 0.477701 0.870964 0.473457 0.874653 0.467284 0.882552 0.440972 0.882639 0.435648 0.883767 0.429398 0.886024 0.428627 0.886892 0.424460 0.884896 0.423071 0.885547 0.415046 0.890712 0.402083 0.894271 0.398302 0.902387 0.371914 0.902517 0.365586 0.903819 0.364120 0.906076 0.358333 0.909809 0.341358 0.909505 0.329861 0.910460 0.326389 0.912413 0.326389 0.913194 0.325231 0.914019 0.321528 0.914019 0.311728 0.914670 0.308873 0.915451 0.305941 0.918533 0.300772 0.920182 0.291281 0.923741 0.282099 0.924349 0.271451 0.931641 0.246759 0.931641 0.230324 0.930208 0.229784 0.930339 0.225463 0.932292 0.221991 0.938108 0.218287 0.937153 0.209954 0.934549 0.209336 0.934071 0.205015 0.936024 0.202469 0.938759 0.202469 0.940538 0.198997 0.945052 0.194676
1 0.761806 0.427932 0.789800 0.341667 0.802214 0.308410 0.802083 0.313812 0.799609 0.320216 0.801823 0.323843 0.798741 0.327238 0.798351 0.331327 0.794141 0.337037 0.792665 0.348997 0.790799 0.350463 0.790929 0.346836 0.784028 0.366744 0.781901 0.376852 0.778906 0.385417 0.777040 0.388117 0.776910 0.392130 0.778385 0.395062 0.778516 0.398380 0.776910 0.401466 0.773524 0.400540 0.772569 0.405324 0.768793 0.415123 0.771918 0.419444 0.771918 0.427392 0.771094 0.430941 0.769748 0.432870 0.763976 0.432639 0.761936 0.430247 0.761936 0.428318
1 0.830339 0.218750 0.831684 0.215278 0.833594 0.216821 0.832639 0.220216 0.831076 0.220293
1 0.844097 0.177006 0.844965 0.178549 0.844661 0.179707 0.838889 0.195679 0.838064 0.193364 0.843446 0.177546
1 0.880469 0.209491 0.881337 0.211034 0.879687 0.214815 0.878819 0.213040 0.880382 0.209491
1 0.865668 0.236188 0.865799 0.233719 0.866970 0.231867 0.867839 0.233410 0.866536 0.237731
1 0.850000 0.420679 0.849132 0.419136 0.850130 0.417052 0.851910 0.416127 0.852778 0.417670 0.850087 0.420679
1 0.958811 0.271682 0.959288 0.269599 0.961372 0.268441 0.965365 0.273457 0.965929 0.275849 0.964670 0.279012 0.962977 0.279630 0.959245 0.273765
1 0.970312 0.280710 0.970833 0.278472 0.972049 0.277623 0.973264 0.278472 0.973785 0.280710 0.973264 0.282870 0.972049 0.283796 0.970833 0.282870
1 0.991450 0.283179 0.991970 0.281019 0.993186 0.280093 0.994444 0.281019 0.995486 0.284028 0.995009 0.286188 0.993750 0.287114 0.991970 0.285340
1 0.973785 0.302006 0.975998 0.297531 0.978559 0.298534 0.979297 0.300463 0.979601 0.304167 0.979080 0.306327 0.977865 0.307253 0.976172 0.304861 0.974262 0.304167
1 0.964844 0.299537 0.966276 0.300463 0.966753 0.303009 0.965148 0.308488 0.963889 0.309414 0.958377 0.308719 0.957292 0.308025 0.956380 0.305324 0.957682 0.300617 0.963411 0.300926
1 0.980295 0.315895 0.981510 0.316744 0.982031 0.319136 0.981163 0.324306 0.979253 0.326852 0.977951 0.325926 0.977431 0.323765 0.978993 0.316821
1 0.992578 0.331636 0.993099 0.329398 0.994314 0.328549 0.995616 0.329475 0.996267 0.334105 0.995747 0.337114 0.994531 0.338040 0.993273 0.337114 0.992665 0.332639
1 0.984332 0.336111 0.985547 0.336960 0.987196 0.340818 0.988108 0.343519 0.987587 0.345679 0.986372 0.346605 0.981337 0.343210 0.980425 0.340509 0.981076 0.337731 0.984245 0.336111
1 0.972092 0.350154 0.972613 0.347994 0.973828 0.347068 0.975043 0.347994 0.975564 0.350154 0.975043 0.352392 0.973828 0.353241 0.972613 0.352392
1 0.959766 0.350077 0.958464 0.349228 0.957943 0.346991 0.958333 0.344367 0.962023 0.339429 0.963281 0.340355 0.963759 0.342515 0.960981 0.349228
1 0.965495 0.350386 0.966710 0.351312 0.967231 0.353472 0.964974 0.358796 0.963455 0.360417 0.962196 0.359491 0.961719 0.357176 0.962413 0.353935 0.965451 0.350386
1 0.949175 0.338503 0.950174 0.335417 0.951736 0.334105 0.955425 0.335417 0.955816 0.337346 0.955295 0.339506 0.950911 0.341590 0.949653 0.340741
1 0.929080 0.381019 0.936762 0.387731 0.937413 0.390123 0.936111 0.396528 0.930946 0.401003 0.926693 0.398688 0.924826 0.391358 0.925911 0.383873 0.929036 0.381019
1 0.945269 0.397917 0.946007 0.386265 0.946745 0.383488 0.948264 0.382022 0.951823 0.382948 0.956771 0.388194 0.957899 0.390664 0.957595 0.394676 0.955208 0.395988 0.954297 0.400926 0.950174 0.401775 0.948177 0.400154 0.947005 0.401003 0.945790 0.400077
1 0.977778 0.392052 0.978993 0.392901 0.979514 0.395293 0.978993 0.397531 0.976259 0.398843 0.977387 0.402006 0.980122 0.404707 0.981076 0.407716 0.980599 0.412886 0.979340 0.413812 0.977300 0.412577 0.972786 0.400077 0.972960 0.395833 0.973828 0.393673 0.977561 0.392052
1 0.990191 0.418287 0.990712 0.416127 0.991927 0.415201 0.993403 0.416127 0.993880 0.419290 0.992752 0.423765 0.991493 0.424769 0.990278 0.423843 0.989757 0.421682 0.990234 0.418827
1 0.962717 0.433951 0.963976 0.434877 0.964453 0.437037 0.962240 0.445525 0.960807 0.446528 0.959592 0.445602 0.959332 0.441821 0.960938 0.436265 0.962674 0.433951
1 0.997439 0.464892 0.998524 0.465664 1.000000 0.470139 0.999523 0.472454 0.994575 0.478781 0.992274 0.477623 0.991623 0.473302 0.992622 0.468596 0.995182 0.465586 0.997352 0.464969
1 0.985026 0.465664 0.986241 0.466590 0.986762 0.468981 0.985200 0.473765 0.984071 0.474460 0.982856 0.473534 0.982335 0.471373 0.983464 0.467361
1 0.984071 0.579167 0.985937 0.573380 0.987326 0.572222 0.988672 0.573148 0.989193 0.575309 0.987977 0.579475 0.986719 0.581790 0.984592 0.581327
1 0.923958 0.509645 0.923437 0.511806 0.922222 0.512731 0.919618 0.511806 0.918707 0.520448 0.916623 0.524923 0.914106 0.525694 0.912847 0.524691 0.911328 0.511574 0.913498 0.504707 0.915321 0.502701 0.917882 0.502701 0.920095 0.505633 0.922830 0.506790
1 0.944184 0.526235 0.945399 0.527160 0.945920 0.529321 0.945052 0.534722 0.943099 0.537423 0.940668 0.536497 0.940278 0.531250 0.942231 0.527469 0.944054 0.526235
1 0.954514 0.627469 0.955035 0.622685 0.958507 0.614892 0.960981 0.613117 0.963194 0.615046 0.964193 0.618827 0.959679 0.634799 0.956380 0.635802 0.955078 0.634799 0.954514 0.627546
1 0.942361 0.643210 0.941059 0.642207 0.940495 0.639429 0.942535 0.635340 0.945486 0.633951 0.948090 0.636420 0.950998 0.643519 0.950477 0.645679 0.948958 0.646605 0.946875 0.644367 0.945356 0.640123 0.943924 0.641512
1 0.920530 0.609259 0.921050 0.607022 0.922266 0.606173 0.924002 0.607176 0.924696 0.610417 0.924696 0.618596 0.923003 0.623534 0.919444 0.628858 0.918229 0.627932 0.917708 0.622145 0.918229 0.619985 0.920486 0.619136 0.921224 0.617515 0.921224 0.611651
1 0.938325 0.602778 0.941884 0.592361 0.943056 0.591512 0.944271 0.592438 0.944488 0.596759 0.941189 0.605170 0.940061 0.605864 0.938845 0.604938
1 0.890451 0.570293 0.890625 0.563812 0.895399 0.552855 0.897830 0.550617 0.901042 0.551466 0.902474 0.556096 0.901910 0.562423 0.899262 0.564815 0.897743 0.563117 0.896875 0.560031 0.893924 0.566204 0.893403 0.572454 0.892187 0.573380 0.890972 0.572454
1 0.886198 0.525000 0.886675 0.517824 0.888411 0.513580 0.891059 0.512500 0.893490 0.514892 0.894271 0.519599 0.893273 0.526235 0.892231 0.530015 0.889453 0.534414 0.887804 0.535417 0.886545 0.534414 0.885981 0.532176 0.886198 0.525231
1 0.960851 0.703164 0.956684 0.717052 0.843707 0.592978 0.852821 0.564660 0.854470 0.564660 0.855252 0.568673 0.855946 0.568673 0.859071 0.566667 0.865712 0.565432 0.871224 0.561883 0.876519 0.561034 0.886719 0.566667 0.887500 0.568056 0.887413 0.572068 0.879080 0.579861 0.878429 0.582639 0.878950 0.584799 0.880773 0.586574 0.885026 0.586574 0.886285 0.588040 0.888628 0.592207 0.890191 0.597994 0.891536 0.599614 0.894488 0.599383 0.896962 0.597222 0.902127 0.589429 0.908637 0.587191 0.913021 0.583642 0.920877 0.582407 0.923437 0.584182 0.923698 0.599846 0.918880 0.606481 0.918533 0.611806 0.917318 0.615818 0.904297 0.614660 0.892708 0.618056 0.902257 0.628009 0.906076 0.633410 0.918880 0.645602 0.922352 0.654167 0.926736 0.675154 0.928863 0.672377 0.931120 0.672377 0.934592 0.679707 0.935069 0.684954 0.936849 0.686728 0.947309 0.687114 0.948220 0.688889 0.948090 0.701466 0.953255 0.705478 0.954948 0.708719 0.960764 0.702932
1 0.868273 0.518056 0.931207 0.287731 0.931901 0.292978 0.930816 0.300926 0.929080 0.303781 0.927474 0.309182 0.927214 0.313040 0.926128 0.314043 0.927083 0.315895 0.926910 0.322608 0.923177 0.327932 0.921398 0.337963 0.916840 0.350694 0.916840 0.352315 0.918316 0.354475 0.918316 0.356636 0.913325 0.368904 0.912500 0.377778 0.908594 0.384954 0.903602 0.407948 0.900260 0.412269 0.897135 0.427238 0.897135 0.434491 0.895920 0.440664 0.892665 0.445988 0.884592 0.469444 0.884332 0.476852 0.887023 0.482870 0.886762 0.488580 0.885807 0.491744 0.880686 0.497685 0.879080 0.503009 0.877431 0.504938 0.873524 0.506327 0.872483 0.520756 0.870313 0.520756 0.869358 0.517824 0.868533 0.517824