0 0.841172 0.292847 0.797500 0.446736 0.748945 0.444306 0.796719 0.295972
0 0.796445 0.451528 0.733750 0.644653 0.683086 0.632153 0.747617 0.448681
0 0.794414 0.296597 0.746641 0.444861 0.701680 0.442361 0.751992 0.300347 0.794609 0.296181
0 0.749688 0.302847 0.699609 0.441111 0.657656 0.439861 0.710781 0.305764 0.749922 0.302014
0 0.672695 0.310694 0.708516 0.306806 0.655156 0.441042 0.618086 0.439653 0.672617 0.311319
0 0.670078 0.311806 0.615234 0.438194 0.585938 0.438056 0.584570 0.434236 0.637031 0.316111 0.670195 0.311319
0 0.634258 0.317500 0.581055 0.434444 0.550781 0.434792 0.603750 0.320972 0.634062 0.317500
0 0.559219 0.355417 0.573984 0.324722 0.601133 0.320903 0.548164 0.435139 0.539609 0.435486 0.539023 0.431319 0.569688 0.361667 0.565234 0.354722
0 0.544297 0.329444 0.571133 0.325347 0.556445 0.357431 0.527852 0.362500 0.544453 0.329444
0 0.525586 0.363125 0.500664 0.368472 0.517813 0.332500 0.542422 0.329722 0.525781 0.363333
0 0.499336 0.368889 0.475391 0.373750 0.493984 0.335764 0.516367 0.332986 0.499258 0.368889
0 0.634687 0.618681 0.699961 0.447222 0.744453 0.449306 0.680625 0.630625 0.634297 0.618611
0 0.696875 0.447083 0.631016 0.617778 0.589883 0.607083 0.655820 0.445069
0 0.653086 0.445972 0.586875 0.605694 0.549805 0.595347 0.615664 0.444583
0 0.589023 0.444236 0.612891 0.444236 0.548086 0.595000 0.514687 0.585694 0.574062 0.455972 0.585938 0.455278 0.589219 0.445278
0 0.571875 0.455625 0.512813 0.585694 0.487578 0.578472 0.487773 0.574653 0.486602 0.573611 0.540898 0.455278
0 0.528750 0.454583 0.540781 0.454583 0.486211 0.572222 0.483125 0.566736 0.528750 0.454931
0 0.562891 0.358750 0.390039 0.757917 0.335469 0.713333 0.487734 0.373472 0.562891 0.358611
0 0.484844 0.376597 0.445625 0.459514 0.333594 0.710486 0.296328 0.678542 0.429727 0.385903 0.485391 0.375556
0 0.426484 0.388681 0.353047 0.544236 0.293867 0.675556 0.266016 0.650764 0.384297 0.397778 0.426797 0.388125
0 0.382383 0.397431 0.264492 0.651389 0.242344 0.631806 0.347852 0.406181 0.382109 0.397431
0 0.346250 0.406944 0.241172 0.629306 0.225117 0.614028 0.319688 0.412778 0.346680 0.406597
0 0.317500 0.413681 0.284609 0.481389 0.223672 0.613194 0.211016 0.600278 0.296563 0.417292 0.317422 0.413264
0 0.294453 0.418750 0.209648 0.598194 0.199531 0.588889 0.276406 0.421597 0.294063 0.418472
0 0.275312 0.421319 0.197578 0.588750 0.188398 0.579653 0.259570 0.424167
0 0.258203 0.425139 0.188008 0.579028 0.179297 0.570417 0.244375 0.426875 0.258359 0.424792
0 0.185469 0.583472 0.121602 0.733611 0.118242 0.715625 0.177617 0.574514 0.185703 0.583403
0 0.195742 0.594653 0.125742 0.757222 0.122031 0.735208 0.185898 0.583542
0 0.206680 0.606250 0.131523 0.783681 0.126680 0.758889 0.195820 0.595069
0 0.220781 0.620208 0.138164 0.814722 0.132344 0.785625 0.207617 0.606875
0 0.237305 0.638194 0.147031 0.853264 0.138867 0.816944 0.221406 0.622569 0.237969 0.638889
0 0.259492 0.658889 0.158477 0.900486 0.147734 0.855000 0.238437 0.639306 0.259727 0.658958
0 0.289023 0.686319 0.174219 0.962847 0.159375 0.905208 0.260547 0.660694 0.288867 0.686597
0 0.328555 0.721806 0.212266 0.999236 0.185000 0.999236 0.175000 0.966944 0.289375 0.688472
0 0.384414 0.772153 0.287070 0.999931 0.215391 1.000000 0.330547 0.725556 0.383633 0.771806
1 0.801406 0.434097 0.796836 0.449583 0.749141 0.446181 0.751328 0.444167 0.762617 0.441944 0.765859 0.441944 0.768242 0.443264 0.775039 0.441944 0.778398 0.444792 0.788633 0.444514 0.793672 0.433958 0.796055 0.433958 0.796914 0.436319 0.797969 0.436319 0.798555 0.434097 0.801250 0.433958
1 0.755156 0.425625 0.758008 0.418333 0.759727 0.418681 0.760039 0.421528 0.757070 0.424097
1 0.782500 0.410139 0.788320 0.410139 0.789766 0.412708 0.789570 0.413889 0.780117 0.415625 0.779297 0.415000 0.779297 0.412083 0.781172 0.411389
1 0.770820 0.423264 0.771563 0.421319 0.774258 0.420000 0.775312 0.420556 0.775625 0.422083 0.774883 0.423958 0.772070 0.425347 0.771133 0.424722
1 0.789531 0.423611 0.790703 0.421528 0.794141 0.421528 0.795312 0.423611 0.794141 0.425694 0.789883 0.425069
1 0.763359 0.417778 0.763711 0.416319 0.765352 0.416319 0.765352 0.419306 0.763711 0.419306
1 0.761445 0.407083 0.762109 0.404028 0.763203 0.402778 0.766133 0.403264 0.766133 0.406181 0.764023 0.406944 0.762617 0.409167 0.761797 0.408542
1 0.770820 0.391319 0.771992 0.389028 0.773086 0.389653 0.773438 0.391111 0.772500 0.393194 0.771133 0.392778
1 0.777773 0.396528 0.778945 0.394444 0.780781 0.394444 0.781953 0.396528 0.780781 0.398611 0.778125 0.398056
1 0.774844 0.363125 0.775195 0.361667 0.776836 0.361667 0.776836 0.364583 0.775195 0.364583
1 0.774844 0.370417 0.775195 0.368958 0.776836 0.368958 0.776836 0.371944 0.775195 0.371944
1 0.774844 0.375069 0.776016 0.372986 0.777187 0.375069 0.776953 0.377639 0.775273 0.380347 0.774102 0.378264 0.774844 0.375139
1 0.789492 0.362153 0.788242 0.360069 0.789180 0.357847 0.791875 0.357569 0.791875 0.360556 0.790391 0.361458
1 0.796367 0.362431 0.796719 0.360972 0.798359 0.360972 0.798359 0.363958 0.796719 0.363958
1 0.784141 0.360417 0.784531 0.358681 0.786719 0.357153 0.787734 0.357778 0.788086 0.359236 0.787148 0.361250 0.785313 0.362500 0.784453 0.361875
1 0.778672 0.352431 0.779844 0.350347 0.782383 0.352639 0.782734 0.354306 0.781641 0.356389 0.780352 0.356389 0.778672 0.352500
1 0.785469 0.347500 0.785859 0.345972 0.788828 0.344722 0.791016 0.344583 0.792188 0.346667 0.790664 0.348889 0.785820 0.348958
1 0.794336 0.343403 0.794687 0.341944 0.796367 0.341944 0.796367 0.344931 0.794687 0.344931
1 0.796641 0.341389 0.798203 0.338681 0.803555 0.337292 0.804766 0.337847 0.805117 0.339375 0.803086 0.341944 0.797813 0.343472 0.796992 0.342847
1 0.797930 0.346458 0.799102 0.348681 0.797617 0.351944 0.796445 0.349861 0.796836 0.347778
1 0.805352 0.341389 0.805703 0.339931 0.807969 0.338958 0.809648 0.339583 0.810000 0.341042 0.808828 0.343125 0.805703 0.342847
1 0.810781 0.344444 0.812930 0.341667 0.815977 0.341181 0.817148 0.343264 0.816055 0.345347 0.812344 0.346528 0.811133 0.345903
1 0.825508 0.340208 0.825859 0.338750 0.827500 0.338750 0.827500 0.341667 0.825859 0.341667
1 0.782578 0.341319 0.784492 0.338333 0.786133 0.338472 0.786016 0.341597 0.783867 0.343403 0.782930 0.342778
1 0.788125 0.334861 0.789609 0.332639 0.791211 0.333264 0.791523 0.334722 0.790352 0.336806 0.788477 0.336319
1 0.785742 0.329097 0.788281 0.323958 0.789648 0.324375 0.790391 0.329792 0.790039 0.331250 0.789219 0.331875 0.788008 0.330000 0.786914 0.331181 0.786094 0.330556
1 0.791289 0.323333 0.792461 0.321250 0.793477 0.322292 0.796289 0.321389 0.797461 0.323472 0.797109 0.324931 0.792461 0.327778 0.791641 0.327153 0.791289 0.323472
1 0.797969 0.321597 0.799258 0.319375 0.802305 0.319375 0.803477 0.321458 0.803008 0.322292 0.808516 0.321250 0.809688 0.323333 0.808516 0.325417 0.803672 0.326389 0.801562 0.329167 0.800391 0.326875 0.801562 0.323472 0.798320 0.323125
1 0.810039 0.321111 0.810391 0.319653 0.812031 0.319653 0.812031 0.322569 0.810391 0.322569
1 0.823125 0.314167 0.823477 0.312639 0.825117 0.312639 0.825117 0.315625 0.823477 0.315625
1 0.790430 0.314792 0.790781 0.313333 0.792422 0.313333 0.792422 0.316319 0.790781 0.316319
1 0.780898 0.306667 0.781250 0.305208 0.782930 0.305208 0.782930 0.308125 0.781250 0.308125
1 0.778359 0.315139 0.781328 0.317569 0.780156 0.318056 0.778633 0.320764 0.780000 0.321597 0.780859 0.329792 0.781719 0.330278 0.781523 0.331806 0.774062 0.332153 0.771953 0.334028 0.768125 0.332847 0.764492 0.335069 0.760859 0.333889 0.751289 0.337222 0.749375 0.339792 0.747305 0.339653 0.747305 0.335903 0.744336 0.335417 0.743281 0.332153 0.748047 0.326875 0.754570 0.323681 0.758555 0.318194 0.765820 0.317917 0.768203 0.312778 0.771367 0.312639 0.772344 0.315139 0.773867 0.315694 0.778320 0.315139
1 0.785234 0.320625 0.782734 0.320972 0.784102 0.317917 0.786094 0.317222
1 0.740313 0.337639 0.742227 0.337292 0.747305 0.341736 0.746992 0.343958 0.744414 0.347153 0.742305 0.343403 0.740117 0.344583 0.739922 0.347361 0.742617 0.349375 0.750234 0.345972 0.751016 0.344444 0.758359 0.339514 0.762773 0.338681 0.762852 0.340694 0.760664 0.344097 0.760195 0.346458 0.760664 0.346806 0.766602 0.337847 0.768320 0.338333 0.768516 0.340903 0.773281 0.341250 0.773281 0.344097 0.770977 0.344931 0.763828 0.353264 0.762969 0.353264 0.762695 0.351250 0.760664 0.352639 0.759141 0.356667 0.760859 0.355694 0.764023 0.356667 0.762969 0.359583 0.760977 0.362153 0.756445 0.362778 0.754922 0.362153 0.754922 0.360486 0.752070 0.361250 0.752070 0.353264 0.751484 0.353264 0.749375 0.355139 0.744609 0.355347 0.740781 0.357014 0.736953 0.361111 0.730273 0.363472 0.739531 0.337639
1 0.733828 0.364306 0.739062 0.363056 0.739062 0.364722 0.735586 0.366181
1 0.740508 0.372153 0.742266 0.368472 0.744180 0.366736 0.744492 0.368750 0.745313 0.369306 0.747852 0.367847 0.748008 0.369167 0.750547 0.367708 0.753437 0.368750 0.753437 0.372153 0.752227 0.372986 0.750000 0.372986 0.749453 0.370694 0.746719 0.373819 0.745117 0.373819 0.744727 0.371944 0.742344 0.373542
1 0.766641 0.367153 0.768477 0.364167 0.770508 0.364583 0.770508 0.367500 0.769688 0.368125 0.768750 0.367292
1 0.772578 0.349167 0.772891 0.347708 0.776758 0.345694 0.777930 0.347778 0.777539 0.349444 0.776445 0.350347 0.774297 0.351250 0.772891 0.350625
1 0.754727 0.374097 0.755977 0.371875 0.757930 0.372500 0.758242 0.373958 0.757070 0.376042 0.755078 0.375556
1 0.744922 0.386458 0.745977 0.384236 0.748945 0.382778 0.750117 0.384861 0.748984 0.387153 0.746094 0.388542 0.745273 0.387917
1 0.734883 0.377778 0.736055 0.375694 0.739062 0.375694 0.740234 0.377778 0.739062 0.379861 0.735234 0.379236
1 0.733594 0.372847 0.734414 0.373472 0.734414 0.376458 0.729570 0.376875 0.729609 0.373819 0.733555 0.372847
1 0.726562 0.374444 0.727734 0.376528 0.727148 0.380139 0.725430 0.380139 0.725430 0.376042
1 0.722617 0.387569 0.724180 0.383681 0.726289 0.383681 0.726289 0.386597 0.723789 0.389653 0.722969 0.389028
1 0.743164 0.402986 0.743516 0.401528 0.747539 0.399792 0.750625 0.399931 0.751797 0.402014 0.750547 0.404236 0.743516 0.404444
1 0.751133 0.404097 0.752305 0.402014 0.753203 0.402639 0.753203 0.405625 0.757500 0.401597 0.758828 0.403681 0.757891 0.405764 0.754375 0.408750 0.753164 0.407639 0.751836 0.409028 0.750273 0.408542 0.749922 0.407083 0.751211 0.404861
1 0.719961 0.400903 0.718555 0.400903 0.718164 0.403056 0.717344 0.403681 0.716172 0.401597 0.716719 0.397778 0.717891 0.396319 0.720078 0.397083 0.719961 0.400208
1 0.707148 0.424375 0.709492 0.419861 0.712617 0.419653 0.712969 0.421181 0.712187 0.423125 0.710508 0.423750 0.708437 0.426458 0.707500 0.425833
1 0.713281 0.414514 0.713633 0.413056 0.715273 0.413056 0.715273 0.415972 0.713633 0.415972
1 0.727266 0.415486 0.728437 0.417847 0.737383 0.418056 0.738867 0.420278 0.737656 0.422639 0.743125 0.422639 0.744297 0.424722 0.743125 0.426806 0.739531 0.426806 0.738359 0.428681 0.731602 0.424514 0.731328 0.422361 0.723398 0.422014 0.722461 0.419931 0.723047 0.417361 0.726641 0.415833
1 0.702500 0.440694 0.704297 0.439861 0.712617 0.440347 0.720156 0.433889 0.729336 0.433056 0.732305 0.435278 0.737852 0.436944 0.744258 0.436250 0.745898 0.437292 0.746953 0.441528 0.745313 0.446806 0.700469 0.444792 0.702500 0.440347
1 0.740469 0.307361 0.741641 0.309444 0.741289 0.310903 0.738477 0.312431 0.737500 0.311806 0.737578 0.308750 0.740391 0.307361
1 0.745078 0.314514 0.744727 0.315972 0.743437 0.316389 0.742266 0.314306 0.743437 0.312222 0.744531 0.313542
1 0.740781 0.321250 0.741953 0.319167 0.743125 0.321250 0.742773 0.322708 0.741133 0.322708
1 0.734727 0.311042 0.735547 0.311597 0.735547 0.314583 0.732383 0.314583 0.732383 0.311597 0.734609 0.311042
1 0.733086 0.322292 0.734258 0.320208 0.736563 0.320208 0.737734 0.322292 0.736875 0.325903 0.735742 0.327014 0.733789 0.326389 0.733437 0.323750
1 0.732852 0.331806 0.737031 0.330764 0.738320 0.332847 0.737031 0.335139 0.735352 0.335208 0.736680 0.335903 0.736797 0.338611 0.733789 0.342292 0.732617 0.340208 0.733398 0.337986 0.730742 0.336875 0.730664 0.333819 0.732227 0.333472
1 0.720938 0.323472 0.721836 0.324444 0.721797 0.325972 0.724727 0.326111 0.723906 0.324097 0.725078 0.322014 0.725898 0.323472 0.726094 0.320972 0.726914 0.320417 0.727734 0.320972 0.727734 0.323958 0.726250 0.324167 0.725391 0.326111 0.728281 0.326319 0.729453 0.328403 0.728281 0.330486 0.725977 0.330694 0.713008 0.330000 0.711836 0.327917 0.713008 0.325833 0.719492 0.325972 0.719844 0.324167 0.720664 0.323542
1 0.705195 0.334097 0.706367 0.332014 0.707617 0.335000 0.706484 0.337847 0.705664 0.337222 0.705430 0.334931
1 0.703555 0.429583 0.698281 0.445139 0.656328 0.443403 0.691406 0.354236 0.695312 0.348958 0.700156 0.344861 0.703125 0.339167 0.705313 0.337292 0.705430 0.341181 0.706094 0.340972 0.707812 0.338333 0.707695 0.333403 0.709648 0.334653 0.709297 0.338125 0.714375 0.337083 0.717812 0.332431 0.719883 0.333056 0.719648 0.337083 0.728359 0.333819 0.727344 0.338750 0.726289 0.340556 0.723320 0.341806 0.717812 0.349931 0.715273 0.351597 0.703828 0.349931 0.701641 0.355278 0.697031 0.358125 0.696914 0.360139 0.698633 0.360347 0.704727 0.357917 0.713086 0.359514 0.714922 0.360764 0.720898 0.360764 0.721016 0.363611 0.716328 0.369306 0.711367 0.369722 0.706094 0.367292 0.701289 0.369514 0.689141 0.368333 0.687734 0.369931 0.688477 0.374306 0.692031 0.378403 0.696250 0.378403 0.703594 0.381250 0.708672 0.380625 0.712891 0.383125 0.715313 0.385347 0.714180 0.391042 0.713008 0.392292 0.707266 0.391042 0.704297 0.393681 0.690078 0.392292 0.685703 0.388819 0.684336 0.383472 0.683633 0.383125 0.682266 0.386597 0.681367 0.392708 0.677930 0.393889 0.676523 0.395972 0.673789 0.405903 0.676641 0.405764 0.677227 0.409792 0.670117 0.415139 0.669297 0.417569 0.673203 0.420833 0.672617 0.423472 0.669883 0.427778 0.662891 0.428542 0.665977 0.431250 0.668516 0.435486 0.670820 0.436736 0.675859 0.436736 0.681797 0.435069 0.685469 0.437986 0.688477 0.437569 0.689844 0.433472 0.703711 0.429167
1 0.728164 0.341736 0.729336 0.343819 0.728828 0.345208 0.730273 0.345625 0.730586 0.347083 0.729961 0.348681 0.732344 0.349306 0.732344 0.352222 0.729648 0.352847 0.728828 0.352222 0.728555 0.350208 0.722422 0.355486 0.719766 0.355486 0.719414 0.354028 0.720313 0.352014 0.725742 0.347708 0.725781 0.344722 0.728125 0.341736
1 0.721758 0.367361 0.722070 0.365903 0.725703 0.361319 0.726523 0.361944 0.726797 0.364167 0.725547 0.367500 0.722930 0.369444 0.722070 0.368889
1 0.682461 0.403125 0.683633 0.400903 0.685469 0.400903 0.686641 0.402986 0.685469 0.405069 0.682813 0.404583
1 0.686680 0.402361 0.687031 0.400903 0.688789 0.400347 0.690078 0.398333 0.694375 0.400903 0.697109 0.399306 0.704219 0.400625 0.708906 0.396944 0.710508 0.397500 0.710859 0.399028 0.710508 0.400486 0.703789 0.404931 0.697617 0.403472 0.695195 0.405069 0.687031 0.403889
1 0.708672 0.408611 0.709844 0.406528 0.711016 0.408611 0.710664 0.410069 0.709023 0.410069
1 0.706328 0.408681 0.707500 0.410764 0.706680 0.412986 0.701797 0.414931 0.688750 0.413125 0.687578 0.411042 0.688477 0.408889 0.693203 0.407500 0.697734 0.408403 0.700547 0.410764 0.705469 0.409375
1 0.684023 0.406667 0.685195 0.408750 0.684609 0.412639 0.683477 0.413264 0.680352 0.412083 0.680000 0.410625 0.680898 0.408611 0.683984 0.406667
1 0.678555 0.421111 0.678906 0.419583 0.680352 0.419028 0.681836 0.419653 0.682656 0.421667 0.681484 0.423750 0.678906 0.422569
1 0.681836 0.425208 0.683008 0.423125 0.684258 0.425347 0.682930 0.433194 0.682109 0.433819 0.680937 0.431736 0.681914 0.425972
1 0.685859 0.431667 0.684961 0.431042 0.684883 0.428056 0.688750 0.424931 0.694102 0.425694 0.695039 0.424861 0.696211 0.426944 0.694883 0.430208 0.692969 0.431389 0.690234 0.430556 0.689141 0.429097 0.686914 0.430486
1 0.630898 0.329792 0.631250 0.333264 0.630234 0.334097 0.630664 0.334514 0.637227 0.332639 0.646758 0.333472 0.648672 0.330208 0.652031 0.330208 0.654414 0.327986 0.656133 0.328819 0.655898 0.331667 0.650430 0.336111 0.648594 0.340833 0.644922 0.345347 0.641016 0.345347 0.637344 0.349583 0.636875 0.352014 0.631719 0.357153 0.631250 0.362014 0.631836 0.369375 0.630898 0.370625 0.627461 0.373681 0.623555 0.373889 0.621953 0.372431 0.619648 0.367361 0.617500 0.367778 0.617266 0.371042 0.618984 0.372847 0.619453 0.378542 0.621289 0.382222 0.621289 0.385694 0.617852 0.391806 0.616016 0.391806 0.614375 0.388333 0.613125 0.387708 0.614609 0.389792 0.614609 0.395486 0.613359 0.396667 0.614375 0.398750 0.613203 0.400833 0.611797 0.400000 0.611680 0.397292 0.610508 0.397292 0.606836 0.394236 0.607852 0.405069 0.607617 0.412222 0.605898 0.412847 0.605000 0.411806 0.603164 0.408958 0.602344 0.405278 0.601328 0.405278 0.600742 0.408542 0.599141 0.411181 0.600273 0.415069 0.599609 0.418125 0.600508 0.419167 0.601211 0.418542 0.601992 0.414861 0.603047 0.414236 0.605664 0.418750 0.610273 0.419931 0.613711 0.422639 0.615313 0.422431 0.618398 0.419167 0.621055 0.419583 0.619883 0.426250 0.618281 0.429931 0.615547 0.431597 0.614375 0.435069 0.613594 0.435278 0.612344 0.432639 0.610703 0.433056 0.609805 0.434722 0.609922 0.436319 0.614180 0.435903 0.617930 0.432431 0.619648 0.429167 0.620469 0.425694 0.622422 0.422431 0.623672 0.422083 0.614492 0.442431 0.585781 0.442639 0.582422 0.435694 0.630859 0.329792
1 0.643164 0.352222 0.644336 0.354306 0.643984 0.355764 0.639727 0.358403 0.638594 0.357083 0.638750 0.354444 0.643086 0.352222
1 0.639805 0.370417 0.640117 0.368958 0.643281 0.366458 0.644570 0.367083 0.644570 0.370000 0.642539 0.371944 0.640156 0.371875
1 0.635898 0.377569 0.637070 0.375486 0.638242 0.377569 0.637891 0.379028 0.636250 0.379028
1 0.632227 0.382014 0.633398 0.379931 0.634570 0.382014 0.634219 0.383472 0.632578 0.383472
1 0.632109 0.377153 0.633281 0.375069 0.634453 0.377153 0.634102 0.378611 0.632461 0.378611
1 0.628906 0.382222 0.630078 0.380139 0.631250 0.382222 0.630898 0.383681 0.629258 0.383681
1 0.625938 0.375486 0.627109 0.377569 0.625859 0.381875 0.624688 0.382500 0.623594 0.381111 0.623516 0.377986 0.624023 0.376597 0.625898 0.375486
1 0.625469 0.385903 0.626641 0.383819 0.627812 0.385903 0.627383 0.391319 0.626289 0.392708 0.625117 0.390625 0.625469 0.386042
1 0.629258 0.393056 0.630430 0.390972 0.631602 0.393056 0.631367 0.397153 0.629727 0.399792 0.628555 0.397708 0.629258 0.393125
1 0.634102 0.391389 0.635273 0.393472 0.632930 0.397153 0.631758 0.395069 0.633437 0.391667
1 0.621484 0.391389 0.622656 0.393472 0.622305 0.394931 0.621016 0.395556 0.619844 0.393472 0.620195 0.391944 0.621367 0.391389
1 0.624219 0.398125 0.625391 0.400347 0.624648 0.402361 0.622734 0.403889 0.621563 0.401806 0.623359 0.398819
1 0.616523 0.398264 0.617695 0.400347 0.616836 0.402778 0.612305 0.408194 0.609531 0.408403 0.609531 0.405417 0.611680 0.404028 0.615664 0.399028
1 0.619648 0.401528 0.620820 0.403611 0.620469 0.405139 0.617188 0.405139 0.617188 0.402153 0.619570 0.401528
1 0.618711 0.406250 0.619883 0.408333 0.618242 0.411250 0.617070 0.409167 0.618086 0.406597
1 0.620078 0.408750 0.621250 0.406667 0.622422 0.407292 0.622773 0.408750 0.621602 0.410833 0.620430 0.410208
1 0.613203 0.409931 0.614375 0.407847 0.615547 0.409931 0.615195 0.411458 0.613516 0.411458
1 0.666133 0.325972 0.668320 0.326806 0.667539 0.330347 0.667852 0.332083 0.670508 0.333403 0.669961 0.336806 0.666406 0.340208 0.665156 0.346319 0.666680 0.346667 0.667578 0.350694 0.663320 0.354375 0.660586 0.354583 0.658164 0.358819 0.654961 0.360069 0.654141 0.366597 0.651523 0.370278 0.649453 0.370278 0.648984 0.371667 0.650352 0.377014 0.647852 0.378819 0.648984 0.388819 0.646445 0.392708 0.642773 0.395972 0.646016 0.401458 0.644961 0.405764 0.642344 0.408403 0.640703 0.407153 0.639922 0.402083 0.638555 0.406389 0.636484 0.404514 0.633594 0.414097 0.636484 0.409236 0.638203 0.419444 0.637070 0.423681 0.641406 0.422500 0.644492 0.425972 0.656211 0.425764 0.657930 0.424097 0.660117 0.418194 0.662188 0.417986 0.662070 0.422917 0.661367 0.423681 0.660781 0.427361 0.658750 0.430208 0.656328 0.431042 0.656211 0.433264 0.657461 0.433264 0.659687 0.430417 0.654727 0.444167 0.616055 0.442083 0.666211 0.326111
1 0.596523 0.336250 0.598164 0.335069 0.602461 0.335069 0.612891 0.336875 0.616016 0.338611 0.616992 0.342708 0.616836 0.348611 0.616016 0.350625 0.613047 0.350972 0.611719 0.352708 0.611719 0.362083 0.608398 0.367361 0.606094 0.367361 0.604609 0.364722 0.604297 0.357431 0.602812 0.357083 0.598984 0.360625 0.599180 0.365069 0.598008 0.367986 0.592227 0.369722 0.589922 0.373819 0.587109 0.373819 0.589922 0.377361 0.590234 0.383264 0.589727 0.384444 0.586602 0.385000 0.586602 0.386458 0.585625 0.387639 0.585273 0.392361 0.583945 0.394097 0.582148 0.394444 0.579023 0.399097 0.577852 0.402361 0.575703 0.401458 0.575391 0.395556 0.574375 0.393819 0.571094 0.392917 0.570742 0.403542 0.572578 0.410833 0.572734 0.414097 0.570898 0.416736 0.566445 0.417014 0.563984 0.416111 0.562500 0.414375 0.561680 0.414375 0.560820 0.416458 0.560000 0.415556 0.596523 0.335764
1 0.557109 0.421250 0.556016 0.425764 0.557031 0.427222 0.557031 0.430347 0.557617 0.430764 0.560391 0.430625 0.562383 0.428750 0.564922 0.430069 0.568047 0.430069 0.571953 0.424931 0.574883 0.428889 0.579102 0.428056 0.581172 0.429792 0.583633 0.429792 0.581016 0.437014 0.548828 0.438542 0.556953 0.421250
1 0.567734 0.423958 0.569258 0.421250 0.570859 0.421319 0.571211 0.422986 0.570312 0.425000 0.569063 0.426042 0.568086 0.425417
1 0.580469 0.413472 0.581641 0.411250 0.585078 0.410556 0.586328 0.412639 0.585938 0.414167 0.584297 0.415417 0.580820 0.414931
1 0.589883 0.405000 0.590234 0.403472 0.593125 0.401319 0.594375 0.403403 0.592539 0.406319 0.590234 0.406458
1 0.587500 0.388819 0.588672 0.386736 0.589844 0.388819 0.589492 0.390278 0.587852 0.390278
1 0.597422 0.376389 0.598594 0.374306 0.599766 0.376389 0.599453 0.377847 0.597773 0.377847
1 0.604063 0.378125 0.605234 0.376042 0.606406 0.378125 0.606055 0.379653 0.604375 0.379653
1 0.550469 0.404583 0.551641 0.402500 0.554883 0.401528 0.555859 0.402222 0.556719 0.404931 0.555664 0.406806 0.557734 0.411875 0.557695 0.415069 0.556875 0.415694 0.554961 0.412500 0.553633 0.413681 0.552695 0.413056 0.552383 0.411597 0.555352 0.406806 0.554414 0.405694 0.551641 0.406875 0.550469 0.404722
1 0.558594 0.385903 0.558906 0.384444 0.563203 0.382292 0.565469 0.382917 0.565781 0.384375 0.564609 0.386458 0.560625 0.387986 0.558906 0.387361
1 0.574102 0.378125 0.572852 0.380208 0.570352 0.379653 0.569180 0.377569 0.570352 0.375486 0.573164 0.376042
1 0.582266 0.358333 0.583437 0.360417 0.583086 0.361875 0.580430 0.364653 0.579609 0.364097 0.579648 0.360556 0.582188 0.358333
1 0.565312 0.371944 0.568398 0.365347 0.565156 0.357222 0.557109 0.358750 0.564180 0.344306 0.570859 0.339236 0.575664 0.337847 0.579102 0.337847 0.583789 0.340903 0.583984 0.343264 0.581406 0.347014 0.581289 0.349722 0.582344 0.354931 0.581758 0.356319 0.580234 0.357361 0.576211 0.355972 0.576133 0.357639 0.577383 0.360417 0.577383 0.363125 0.575742 0.369236 0.572227 0.371250 0.568008 0.371944
1 0.528789 0.363333 0.535859 0.346667 0.537969 0.343958 0.541875 0.342292 0.547695 0.342083 0.551133 0.343611 0.554219 0.347569 0.555469 0.352292 0.554961 0.358611 0.553164 0.359097 0.553047 0.356736 0.552031 0.355208 0.546367 0.355556 0.543711 0.361111 0.528750 0.363611
1 0.500430 0.369653 0.507695 0.353194 0.509609 0.351528 0.519531 0.350278 0.525391 0.361319 0.524336 0.365764 0.500508 0.370208
1 0.475273 0.374375 0.484648 0.356736 0.486094 0.359097 0.490000 0.358264 0.491055 0.356181 0.491328 0.353125 0.492383 0.352292 0.493828 0.352292 0.494805 0.360139 0.498711 0.366250 0.497383 0.370972 0.475078 0.374722
1 0.770898 0.456806 0.772070 0.458889 0.770898 0.460972 0.765937 0.462431 0.764766 0.460347 0.765937 0.458264 0.770742 0.456806
1 0.739297 0.471111 0.741172 0.468056 0.742266 0.468611 0.742617 0.470139 0.741875 0.472083 0.740469 0.473194 0.739648 0.472569
1 0.733437 0.488611 0.735156 0.491389 0.734883 0.495417 0.733867 0.496667 0.731797 0.496319 0.731445 0.494861 0.732344 0.490000
1 0.736406 0.480417 0.737578 0.478333 0.738750 0.480417 0.738398 0.481875 0.736758 0.481875
1 0.738867 0.541250 0.741055 0.540764 0.742227 0.542847 0.741211 0.544931 0.738750 0.545417 0.737578 0.543333 0.738828 0.541250
1 0.742461 0.544861 0.743633 0.542778 0.746016 0.542778 0.750703 0.543819 0.751875 0.545903 0.750703 0.547986 0.742812 0.546319
1 0.743437 0.555764 0.744609 0.553681 0.746328 0.553681 0.747891 0.556111 0.746719 0.558194 0.743789 0.557222
1 0.738164 0.590069 0.739336 0.587986 0.741797 0.588611 0.742148 0.590069 0.740977 0.592153 0.738516 0.591528
1 0.718516 0.640278 0.719688 0.638194 0.727891 0.640417 0.729063 0.642500 0.728750 0.643958 0.726367 0.644583 0.719453 0.642361
1 0.703398 0.628611 0.703750 0.627083 0.704766 0.626528 0.706133 0.629306 0.707812 0.627153 0.708984 0.629236 0.707969 0.633750 0.706875 0.635069 0.705273 0.633889 0.703711 0.630000
1 0.706523 0.564931 0.707695 0.562847 0.708867 0.564931 0.708516 0.566389 0.706875 0.566389
1 0.691914 0.605000 0.695273 0.592917 0.699570 0.584444 0.700625 0.583194 0.701562 0.583819 0.701445 0.586944 0.696016 0.598333 0.695117 0.604444 0.693906 0.606806 0.692266 0.606528
1 0.684414 0.612431 0.683750 0.611597 0.679023 0.614653 0.671172 0.616806 0.668359 0.613403 0.660703 0.612847 0.650156 0.608611 0.638594 0.606250 0.643203 0.594653 0.644180 0.595833 0.643984 0.600278 0.648125 0.597431 0.651055 0.592292 0.651719 0.589653 0.655195 0.589097 0.658125 0.590278 0.661055 0.593889 0.661055 0.597083 0.657227 0.600833 0.660820 0.604861 0.669375 0.604653 0.673164 0.600833 0.687227 0.597431 0.691133 0.598056 0.691250 0.600625 0.686094 0.614653
1 0.643359 0.586875 0.636406 0.605556 0.630547 0.603264 0.622305 0.603264 0.620195 0.604931 0.617617 0.604931 0.615352 0.603542 0.614727 0.602083 0.614727 0.600347 0.616172 0.596944 0.621016 0.597500 0.623281 0.595486 0.628477 0.586875 0.631523 0.584861 0.637031 0.584236 0.638828 0.588542 0.639961 0.589444 0.641094 0.589444 0.643164 0.586875
1 0.594141 0.598333 0.592227 0.601875 0.591836 0.604306 0.596133 0.607917 0.598984 0.609097 0.603672 0.609097 0.609609 0.608333 0.613398 0.605764 0.617031 0.605764 0.618242 0.606667 0.617852 0.611944 0.618516 0.614861 0.623516 0.616736 0.629844 0.617222 0.630938 0.618194 0.630234 0.620833 0.588477 0.608125 0.653125 0.450556 0.653320 0.459722 0.648477 0.467986 0.648281 0.468819 0.649570 0.470486 0.647148 0.471806 0.637305 0.497292 0.625703 0.524097 0.626641 0.524583 0.626563 0.526250 0.623750 0.527569 0.612695 0.556319 0.607734 0.566319 0.604375 0.576319 0.604453 0.581806 0.621406 0.578611 0.623008 0.580625 0.622617 0.585764 0.622070 0.586806 0.613906 0.587083 0.612344 0.589931 0.611484 0.594931 0.610469 0.596736 0.594531 0.594792
1 0.669531 0.455208 0.670703 0.453125 0.675742 0.451597 0.676992 0.453681 0.676602 0.455278 0.675312 0.456250 0.670977 0.457292 0.669844 0.456667
1 0.686875 0.465278 0.688047 0.467361 0.687695 0.468819 0.683125 0.470764 0.682305 0.470139 0.682266 0.467292 0.683320 0.466111 0.686836 0.465278
1 0.615195 0.446181 0.614805 0.450208 0.635664 0.448750 0.635664 0.452153 0.630547 0.456181 0.621523 0.458125 0.616563 0.461944 0.610469 0.461944 0.609414 0.471528 0.606992 0.475625 0.604297 0.477083 0.604023 0.478264 0.604141 0.487153 0.603203 0.488819 0.604297 0.489028 0.604688 0.491667 0.603203 0.494583 0.603203 0.498125 0.605078 0.500764 0.605898 0.507986 0.604023 0.510625 0.598203 0.509167 0.597422 0.510625 0.594297 0.510833 0.592539 0.512292 0.590117 0.516111 0.590000 0.521597 0.588359 0.530486 0.581484 0.535556 0.577734 0.536736 0.576641 0.541042 0.574336 0.545139 0.573281 0.545139 0.570977 0.552569 0.570977 0.558056 0.568945 0.561667 0.566406 0.560000 0.565195 0.565486 0.562227 0.572917 0.563047 0.575069 0.568711 0.572153 0.573008 0.572153 0.575156 0.574097 0.580703 0.576250 0.594453 0.576736 0.590664 0.580556 0.586875 0.580833 0.580820 0.591597 0.555469 0.586806 0.553477 0.589931 0.552773 0.593750 0.553320 0.594931 0.563164 0.597083 0.567734 0.599514 0.579766 0.600972 0.584063 0.603125 0.586875 0.602639 0.590000 0.595903 0.584883 0.590417 0.590117 0.587500 0.593086 0.588958 0.593477 0.590903 0.585273 0.609583 0.548477 0.597847 0.614648 0.446111
1 0.611250 0.480625 0.611602 0.479167 0.613398 0.478958 0.618750 0.484861 0.619453 0.487083 0.620742 0.487500 0.620742 0.490417 0.619102 0.490417 0.618789 0.488333 0.617734 0.488681 0.611602 0.482083
1 0.620703 0.491806 0.621875 0.489722 0.626094 0.491181 0.627266 0.493264 0.626094 0.495347 0.623008 0.495000 0.621094 0.493472 0.620703 0.491875
1 0.636172 0.460139 0.636484 0.458681 0.637500 0.458056 0.640039 0.459375 0.640352 0.460833 0.639180 0.462917 0.637266 0.462222
1 0.614375 0.505486 0.615234 0.503264 0.617227 0.502847 0.618750 0.503611 0.619844 0.505694 0.618672 0.507778 0.614687 0.506944
1 0.598242 0.529861 0.600078 0.530486 0.600430 0.531944 0.599531 0.541597 0.598672 0.542222 0.597656 0.541181 0.596328 0.542639 0.593945 0.537847 0.591445 0.536806 0.591094 0.534722 0.591836 0.532847 0.597422 0.530417
1 0.598086 0.518542 0.599688 0.515069 0.601328 0.515069 0.601641 0.516528 0.601133 0.518333 0.599258 0.520625 0.598437 0.520000
1 0.603008 0.524167 0.604180 0.522083 0.605352 0.524167 0.604180 0.526250 0.603359 0.525625
1 0.576836 0.556319 0.580273 0.552014 0.582109 0.552431 0.582461 0.553889 0.581484 0.555972 0.578867 0.558056 0.577187 0.557778
1 0.585781 0.554583 0.586953 0.556667 0.586055 0.559514 0.583281 0.561944 0.582461 0.561389 0.582539 0.558333 0.584688 0.555903
1 0.588242 0.446458 0.607969 0.447847 0.607969 0.452778 0.606211 0.455625 0.603945 0.455903 0.602656 0.460208 0.600078 0.463125 0.593125 0.463681 0.590508 0.461389 0.586797 0.461667 0.585664 0.463403 0.585195 0.468889 0.584219 0.470903 0.577578 0.469444 0.576289 0.471736 0.576289 0.475764 0.579375 0.480069 0.580820 0.483819 0.582773 0.485556 0.582773 0.490417 0.582266 0.491319 0.579531 0.490972 0.577109 0.485556 0.574844 0.484097 0.571602 0.478958 0.570781 0.476319 0.568828 0.486111 0.568828 0.490417 0.570156 0.491319 0.570312 0.493889 0.571602 0.494722 0.570625 0.501042 0.568359 0.502778 0.564141 0.503056 0.561250 0.499653 0.560117 0.500764 0.559961 0.503056 0.562852 0.504514 0.562852 0.523472 0.556875 0.528681 0.556875 0.529792 0.559141 0.531528 0.559297 0.533819 0.556875 0.533819 0.554141 0.532153 0.552500 0.533542 0.551523 0.536181 0.549922 0.536458 0.548477 0.538125 0.546992 0.542778 0.550234 0.543333 0.552656 0.535278 0.553633 0.534167 0.555430 0.534167 0.557539 0.535000 0.557852 0.536736 0.558984 0.537292 0.560117 0.542778 0.561406 0.544792 0.567539 0.544792 0.568359 0.546181 0.568359 0.549931 0.567539 0.551111 0.564648 0.551389 0.564297 0.555417 0.561875 0.558264 0.563359 0.558542 0.563359 0.562014 0.562227 0.563750 0.558477 0.563750 0.557188 0.559722 0.552656 0.560278 0.550078 0.565208 0.549922 0.569514 0.549258 0.570625 0.543125 0.572083 0.535859 0.581875 0.532773 0.580972 0.530039 0.576667 0.530039 0.573542 0.533750 0.570347 0.533906 0.568333 0.533086 0.567222 0.530039 0.568056 0.523867 0.574375 0.520625 0.579306 0.526289 0.580139 0.528750 0.584167 0.532305 0.587361 0.538438 0.588194 0.543789 0.591389 0.545859 0.591389 0.547969 0.588750 0.549453 0.585000 0.541680 0.582431 0.541172 0.576667 0.541836 0.574653 0.543125 0.572639 0.546367 0.572639 0.548125 0.573819 0.556562 0.572986 0.558594 0.570347 0.546836 0.599097 0.546680 0.598264 0.513516 0.588472 0.572891 0.455903 0.582422 0.455903 0.588086 0.446111
1 0.578086 0.499514 0.578906 0.500139 0.578945 0.503056 0.576055 0.506458 0.575234 0.505833 0.575000 0.503472 0.577383 0.499931
1 0.568047 0.515972 0.568594 0.513681 0.571016 0.510903 0.573516 0.510972 0.575820 0.507292 0.578359 0.509861 0.578359 0.518889 0.579492 0.520972 0.578320 0.523056 0.576484 0.522222 0.576055 0.516667 0.575000 0.513819 0.573516 0.512569 0.573516 0.513819 0.569219 0.518056 0.568359 0.517431
1 0.565625 0.517292 0.566797 0.519375 0.564922 0.522431 0.563750 0.520347 0.564961 0.517569
1 0.566445 0.520972 0.567617 0.518889 0.568672 0.519514 0.569023 0.523750 0.568281 0.526667 0.564258 0.535694 0.561680 0.539028 0.560859 0.538403 0.560625 0.536042 0.565820 0.525972 0.566680 0.522153
1 0.580742 0.514931 0.581055 0.513472 0.582734 0.513472 0.582734 0.516458 0.581055 0.516458
1 0.591055 0.488403 0.591406 0.486944 0.593047 0.486944 0.593047 0.489861 0.591406 0.489861
1 0.602617 0.463056 0.602969 0.461597 0.604648 0.461597 0.604648 0.464514 0.602969 0.464514
1 0.572187 0.526736 0.571016 0.528819 0.569727 0.526528 0.570000 0.524236 0.571133 0.522847 0.571953 0.523472 0.572109 0.526181
1 0.572109 0.456458 0.563203 0.475417 0.563203 0.472778 0.565898 0.463889 0.567930 0.462014 0.561992 0.462708 0.560234 0.466319 0.562148 0.466319 0.561328 0.468958 0.557422 0.469931 0.555117 0.473750 0.553242 0.473750 0.550938 0.471597 0.543828 0.471597 0.547852 0.472569 0.550820 0.475417 0.553906 0.475625 0.560000 0.483056 0.553242 0.496111 0.552773 0.494236 0.551094 0.492292 0.548945 0.490833 0.547031 0.492083 0.540508 0.485972 0.538516 0.487292 0.538281 0.488958 0.536914 0.489167 0.536289 0.491111 0.533125 0.492431 0.531133 0.490833 0.530312 0.491458 0.530039 0.493611 0.529375 0.493611 0.531133 0.495556 0.537813 0.498889 0.541719 0.498056 0.543516 0.502500 0.547461 0.503889 0.549219 0.506528 0.545703 0.513264 0.542852 0.510139 0.541250 0.506528 0.532617 0.507778 0.533438 0.510417 0.539766 0.513264 0.541367 0.514931 0.541367 0.515903 0.539883 0.518056 0.539492 0.520486 0.536680 0.516875 0.535039 0.516181 0.535977 0.519514 0.536250 0.525486 0.531953 0.526458 0.529805 0.529097 0.525352 0.529097 0.525195 0.531250 0.523984 0.533889 0.517109 0.541042 0.517813 0.545833 0.523320 0.545625 0.523047 0.548958 0.523320 0.550417 0.524258 0.550625 0.526406 0.543958 0.528594 0.543472 0.529375 0.540347 0.532500 0.537986 0.531562 0.535347 0.531797 0.532708 0.533828 0.531458 0.535586 0.528611 0.538555 0.529097 0.512266 0.588264 0.486797 0.580625 0.486641 0.577014 0.485039 0.574375 0.538672 0.456875 0.571797 0.456250
1 0.492383 0.568194 0.491211 0.566111 0.489687 0.567569 0.488438 0.569792 0.488594 0.573264 0.492812 0.576944 0.504766 0.580764 0.509609 0.583472 0.512930 0.582917 0.514727 0.579028 0.513164 0.574653 0.509102 0.571111 0.508750 0.569236 0.510430 0.567708 0.511016 0.565903 0.510391 0.563611 0.505508 0.562639 0.505156 0.559097 0.504336 0.558472 0.502148 0.560347 0.501797 0.561875 0.503242 0.565069 0.505547 0.566875 0.505195 0.570417 0.502344 0.573611 0.499844 0.573750 0.495039 0.571250 0.492344 0.568681
1 0.484141 0.573264 0.482344 0.570903 0.482266 0.567500 0.485391 0.565903 0.488438 0.561319 0.486836 0.559097 0.487187 0.556319 0.492227 0.554097 0.493125 0.549306 0.492695 0.541944 0.496172 0.539306 0.497617 0.531042 0.499648 0.534236 0.501211 0.532639 0.500781 0.529236 0.502227 0.529653 0.505039 0.527292 0.505703 0.523681 0.503008 0.520069 0.503477 0.518889 0.505273 0.516111 0.510117 0.514861 0.511133 0.512917 0.506523 0.511319 0.505703 0.509722 0.508203 0.506875 0.512969 0.503819 0.513164 0.503125 0.509531 0.503472 0.510352 0.498611 0.512852 0.494306 0.514258 0.495694 0.516406 0.495694 0.518555 0.493889 0.520703 0.489514 0.519258 0.488472 0.520234 0.479167 0.519922 0.475625 0.521680 0.473403 0.526094 0.475278 0.523672 0.479236 0.525586 0.479792 0.529844 0.472500 0.525820 0.472361 0.522773 0.469722 0.528750 0.456458 0.538164 0.456458 0.484219 0.573542
1 0.516758 0.487083 0.517578 0.487639 0.517773 0.490208 0.515117 0.493264 0.514297 0.492708 0.514102 0.489861 0.516016 0.487569
1 0.395234 0.745417 0.389414 0.759097 0.334414 0.716042 0.350508 0.680000 0.350039 0.689931 0.349102 0.693681 0.346094 0.694931 0.346641 0.700556 0.348828 0.700556 0.349062 0.698264 0.358438 0.698264 0.360039 0.699861 0.360195 0.702778 0.358125 0.709514 0.358477 0.711042 0.359414 0.711667 0.361250 0.710417 0.363789 0.710417 0.365000 0.712500 0.366055 0.718194 0.367812 0.720903 0.368789 0.720278 0.369297 0.718472 0.369570 0.712569 0.368906 0.710000 0.366953 0.706875 0.366914 0.702431 0.369531 0.698819 0.374688 0.698750 0.375586 0.700347 0.375508 0.711111 0.378711 0.716111 0.381914 0.715972 0.384727 0.711458 0.387578 0.709931 0.399219 0.710972 0.400000 0.711111 0.402383 0.718194 0.404336 0.719653 0.406367 0.719653 0.403359 0.723472 0.401797 0.728958 0.395000 0.725417 0.392383 0.725069 0.385430 0.718542 0.385430 0.724722 0.384023 0.726806 0.380312 0.728056 0.380273 0.729097 0.378633 0.730694 0.378320 0.735556 0.379648 0.738333 0.383203 0.741181 0.385508 0.741042 0.395430 0.745208
1 0.369492 0.681319 0.375664 0.681667 0.376797 0.683472 0.374570 0.690139 0.372773 0.692986 0.368203 0.691597 0.366406 0.694306 0.365117 0.698472 0.363711 0.698472 0.362969 0.696944 0.363125 0.694931 0.365586 0.686667 0.365469 0.675833 0.367266 0.675625 0.368008 0.678611
1 0.403203 0.679792 0.400312 0.684653 0.394687 0.690486 0.386914 0.690278 0.382891 0.688264 0.383164 0.684444 0.385898 0.680139 0.384336 0.679653 0.383984 0.677153 0.384844 0.672708 0.383516 0.670625 0.383867 0.669097 0.387969 0.665903 0.390469 0.667153 0.390703 0.670903 0.385937 0.680139 0.387773 0.678819 0.402266 0.676319
1 0.359727 0.657639 0.386016 0.600347 0.387227 0.605903 0.387227 0.615208 0.385352 0.619306 0.384141 0.627431 0.380508 0.634167 0.375781 0.637778 0.368750 0.647569 0.366484 0.656944 0.366328 0.665556 0.362695 0.673194 0.361094 0.674167 0.359883 0.674167 0.358516 0.670069 0.359883 0.661458
1 0.372852 0.663403 0.375078 0.656875 0.376055 0.655903 0.377773 0.656528 0.377734 0.659583 0.375234 0.664444 0.374023 0.665694 0.372852 0.663472
1 0.377695 0.667222 0.378047 0.665694 0.379414 0.665139 0.381875 0.661458 0.383633 0.661319 0.383984 0.663611 0.383437 0.665347 0.380508 0.670556 0.379414 0.671875 0.378594 0.671250 0.378320 0.669028
1 0.370859 0.653403 0.372031 0.650625 0.373750 0.650556 0.373906 0.653125 0.373008 0.654792 0.371172 0.654861
1 0.377227 0.644444 0.378242 0.641250 0.379297 0.639931 0.380273 0.640556 0.380586 0.642014 0.379531 0.645139 0.378398 0.646528 0.377578 0.645903
1 0.387695 0.635417 0.389297 0.632153 0.391055 0.632153 0.391367 0.633681 0.390234 0.636528 0.389102 0.637500 0.388047 0.636944
1 0.397969 0.629583 0.398789 0.630208 0.398789 0.633125 0.396367 0.634931 0.395430 0.634306 0.395508 0.631250 0.397773 0.629583
1 0.399023 0.634028 0.400195 0.631944 0.401250 0.632569 0.401602 0.634028 0.401172 0.637292 0.399648 0.639306 0.398594 0.638750 0.398242 0.637222 0.399141 0.634861
1 0.401836 0.647847 0.403867 0.644236 0.405742 0.644375 0.406094 0.646597 0.404961 0.649722 0.403359 0.650903 0.402227 0.649375
1 0.412305 0.648611 0.413398 0.645625 0.416953 0.643333 0.418867 0.643333 0.420820 0.645764 0.420703 0.654236 0.418945 0.657500 0.413125 0.652014 0.412734 0.650278
1 0.405234 0.625625 0.406016 0.620556 0.407422 0.619514 0.409687 0.619931 0.409687 0.622917 0.407813 0.623681 0.407227 0.627083 0.405586 0.627083
1 0.413555 0.625000 0.417500 0.617083 0.418438 0.616319 0.419688 0.616944 0.420039 0.618403 0.417578 0.624097 0.414727 0.627083 0.413906 0.626528
1 0.422461 0.616111 0.421289 0.614722 0.421875 0.611597 0.424375 0.609792 0.425195 0.610347 0.425547 0.611875 0.425039 0.613611 0.423594 0.614722
1 0.416367 0.608681 0.416680 0.607222 0.422148 0.601944 0.423203 0.602569 0.423516 0.604028 0.422813 0.605972 0.417969 0.610764 0.416680 0.610139
1 0.432305 0.621250 0.433437 0.619167 0.437539 0.616736 0.438711 0.618819 0.437734 0.621111 0.435820 0.622500 0.432656 0.622708
1 0.430938 0.615625 0.433125 0.610903 0.430859 0.610347 0.430859 0.607361 0.435625 0.605347 0.437656 0.605764 0.437891 0.608333 0.436484 0.611389 0.432773 0.617361 0.431289 0.617083
1 0.441406 0.606667 0.443164 0.603056 0.446719 0.600000 0.447773 0.600556 0.447930 0.603403 0.445703 0.607778 0.447461 0.608264 0.448906 0.611458 0.448516 0.616181 0.447187 0.617708 0.444648 0.616250 0.442852 0.611042 0.442891 0.608681 0.441758 0.608125
1 0.393672 0.608056 0.394414 0.604514 0.395508 0.603542 0.396328 0.604167 0.396680 0.605625 0.395898 0.608889 0.394844 0.610139 0.394023 0.609514
1 0.402539 0.602292 0.402539 0.600069 0.403516 0.597986 0.405859 0.596181 0.408594 0.601250 0.407422 0.603333 0.404727 0.602639 0.404531 0.603750 0.402891 0.603750
1 0.389844 0.596667 0.391016 0.594583 0.392188 0.596667 0.391836 0.598125 0.390195 0.598125
1 0.393984 0.585069 0.397656 0.575903 0.398906 0.574167 0.400391 0.574444 0.400742 0.576111 0.400195 0.577847 0.396211 0.586111 0.395156 0.587153 0.394336 0.586528
1 0.400742 0.587708 0.401094 0.584028 0.404531 0.584028 0.404883 0.585903 0.404414 0.587569 0.401914 0.589792 0.401094 0.589167
1 0.404570 0.590278 0.405977 0.586875 0.407695 0.586806 0.407930 0.589167 0.406953 0.591667 0.404922 0.591736
1 0.412422 0.593681 0.413594 0.591597 0.414766 0.593681 0.414414 0.595139 0.412773 0.595139
1 0.438359 0.592292 0.438047 0.593819 0.435469 0.593681 0.431953 0.597431 0.430078 0.596875 0.429727 0.595417 0.430078 0.593958 0.435117 0.589514 0.438008 0.590764
1 0.423438 0.587361 0.424687 0.581250 0.426484 0.578611 0.428555 0.578125 0.429297 0.580069 0.429297 0.583403 0.428594 0.585694 0.424805 0.591250 0.423750 0.590694 0.423555 0.588264
1 0.415508 0.586528 0.416602 0.584444 0.419453 0.582153 0.420625 0.584236 0.419805 0.586389 0.416797 0.588750 0.415820 0.588125 0.415508 0.586597
1 0.424531 0.574514 0.425391 0.572500 0.429297 0.568958 0.430547 0.569444 0.430898 0.570903 0.430000 0.573194 0.426367 0.576319 0.424883 0.575972
1 0.434688 0.568264 0.435469 0.566319 0.439102 0.563889 0.440273 0.565972 0.439219 0.568333 0.435898 0.570347 0.435000 0.569722
1 0.440273 0.574167 0.441445 0.572083 0.442617 0.574167 0.442266 0.575625 0.440586 0.575625
1 0.454961 0.577292 0.455859 0.575278 0.457617 0.575069 0.460664 0.577778 0.461055 0.580278 0.459297 0.585208 0.457539 0.586736 0.455430 0.584792 0.455352 0.581667 0.456172 0.579375 0.455312 0.578750
1 0.407109 0.577778 0.407188 0.574028 0.407852 0.572153 0.411172 0.570833 0.412070 0.571458 0.412031 0.574444 0.409531 0.575556 0.409102 0.579236 0.407461 0.579236
1 0.401875 0.577083 0.400625 0.574722 0.401445 0.572222 0.400938 0.570556 0.402109 0.568472 0.403789 0.569861 0.404141 0.571389 0.403008 0.575625
1 0.405234 0.569722 0.406953 0.566111 0.408633 0.566042 0.408984 0.567500 0.408281 0.569583 0.406484 0.571806 0.405586 0.571181
1 0.408047 0.560625 0.407188 0.559931 0.406914 0.557222 0.407539 0.555486 0.409219 0.554375 0.410391 0.556458 0.408867 0.560000
1 0.413672 0.556597 0.414844 0.558681 0.414492 0.560139 0.412188 0.561389 0.411367 0.560833 0.411406 0.557778 0.413633 0.556597
1 0.409609 0.564306 0.410781 0.562222 0.413555 0.566319 0.413555 0.569444 0.411484 0.569306 0.409609 0.564375
1 0.415859 0.567083 0.417031 0.565000 0.418203 0.567083 0.417852 0.568611 0.416211 0.568611
1 0.416719 0.563056 0.417031 0.561597 0.419922 0.560694 0.424180 0.555903 0.425195 0.556458 0.425508 0.557986 0.424805 0.559931 0.425977 0.562500 0.424922 0.565486 0.423203 0.565556 0.422852 0.564028 0.423516 0.561458 0.419531 0.565139 0.417031 0.564583
1 0.429180 0.550347 0.429531 0.548889 0.432383 0.546319 0.434609 0.546250 0.434805 0.548750 0.433555 0.552014 0.432695 0.552708 0.431680 0.551667 0.429531 0.551806
1 0.481367 0.532917 0.482539 0.535139 0.480820 0.538542 0.476172 0.538958 0.475820 0.537431 0.476875 0.535417 0.479609 0.534931 0.480742 0.533194
1 0.471758 0.529028 0.472109 0.527500 0.473242 0.526944 0.475391 0.528056 0.475742 0.529583 0.474805 0.532222 0.472930 0.534306 0.471758 0.532222 0.472109 0.530486
1 0.463945 0.532917 0.465117 0.535000 0.462969 0.538125 0.461641 0.537708 0.461289 0.536042 0.463867 0.532917
1 0.448906 0.537708 0.449844 0.534236 0.453516 0.531806 0.454844 0.533542 0.455156 0.537708 0.454609 0.538958 0.455820 0.539444 0.456172 0.540903 0.455000 0.542986 0.454180 0.542431 0.454023 0.539792 0.452734 0.539653 0.451406 0.537917 0.450234 0.539792 0.449258 0.539236
1 0.439687 0.536458 0.440508 0.534444 0.448281 0.528889 0.449805 0.529167 0.450156 0.530694 0.446758 0.537292 0.444258 0.536319 0.440859 0.538542 0.440039 0.537986
1 0.426523 0.531111 0.428555 0.526319 0.432461 0.520417 0.434414 0.519861 0.435664 0.521528 0.439531 0.519861 0.440625 0.520486 0.440469 0.523750 0.438594 0.526111 0.434023 0.529167 0.432148 0.527431 0.428555 0.532500 0.426875 0.532569
1 0.448437 0.522222 0.450313 0.518403 0.452070 0.518403 0.452031 0.521389 0.450391 0.523750 0.448789 0.523681
1 0.454453 0.529444 0.454844 0.526250 0.456016 0.523472 0.458047 0.523472 0.459609 0.525347 0.459258 0.527847 0.455859 0.531528 0.454766 0.530903
1 0.468711 0.529444 0.469883 0.527361 0.471055 0.529444 0.470703 0.530903 0.469062 0.530903
1 0.467773 0.523750 0.468438 0.521597 0.470117 0.519722 0.471445 0.518750 0.472266 0.519375 0.472617 0.520833 0.471875 0.522778 0.468945 0.525833 0.468125 0.525208
1 0.456406 0.519306 0.458672 0.515208 0.460430 0.515069 0.460781 0.516667 0.460156 0.518472 0.457578 0.521389 0.456719 0.520764
1 0.462773 0.517083 0.463555 0.515972 0.461484 0.515347 0.461484 0.512431 0.463633 0.511806 0.464492 0.512431 0.464805 0.514236 0.467109 0.513264 0.467461 0.514722 0.466367 0.517431 0.464258 0.519167 0.463125 0.518542
1 0.465117 0.506806 0.466172 0.504722 0.467773 0.503889 0.469102 0.505972 0.468242 0.508056 0.465469 0.508264
1 0.429180 0.516806 0.429531 0.515278 0.432031 0.514097 0.433086 0.514722 0.433398 0.516181 0.433164 0.517847 0.428555 0.526111 0.427109 0.525764 0.427109 0.522847 0.429570 0.518333
1 0.437773 0.517500 0.436523 0.515278 0.438008 0.512639 0.435898 0.511806 0.435703 0.508819 0.435234 0.508819 0.429180 0.515486 0.420820 0.529306 0.418320 0.529931 0.417734 0.528750 0.427852 0.503681 0.433750 0.494028 0.436367 0.491181 0.437852 0.490833 0.439375 0.495486 0.441328 0.495000 0.442539 0.493194 0.445000 0.493194 0.450781 0.496667 0.452187 0.498819 0.452266 0.500625 0.450000 0.504861 0.452344 0.504306 0.455078 0.500486 0.455898 0.500625 0.456797 0.502708 0.454609 0.507431 0.452578 0.508333 0.452813 0.511458 0.451367 0.514097 0.450039 0.511944 0.446797 0.516181 0.445078 0.515972 0.444727 0.514444 0.449023 0.508125 0.450039 0.508194 0.449453 0.506389 0.449766 0.505139 0.448906 0.506458 0.446758 0.506458 0.444414 0.504653 0.442070 0.505972 0.441133 0.510139 0.439531 0.511944 0.440430 0.513542 0.438750 0.516528
1 0.457461 0.504792 0.458633 0.502708 0.459805 0.504792 0.459453 0.506250 0.457813 0.506250
1 0.462266 0.502361 0.462578 0.498333 0.463711 0.495069 0.467734 0.492500 0.468984 0.493125 0.468945 0.497292 0.466055 0.503958 0.463438 0.504514 0.462266 0.502431
1 0.470586 0.504097 0.471484 0.500556 0.476445 0.496806 0.477578 0.494931 0.478437 0.495556 0.478555 0.499792 0.473750 0.507847 0.482227 0.500972 0.483477 0.501597 0.483828 0.503056 0.479570 0.511250 0.477930 0.511250 0.477578 0.509583 0.475078 0.511042 0.473398 0.514097 0.471836 0.513958 0.471641 0.511319 0.470313 0.509514 0.471250 0.505972 0.470586 0.504167
1 0.482930 0.511458 0.485156 0.507778 0.486992 0.508125 0.487734 0.510208 0.486914 0.513681 0.485977 0.514514 0.484766 0.512778 0.483281 0.512986
1 0.489023 0.517708 0.492539 0.513542 0.493711 0.515625 0.492656 0.518194 0.490195 0.520000 0.489023 0.517847
1 0.486758 0.496597 0.489141 0.492639 0.488906 0.491389 0.489844 0.489097 0.492969 0.488889 0.493320 0.490417 0.492852 0.492431 0.490820 0.497014 0.487109 0.498056
1 0.493594 0.491458 0.494766 0.489375 0.495391 0.490486 0.496914 0.486667 0.499062 0.485694 0.502070 0.487500 0.502422 0.488958 0.502070 0.490417 0.500273 0.491736 0.499375 0.492083 0.498203 0.490278 0.495937 0.491528 0.495586 0.492986 0.493945 0.492986
1 0.496055 0.494861 0.497227 0.496944 0.496563 0.499861 0.492891 0.504514 0.492031 0.503958 0.491133 0.500486 0.491445 0.499028 0.493203 0.499167 0.495273 0.496250
1 0.498086 0.498681 0.499922 0.495417 0.501563 0.495556 0.501914 0.497014 0.501133 0.499028 0.499258 0.500764 0.498398 0.500139
1 0.448008 0.489236 0.448320 0.487778 0.450508 0.485486 0.452148 0.485556 0.452461 0.487222 0.451094 0.490278 0.450078 0.491319 0.448320 0.490694
1 0.451602 0.475278 0.451914 0.473750 0.454688 0.470764 0.456016 0.473194 0.457188 0.470139 0.457969 0.464722 0.465742 0.459861 0.467109 0.460486 0.466719 0.463542 0.468672 0.461597 0.470703 0.461944 0.470703 0.466597 0.474141 0.465903 0.475703 0.466806 0.477070 0.468750 0.477070 0.472569 0.478555 0.470625 0.480977 0.469583 0.485703 0.468542 0.486758 0.469792 0.486367 0.473889 0.484023 0.478472 0.480508 0.481736 0.473867 0.482431 0.471875 0.487361 0.468281 0.487361 0.461602 0.484028 0.454570 0.485417 0.453867 0.482153 0.454805 0.475764 0.453203 0.477361 0.451914 0.476736
1 0.488164 0.481111 0.487266 0.478472 0.487344 0.476319 0.490117 0.471528 0.497148 0.469375 0.498594 0.470417 0.498984 0.472222 0.497656 0.475486 0.492148 0.478056 0.490273 0.480764
1 0.427500 0.497222 0.421211 0.497500 0.423945 0.501667 0.421680 0.506319 0.420703 0.506319 0.418008 0.502292 0.418438 0.496111 0.406992 0.492083 0.401797 0.487500 0.397539 0.487917 0.397109 0.490694 0.398672 0.494097 0.397656 0.499722 0.396328 0.502292 0.392813 0.502292 0.389453 0.500278 0.385859 0.500486 0.384180 0.501736 0.383164 0.503333 0.383281 0.505694 0.388437 0.502500 0.390234 0.503472 0.390039 0.506111 0.384336 0.513472 0.380352 0.511806 0.377070 0.511875 0.375859 0.513125 0.374102 0.516111 0.376016 0.516319 0.375508 0.519931 0.372305 0.524444 0.366758 0.529236 0.364453 0.535903 0.361914 0.534931 0.358555 0.542708 0.354414 0.544931 0.393945 0.460556 0.397422 0.456389 0.401719 0.465486 0.401641 0.469653 0.404063 0.467986 0.405469 0.465208 0.407930 0.462986 0.411367 0.462986 0.413516 0.463681 0.412500 0.469028 0.416133 0.464514 0.421016 0.464167 0.422422 0.465694 0.426367 0.466319 0.428242 0.467847 0.428789 0.468681 0.428398 0.472847 0.431953 0.470486 0.436445 0.471319 0.437500 0.472639 0.444805 0.464514 0.429531 0.496806
1 0.402539 0.524583 0.401445 0.529722 0.403164 0.530556 0.403008 0.539306 0.406602 0.543194 0.406289 0.544722 0.403008 0.547500 0.398477 0.547083 0.396602 0.544722 0.396914 0.534444 0.396367 0.533472 0.393320 0.534306 0.389141 0.538472 0.383203 0.537917 0.376875 0.539167 0.374063 0.537917 0.371484 0.534583 0.371953 0.529028 0.373594 0.526389 0.375703 0.525972 0.380078 0.522500 0.382656 0.522500 0.383359 0.525972 0.385234 0.525556 0.386328 0.522083 0.386563 0.517083 0.387891 0.514861 0.389922 0.513750 0.391992 0.514722 0.392227 0.516944 0.387656 0.524167 0.394805 0.519583 0.403789 0.521806
1 0.353125 0.582222 0.362500 0.572708 0.364766 0.572153 0.365469 0.575139 0.368984 0.576389 0.371094 0.570625 0.373203 0.570069 0.374414 0.575139 0.374336 0.579861 0.373516 0.581528 0.372578 0.581528 0.370156 0.578333 0.370547 0.584722 0.374570 0.586111 0.375742 0.584861 0.380586 0.585278 0.382695 0.588056 0.379961 0.596389 0.378945 0.598333 0.377930 0.598611 0.374414 0.592917 0.370547 0.595139 0.368281 0.594444 0.366328 0.590694 0.365000 0.589722 0.361172 0.589306 0.356094 0.585694
1 0.363828 0.642778 0.332773 0.715208 0.293945 0.681111 0.349336 0.555972 0.357891 0.550347 0.360586 0.550139 0.359570 0.557153 0.351719 0.560972 0.344180 0.572778 0.343633 0.576736 0.345859 0.573958 0.349453 0.575972 0.346211 0.584167 0.340820 0.587917 0.338125 0.586111 0.334063 0.597292 0.338125 0.590139 0.343047 0.592500 0.344531 0.594722 0.343828 0.605486 0.343047 0.608889 0.339922 0.610694 0.335313 0.608333 0.329805 0.608889 0.329570 0.607708 0.327227 0.614514 0.323828 0.618681 0.323047 0.622292 0.317344 0.630000 0.315703 0.635972 0.311367 0.645694 0.309492 0.657292 0.315039 0.656667 0.321172 0.654444 0.323867 0.657847 0.329453 0.658403 0.329648 0.664375 0.330586 0.665347 0.330664 0.668958 0.332344 0.671111 0.341445 0.665208 0.345977 0.665903 0.344687 0.671667 0.337188 0.682083 0.334375 0.683611 0.328711 0.683403 0.327109 0.684792 0.328281 0.691389 0.329180 0.693056 0.331719 0.692014 0.335352 0.692500 0.341445 0.686667 0.342852 0.687500 0.343281 0.686181 0.343008 0.682083 0.344687 0.679167 0.348047 0.676597 0.356602 0.656250 0.355625 0.654653 0.355625 0.651042 0.357500 0.644514 0.359922 0.641181 0.363437 0.641458
1 0.425547 0.440972 0.426719 0.443333 0.427930 0.443819 0.427930 0.446875 0.425078 0.448750 0.421523 0.448194 0.420703 0.446250 0.421094 0.444583 0.425391 0.440972
1 0.408242 0.520139 0.410039 0.516250 0.411562 0.514931 0.412383 0.515556 0.412734 0.517014 0.412031 0.518958 0.409414 0.522222 0.408594 0.521597
1 0.408437 0.531111 0.408984 0.528611 0.410742 0.525694 0.412852 0.524444 0.413828 0.525000 0.414180 0.526528 0.413320 0.528542 0.411758 0.529583 0.409609 0.533194 0.408789 0.532569
1 0.367461 0.538542 0.368633 0.540625 0.367617 0.542778 0.364961 0.545903 0.363437 0.545694 0.363086 0.544167 0.364141 0.540972 0.366875 0.538750
1 0.352969 0.565556 0.355078 0.562569 0.356250 0.563194 0.356602 0.564653 0.356250 0.566111 0.354883 0.567153 0.353281 0.567014
1 0.351719 0.573194 0.352617 0.571181 0.360117 0.563681 0.361250 0.561875 0.361484 0.559583 0.364297 0.559583 0.364492 0.562083 0.360430 0.568056 0.360078 0.569792 0.357695 0.570833 0.357500 0.573542 0.355977 0.576597 0.355078 0.577361 0.354258 0.576736 0.353984 0.574583 0.352070 0.574653
1 0.376016 0.558889 0.377188 0.556806 0.378359 0.558889 0.378008 0.560347 0.376367 0.560347
1 0.376484 0.565694 0.378047 0.562847 0.379453 0.563194 0.379727 0.565347 0.378945 0.566944 0.377734 0.567778 0.376836 0.567153
1 0.383828 0.566944 0.385586 0.563958 0.387383 0.564306 0.387344 0.567361 0.385000 0.569028 0.384180 0.568403
1 0.391562 0.559583 0.393750 0.556389 0.398008 0.553333 0.399023 0.553958 0.398984 0.556944 0.396406 0.560208 0.393711 0.561528 0.391914 0.561042
1 0.399766 0.559931 0.400938 0.562083 0.398008 0.566042 0.397070 0.569653 0.395898 0.571250 0.395078 0.570625 0.394844 0.568333 0.395898 0.564097 0.397578 0.561042 0.398984 0.560417
1 0.382773 0.595000 0.383945 0.597083 0.383125 0.599375 0.378086 0.605972 0.375820 0.606181 0.375469 0.604583 0.376367 0.602569 0.381836 0.595833
1 0.347187 0.608056 0.348359 0.605972 0.350000 0.606667 0.350469 0.611042 0.349492 0.613542 0.346133 0.613611 0.346133 0.610625 0.347773 0.609861
1 0.346797 0.617222 0.347578 0.615208 0.349141 0.613958 0.350547 0.614167 0.351445 0.616181 0.350977 0.618472 0.349336 0.620069 0.348320 0.620278 0.347187 0.618750
1 0.358438 0.615833 0.359609 0.617917 0.359258 0.619375 0.357812 0.620347 0.356406 0.623750 0.357773 0.627222 0.363672 0.620347 0.366289 0.618958 0.367109 0.619583 0.367422 0.621806 0.363320 0.627847 0.362344 0.628750 0.361445 0.627986 0.357539 0.632431 0.354531 0.626944 0.354063 0.623472 0.355977 0.617708 0.358320 0.615833
1 0.347344 0.622569 0.348516 0.624653 0.346875 0.632083 0.350156 0.631806 0.351211 0.634444 0.349883 0.637292 0.348750 0.637917 0.347461 0.636458 0.343164 0.636250 0.342969 0.633681 0.345313 0.629375 0.346484 0.623194
1 0.330469 0.619167 0.331367 0.616458 0.333789 0.616597 0.333789 0.619514 0.331641 0.621250 0.330820 0.620625
1 0.334609 0.623194 0.336523 0.619931 0.338086 0.620208 0.338438 0.621667 0.337539 0.623750 0.336016 0.625278 0.334961 0.624653
1 0.341484 0.647292 0.342656 0.649514 0.341719 0.652708 0.340547 0.653819 0.339609 0.652986 0.339141 0.650625 0.341055 0.647500
1 0.390000 0.447847 0.386797 0.450486 0.374375 0.451181 0.370000 0.451042 0.367852 0.448403 0.368242 0.446042 0.370703 0.441597 0.372969 0.439653 0.386094 0.440347 0.389531 0.442431 0.390781 0.444375
1 0.401289 0.441389 0.368320 0.511944 0.368203 0.508750 0.371406 0.498611 0.372070 0.494306 0.373633 0.491111 0.375898 0.490625 0.377188 0.489097 0.378281 0.485972 0.372227 0.487153 0.371875 0.490139 0.370820 0.491250 0.366719 0.490764 0.361953 0.492431 0.349297 0.492431 0.347422 0.495417 0.341914 0.495972 0.341445 0.497292 0.343984 0.496458 0.345469 0.499097 0.344453 0.501944 0.341992 0.501736 0.338828 0.498264 0.335820 0.499583 0.335820 0.502083 0.336562 0.503403 0.341836 0.504444 0.346484 0.507778 0.354648 0.509097 0.357539 0.510556 0.362891 0.509444 0.364844 0.506458 0.366523 0.506736 0.367188 0.508403 0.364648 0.517083 0.357930 0.534861 0.350820 0.537708 0.346016 0.533750 0.340703 0.531042 0.336094 0.530208 0.335078 0.529236 0.333867 0.523403 0.327773 0.523056 0.322148 0.531875 0.316094 0.538889 0.344062 0.478681 0.360195 0.446181 0.359063 0.455347 0.354805 0.460417 0.351094 0.467361 0.358047 0.459306 0.360234 0.458472 0.360820 0.459653 0.358828 0.465139 0.361211 0.467500 0.358125 0.472431 0.357773 0.474514 0.358359 0.475069 0.366484 0.475694 0.369805 0.472222 0.375195 0.470625 0.376836 0.468542 0.378242 0.469306 0.376758 0.472778 0.379688 0.472361 0.385156 0.465000 0.383086 0.463264 0.381250 0.463194 0.380039 0.460833 0.382500 0.457847 0.389258 0.460764 0.392305 0.460417 0.395000 0.453819 0.393672 0.452639
1 0.289727 0.602361 0.289453 0.605139 0.287422 0.608681 0.286953 0.612639 0.284766 0.615833 0.283008 0.616319 0.280391 0.620139 0.278984 0.627778 0.277031 0.633958 0.275234 0.636806 0.273281 0.638125 0.269609 0.647917 0.269414 0.651111 0.272891 0.654236 0.276172 0.654236 0.282461 0.649097 0.283945 0.649236 0.284609 0.650278 0.285156 0.655764 0.287500 0.653264 0.290508 0.653958 0.291055 0.654931 0.291055 0.661111 0.291797 0.662778 0.295625 0.656944 0.297500 0.656944 0.298828 0.659097 0.300430 0.658611 0.300781 0.656389 0.299492 0.655417 0.299570 0.652431 0.307148 0.646736 0.292734 0.679236 0.264648 0.653750 0.288789 0.599167
1 0.325391 0.530069 0.327461 0.526042 0.329023 0.526111 0.329375 0.527708 0.328398 0.530764 0.326875 0.532153 0.325742 0.531597
1 0.313477 0.548125 0.314961 0.545069 0.318789 0.542431 0.319688 0.543056 0.319727 0.545903 0.318320 0.549375 0.316953 0.548611 0.314883 0.550208 0.313828 0.549583
1 0.320820 0.545347 0.322148 0.540278 0.323750 0.538819 0.325508 0.539375 0.326328 0.542708 0.328906 0.542153 0.330078 0.544236 0.328906 0.546319 0.325547 0.547431 0.324531 0.546319 0.323984 0.543264 0.322813 0.546806 0.321133 0.546806
1 0.331016 0.544514 0.332187 0.542431 0.333359 0.544514 0.333008 0.545972 0.331367 0.545972
1 0.329297 0.550486 0.330469 0.548403 0.331641 0.550486 0.331289 0.551944 0.329648 0.551944
1 0.334609 0.555347 0.335195 0.550833 0.336016 0.550208 0.346875 0.546736 0.348125 0.548819 0.347227 0.550972 0.342656 0.554931 0.337500 0.555069 0.335781 0.557431 0.334961 0.556806
1 0.348867 0.547986 0.350039 0.545903 0.351211 0.547986 0.350898 0.549444 0.349219 0.549444
1 0.309023 0.566806 0.309609 0.563681 0.310508 0.562917 0.311836 0.563542 0.312148 0.565000 0.311367 0.567014 0.310195 0.568889 0.309375 0.568264
1 0.313555 0.567083 0.317227 0.563750 0.318477 0.565833 0.317070 0.570486 0.315664 0.572222 0.313125 0.570903 0.312891 0.568542
1 0.323398 0.559028 0.324570 0.556944 0.325391 0.557569 0.325391 0.561597 0.327500 0.561736 0.329492 0.564861 0.327461 0.568264 0.326055 0.568472 0.324961 0.567083 0.323164 0.568611 0.321953 0.567986 0.321953 0.565069 0.323711 0.563403 0.323398 0.559097
1 0.340000 0.567986 0.340820 0.568611 0.341094 0.570972 0.337656 0.579236 0.335664 0.581736 0.335000 0.584236 0.332969 0.585556 0.331250 0.585139 0.331328 0.582083 0.335820 0.576597 0.338867 0.569583
1 0.327734 0.589653 0.326797 0.592708 0.325000 0.594028 0.320586 0.594028 0.319375 0.591875 0.320078 0.589861 0.323867 0.586667 0.326758 0.587569
1 0.303203 0.586736 0.303359 0.584097 0.304492 0.582569 0.305195 0.582986 0.308281 0.588611 0.312656 0.590347 0.313086 0.592917 0.312344 0.594792 0.310781 0.595625 0.306133 0.595417 0.304102 0.592708 0.303203 0.586806
1 0.296836 0.590208 0.298008 0.592292 0.297305 0.594236 0.295312 0.596250 0.293672 0.595694 0.293672 0.592778 0.296250 0.590486
1 0.314609 0.593542 0.315781 0.591458 0.316953 0.593542 0.316641 0.595000 0.314961 0.595000
1 0.321055 0.615139 0.319961 0.616528 0.319102 0.615903 0.318672 0.606736 0.320898 0.603681 0.322930 0.603333 0.324141 0.605139 0.324375 0.607569 0.321250 0.614167
1 0.307109 0.613958 0.308281 0.611875 0.309453 0.613958 0.309102 0.615486 0.307461 0.615486
1 0.310273 0.615764 0.311445 0.613681 0.312617 0.615764 0.312266 0.617222 0.310586 0.617222
1 0.301719 0.608056 0.302891 0.610139 0.301094 0.613681 0.300273 0.613056 0.299961 0.610694 0.300781 0.608472
1 0.288711 0.609444 0.289961 0.606944 0.291758 0.607083 0.292109 0.608542 0.291094 0.610625 0.289062 0.610972
1 0.287500 0.616389 0.288672 0.614306 0.290937 0.614306 0.292109 0.616389 0.290937 0.618472 0.287812 0.617917
1 0.300820 0.618403 0.301992 0.620486 0.300469 0.624375 0.299297 0.622292 0.299961 0.619028
1 0.303750 0.625625 0.304922 0.623542 0.306094 0.625625 0.305742 0.627153 0.304063 0.627153
1 0.302031 0.633264 0.303203 0.631181 0.304063 0.631806 0.304063 0.637153 0.302383 0.637153 0.302031 0.633403
1 0.304648 0.631181 0.305000 0.629722 0.306016 0.629097 0.308477 0.630903 0.308789 0.632361 0.308359 0.635694 0.306133 0.639514 0.304961 0.637431 0.306094 0.633542 0.305000 0.632708
1 0.297227 0.649167 0.296953 0.651528 0.294570 0.653611 0.292852 0.652431 0.292500 0.650903 0.289922 0.650208 0.289258 0.648472 0.286406 0.648194 0.286055 0.646667 0.287656 0.643472 0.290000 0.642986 0.291719 0.640347 0.293398 0.640347 0.293828 0.646597 0.296641 0.647639
1 0.289609 0.636667 0.291172 0.633125 0.294063 0.631111 0.294883 0.631667 0.295156 0.633819 0.294258 0.635694 0.290781 0.638750 0.289961 0.638125
1 0.289297 0.625278 0.290469 0.627500 0.289023 0.630694 0.283828 0.636736 0.282617 0.636111 0.282266 0.634583 0.282773 0.632361 0.288359 0.626181
1 0.250898 0.615139 0.251211 0.623125 0.258984 0.626528 0.260313 0.628125 0.264922 0.628264 0.266523 0.629722 0.268633 0.634306 0.270898 0.635069 0.262695 0.654028 0.241680 0.634653 0.251680 0.611736
1 0.288242 0.585833 0.286680 0.578403 0.285000 0.575833 0.285547 0.572222 0.287031 0.570208 0.290859 0.569236 0.290859 0.573194 0.291523 0.574792 0.294531 0.575208 0.296016 0.574028 0.300508 0.566667 0.303086 0.558681 0.305664 0.555486 0.307617 0.548750 0.300664 0.547778 0.300898 0.535972 0.304609 0.538194 0.306406 0.542986 0.308750 0.543194 0.310781 0.541597 0.309531 0.536806 0.309531 0.533194 0.310898 0.530208 0.316289 0.529792 0.320664 0.524028 0.324023 0.516042 0.324688 0.508681 0.327500 0.506458 0.330430 0.499028 0.332344 0.496458 0.334258 0.496458 0.339297 0.484306 0.337500 0.482083 0.336836 0.478264 0.338594 0.474028 0.338594 0.464444 0.341289 0.462014 0.342539 0.464861 0.342305 0.469028 0.341055 0.471597 0.342422 0.472222 0.347461 0.463403 0.348164 0.460069 0.348164 0.454444 0.346250 0.450278 0.346562 0.444444 0.350078 0.438681 0.354219 0.437500 0.360391 0.433681 0.363867 0.434861 0.288594 0.593819
1 0.278086 0.606111 0.278906 0.606736 0.279141 0.610694 0.278125 0.613056 0.276602 0.614236 0.275312 0.612014 0.275781 0.608125 0.277930 0.606111
1 0.278750 0.614444 0.279570 0.615069 0.279727 0.617639 0.277969 0.620208 0.276953 0.619653 0.276797 0.617083 0.278672 0.614444
1 0.324727 0.502569 0.326328 0.500069 0.327617 0.500694 0.327969 0.502153 0.326797 0.504236 0.325039 0.504028
1 0.321445 0.470833 0.321992 0.466875 0.323086 0.465556 0.324453 0.466181 0.324453 0.472292 0.321797 0.472292
1 0.333164 0.441944 0.334336 0.439861 0.335156 0.440486 0.335156 0.443472 0.333477 0.443472
1 0.328281 0.448472 0.327734 0.452569 0.324648 0.459514 0.321797 0.463542 0.314375 0.482500 0.311563 0.491597 0.308438 0.494444 0.300352 0.516250 0.298203 0.516736 0.295117 0.520625 0.293633 0.528472 0.289297 0.532778 0.287305 0.536875 0.279727 0.557986 0.271523 0.573056 0.269648 0.579306 0.267227 0.583403 0.264648 0.584097 0.328398 0.447014
1 0.229727 0.609931 0.230234 0.611806 0.237148 0.612292 0.238945 0.616528 0.247539 0.618264 0.240469 0.633542 0.224141 0.617917 0.229727 0.604861
1 0.253594 0.604028 0.250469 0.612361 0.248633 0.614236 0.247812 0.611944 0.253320 0.604167
1 0.240391 0.581389 0.241367 0.577917 0.245508 0.578889 0.245508 0.580625 0.243320 0.586181 0.241250 0.584653
1 0.256758 0.555972 0.258125 0.555278 0.259023 0.553333 0.260977 0.554514 0.260742 0.557847 0.256445 0.562708 0.255664 0.564653 0.256250 0.568681 0.259805 0.572500 0.260000 0.575972 0.258984 0.578681 0.253359 0.582014 0.251836 0.580833 0.250859 0.577500 0.250781 0.564931 0.252539 0.561319 0.252734 0.556319 0.254688 0.552431 0.255859 0.552778
1 0.271719 0.554514 0.264023 0.565139 0.262422 0.563889 0.262148 0.559375 0.263008 0.555972 0.265352 0.555417 0.270937 0.551250
1 0.275820 0.552222 0.274648 0.552778 0.273398 0.549306 0.273398 0.546875 0.274844 0.541875 0.278516 0.537083 0.281719 0.538472 0.282031 0.539722 0.279883 0.543056 0.279570 0.545833 0.277578 0.550556
1 0.264023 0.531736 0.265859 0.525972 0.266836 0.524792 0.268320 0.524306 0.269766 0.526875 0.269805 0.530694 0.269102 0.532431 0.264219 0.531528
1 0.265391 0.545278 0.266562 0.543194 0.267422 0.543750 0.267422 0.546736 0.265742 0.546736
1 0.277500 0.521944 0.278672 0.519861 0.280430 0.521458 0.280156 0.523611 0.277852 0.523403
1 0.280820 0.526806 0.281992 0.524722 0.282813 0.525278 0.282734 0.530347 0.281094 0.530347 0.280820 0.526875
1 0.276953 0.504514 0.279492 0.501111 0.281250 0.501736 0.281602 0.503194 0.280156 0.510694 0.279297 0.511319 0.278086 0.509236 0.278281 0.506528 0.277305 0.505972
1 0.281836 0.508542 0.282734 0.506528 0.285430 0.505139 0.286680 0.507222 0.286289 0.508750 0.284727 0.510139 0.282187 0.510000
1 0.288164 0.507708 0.289336 0.505625 0.290625 0.506458 0.290937 0.507917 0.289648 0.510486 0.288477 0.509167
1 0.287422 0.514444 0.287773 0.512917 0.290313 0.510972 0.291484 0.513056 0.290781 0.515347 0.289375 0.516736 0.287578 0.515486
1 0.292109 0.515139 0.293281 0.513056 0.294102 0.513611 0.294453 0.516250 0.293984 0.517986 0.292852 0.518958 0.291992 0.518333 0.292109 0.515208
1 0.294961 0.508056 0.296992 0.503819 0.298047 0.502778 0.298867 0.503333 0.299219 0.504931 0.298281 0.507708 0.296563 0.510000 0.295312 0.509514
1 0.289141 0.490139 0.290313 0.488056 0.291484 0.490139 0.291133 0.491597 0.289453 0.491597
1 0.290742 0.495486 0.291914 0.493403 0.293086 0.495486 0.292734 0.496944 0.291094 0.496944
1 0.300898 0.493125 0.302070 0.495208 0.300117 0.498611 0.298945 0.496528 0.300430 0.493333
1 0.275156 0.514792 0.274805 0.516458 0.273711 0.517083 0.272227 0.513403 0.274102 0.510139 0.274961 0.510764 0.275000 0.513681
1 0.287930 0.482986 0.288555 0.478611 0.289844 0.476875 0.291875 0.479028 0.292500 0.477222 0.294180 0.477222 0.294492 0.478750 0.291914 0.484167 0.288281 0.484444
1 0.294063 0.482292 0.295273 0.480208 0.296445 0.480972 0.296797 0.482431 0.295625 0.484514 0.294141 0.482639
1 0.301523 0.471667 0.304219 0.467431 0.301914 0.466319 0.301914 0.463403 0.304648 0.463264 0.305781 0.464861 0.308164 0.462083 0.309063 0.462708 0.309336 0.472847 0.307422 0.475903 0.307266 0.480000 0.306094 0.483264 0.305234 0.483958 0.304063 0.482431 0.305117 0.478403 0.304648 0.471667 0.302695 0.473750 0.301875 0.473125
1 0.299336 0.467847 0.300508 0.469931 0.299258 0.472153 0.296289 0.470764 0.295273 0.468681 0.295977 0.466597 0.298008 0.464722 0.298828 0.465347 0.299180 0.467847
1 0.301055 0.454236 0.301719 0.450069 0.306836 0.444306 0.309180 0.444306 0.311055 0.447014 0.311094 0.449722 0.309258 0.452917 0.304570 0.455625 0.301406 0.455694
1 0.318945 0.451806 0.316602 0.454722 0.316328 0.464375 0.314844 0.468472 0.314492 0.472708 0.312852 0.472708 0.312500 0.467986 0.314141 0.462778 0.314258 0.453542 0.314766 0.451528 0.318477 0.447639 0.325937 0.448472 0.326289 0.450208 0.325352 0.453681 0.322969 0.457014 0.321797 0.454931 0.322969 0.451944
1 0.315547 0.438472 0.316484 0.435208 0.317539 0.434236 0.321953 0.436389 0.323047 0.438472 0.322695 0.439931 0.319141 0.442361 0.316211 0.440347
1 0.331836 0.431667 0.332148 0.428819 0.333828 0.428819 0.333828 0.433125 0.332148 0.433125
1 0.325195 0.429653 0.325508 0.428194 0.327188 0.428194 0.327188 0.431111 0.325508 0.431111
1 0.213477 0.595139 0.214219 0.596111 0.214023 0.598472 0.216641 0.599306 0.219375 0.602778 0.219375 0.604236 0.222734 0.603611 0.224531 0.606250 0.227891 0.607083 0.223008 0.617083 0.209727 0.603958
1 0.304375 0.443542 0.287539 0.480347 0.285273 0.482083 0.283047 0.482083 0.282070 0.481806 0.280273 0.478958 0.278984 0.474583 0.278672 0.468264 0.278672 0.455069 0.279297 0.453056 0.281562 0.451319 0.283516 0.448194 0.286094 0.447569 0.287891 0.449306 0.288203 0.457917 0.289648 0.463403 0.291289 0.463681 0.293555 0.462222 0.295000 0.459931 0.294844 0.455903 0.291445 0.458542 0.291445 0.455069 0.292891 0.452500 0.293711 0.448472 0.294687 0.447014 0.298242 0.448194 0.301641 0.443819 0.304688 0.442986
1 0.274648 0.477014 0.277070 0.479236 0.277383 0.480694 0.275430 0.483194 0.273516 0.483958 0.271289 0.483264 0.269570 0.475625 0.269883 0.474097 0.271367 0.473611 0.274375 0.477153
1 0.269492 0.500000 0.270781 0.502500 0.268437 0.507639 0.269531 0.508194 0.269687 0.510764 0.266797 0.514306 0.265625 0.512222 0.267188 0.509236 0.266289 0.507639 0.268359 0.501528
1 0.263477 0.492292 0.263828 0.490833 0.265508 0.490833 0.265508 0.493750 0.263828 0.493750
1 0.257656 0.515625 0.258008 0.514167 0.259648 0.514167 0.259648 0.518889 0.258008 0.518889 0.257656 0.515764
1 0.261289 0.528333 0.262461 0.530417 0.259844 0.540694 0.258359 0.543125 0.257539 0.542500 0.257305 0.539931 0.260664 0.528681
1 0.253242 0.547014 0.252891 0.548681 0.250625 0.550278 0.246133 0.550278 0.243359 0.547431 0.241094 0.548819 0.239531 0.545625 0.239883 0.544097 0.241562 0.543542 0.243516 0.546528 0.244258 0.544931 0.248047 0.542153 0.250703 0.542431 0.252305 0.544931
1 0.251914 0.521042 0.252266 0.519583 0.253906 0.519583 0.253906 0.522500 0.252266 0.522500
1 0.262266 0.501458 0.262578 0.499931 0.264258 0.499931 0.264258 0.502917 0.262578 0.502917
1 0.226016 0.572917 0.227188 0.570833 0.229727 0.572778 0.231719 0.571389 0.232891 0.573472 0.231328 0.576319 0.229297 0.576944 0.226406 0.575278 0.226016 0.573125
1 0.232969 0.571667 0.233320 0.570208 0.234961 0.570208 0.234961 0.573125 0.233320 0.573125
1 0.222969 0.599444 0.222070 0.598819 0.220859 0.591806 0.221211 0.589792 0.222031 0.589167 0.223516 0.589444 0.225625 0.592917 0.225352 0.595972 0.223555 0.599167
1 0.256836 0.500764 0.258008 0.502847 0.255820 0.506736 0.254883 0.506181 0.254961 0.503125 0.256719 0.500764
1 0.235703 0.545208 0.236875 0.547292 0.235156 0.551806 0.234102 0.552708 0.232930 0.550625 0.235078 0.545486
1 0.203047 0.583750 0.205156 0.585000 0.209922 0.591458 0.213906 0.592708 0.208750 0.603819 0.197930 0.593125 0.200937 0.584167
1 0.204844 0.577083 0.205820 0.571667 0.208008 0.571736 0.208828 0.573750 0.208437 0.575833 0.206641 0.578889 0.205195 0.578542
1 0.223359 0.556944 0.222969 0.558472 0.221797 0.559306 0.220703 0.558056 0.220469 0.555139 0.221133 0.550972 0.225430 0.549861 0.228008 0.550486 0.228008 0.553472 0.223789 0.554306 0.223203 0.555972
1 0.229063 0.533542 0.229414 0.532083 0.231055 0.532083 0.231055 0.535069 0.229414 0.535069
1 0.224570 0.533125 0.226250 0.533125 0.226250 0.536042 0.224531 0.537639 0.223359 0.535556 0.224492 0.533472
1 0.241875 0.516806 0.244141 0.505556 0.245781 0.505556 0.246133 0.510000 0.244414 0.517153 0.243281 0.518889 0.242227 0.518264
1 0.240742 0.500000 0.241914 0.497708 0.243672 0.502014 0.243320 0.503472 0.242266 0.504097 0.240937 0.501111
1 0.260000 0.459375 0.260820 0.459931 0.260859 0.462847 0.257109 0.470903 0.262266 0.466250 0.263516 0.466806 0.263828 0.468264 0.263125 0.470139 0.260078 0.472222 0.256289 0.477014 0.254570 0.477083 0.254219 0.475417 0.255039 0.468958 0.259141 0.460000
1 0.258750 0.479236 0.259102 0.477778 0.260781 0.477778 0.260781 0.480694 0.259102 0.480694
1 0.266562 0.480972 0.265391 0.483264 0.263789 0.479583 0.263945 0.478542 0.268203 0.474514 0.269023 0.475069 0.269023 0.478056 0.267813 0.478542 0.266562 0.480903
1 0.270391 0.466389 0.272813 0.462014 0.273633 0.462639 0.273555 0.466458 0.271719 0.468472 0.270742 0.467847
1 0.187266 0.581736 0.193164 0.568542 0.193828 0.570972 0.197148 0.570833 0.201367 0.579653 0.203437 0.573403 0.205391 0.572708 0.197148 0.592708 0.187188 0.582083
1 0.210938 0.536944 0.211953 0.534306 0.213359 0.533333 0.214375 0.533819 0.215313 0.536667 0.214141 0.539028 0.211289 0.538403
1 0.221797 0.535694 0.222969 0.537778 0.222266 0.540139 0.220234 0.541806 0.217930 0.541181 0.217656 0.538819 0.218789 0.533542 0.220586 0.533542 0.220938 0.536319
1 0.187109 0.581111 0.179062 0.572153 0.196836 0.532708 0.197383 0.532708 0.198047 0.534861 0.198047 0.539514 0.199063 0.540972 0.199063 0.546181 0.198516 0.547639 0.193750 0.551181 0.192344 0.555972 0.196172 0.557014 0.200117 0.551667 0.199375 0.555625 0.194570 0.563958 0.187461 0.562986 0.187930 0.565278 0.191133 0.566111 0.191211 0.567292 0.188984 0.570139 0.188672 0.572431 0.189727 0.572986 0.189922 0.575278 0.187383 0.580764
1 0.215391 0.491597 0.216562 0.493681 0.215234 0.498403 0.214336 0.499097 0.213516 0.498472 0.213359 0.495208 0.215352 0.491597
1 0.205313 0.518194 0.205664 0.516667 0.207305 0.516667 0.207305 0.519653 0.205664 0.519653
1 0.174648 0.586042 0.177070 0.589792 0.175469 0.599028 0.169297 0.609653 0.163320 0.613681 0.163828 0.615972 0.166250 0.620278 0.165430 0.628056 0.121289 0.735000 0.118203 0.716319 0.174180 0.582639
1 0.183594 0.591528 0.181328 0.598125 0.180000 0.606458 0.180000 0.624861 0.179062 0.628056 0.174844 0.627778 0.174375 0.628611 0.173867 0.641597 0.173047 0.646736 0.170781 0.650208 0.164023 0.649931 0.162891 0.651042 0.161562 0.657361 0.158359 0.664306 0.157539 0.668889 0.157852 0.672361 0.156875 0.675764 0.151875 0.689028 0.151719 0.693333 0.152695 0.693889 0.125469 0.759861 0.121445 0.735000 0.184023 0.588056
1 0.192695 0.602222 0.192695 0.607708 0.186367 0.626111 0.187500 0.629514 0.189141 0.626389 0.187500 0.624375 0.188984 0.622917 0.190273 0.618333 0.192227 0.615417 0.193164 0.615764 0.193828 0.619792 0.195117 0.618611 0.197070 0.618889 0.198672 0.622083 0.198672 0.623472 0.196406 0.628681 0.195273 0.635000 0.193984 0.635556 0.192695 0.632153 0.192539 0.627847 0.191250 0.627847 0.191719 0.632986 0.190898 0.633819 0.190742 0.639028 0.189453 0.640486 0.188008 0.640486 0.187031 0.638472 0.184766 0.637014 0.183008 0.631806 0.181367 0.632431 0.181523 0.639583 0.183320 0.645972 0.176992 0.650000 0.176211 0.650833 0.176211 0.653194 0.178789 0.653750 0.180234 0.652014 0.182344 0.652014 0.185742 0.657500 0.153711 0.733125 0.156641 0.718125 0.153242 0.721042 0.153398 0.734514 0.150625 0.740000 0.150313 0.733403 0.148203 0.735972 0.150977 0.740903 0.150156 0.744028 0.147891 0.748333 0.143359 0.749236 0.142227 0.751250 0.141602 0.754653 0.142227 0.760139 0.130430 0.786875 0.125742 0.762708 0.192383 0.602014
1 0.204687 0.614861 0.202109 0.622917 0.202109 0.630972 0.202773 0.633264 0.202422 0.645903 0.205664 0.653403 0.206953 0.651389 0.206953 0.649653 0.209219 0.644167 0.210039 0.640139 0.209219 0.632361 0.205195 0.627778 0.205508 0.622639 0.206328 0.620903 0.209414 0.617986 0.211680 0.617708 0.213438 0.618611 0.213906 0.622917 0.214883 0.624375 0.220234 0.623750 0.150039 0.789167 0.149414 0.788611 0.149648 0.782083 0.146523 0.785694 0.145273 0.790833 0.143555 0.790972 0.142930 0.790139 0.143008 0.781389 0.141758 0.782083 0.141211 0.784028 0.141523 0.790139 0.142930 0.795278 0.148711 0.791111 0.137148 0.817986 0.131094 0.789375 0.205625 0.611736
1 0.220117 0.624514 0.219805 0.629514 0.217656 0.636458 0.219805 0.634097 0.219453 0.637708 0.217969 0.641736 0.217852 0.647292 0.215625 0.653889 0.218320 0.653264 0.221328 0.649514 0.225039 0.646875 0.225391 0.643681 0.224375 0.642708 0.219883 0.645486 0.218320 0.641319 0.219883 0.638542 0.226172 0.634514 0.229102 0.635139 0.228867 0.641736 0.232695 0.644514 0.235508 0.644722 0.231211 0.654514 0.228203 0.655069 0.226953 0.653264 0.222578 0.655486 0.217734 0.658889 0.215742 0.663472 0.213164 0.660486 0.213359 0.647500 0.206953 0.658889 0.206641 0.664653 0.211328 0.664653 0.211328 0.670069 0.212578 0.675833 0.217969 0.676875 0.217656 0.680486 0.213594 0.686667 0.212578 0.686667 0.209883 0.680625 0.206406 0.676458 0.204844 0.671667 0.202813 0.671667 0.200781 0.674236 0.197773 0.681111 0.197773 0.682083 0.211602 0.699236 0.207891 0.707431 0.206875 0.707222 0.205078 0.703889 0.202930 0.703472 0.198906 0.699097 0.198437 0.706042 0.202891 0.717917 0.198008 0.730417 0.196758 0.727986 0.196641 0.716806 0.195430 0.712639 0.192734 0.709236 0.189453 0.707847 0.190039 0.717222 0.194297 0.725417 0.195664 0.726597 0.195742 0.734028 0.189023 0.732778 0.186094 0.729236 0.184297 0.728403 0.183398 0.741389 0.181055 0.745764 0.179141 0.747222 0.179023 0.749375 0.182148 0.755208 0.183516 0.760972 0.184766 0.750556 0.190156 0.748056 0.145898 0.857778 0.137734 0.821319 0.219727 0.623819
1 0.236328 0.643681 0.236406 0.647222 0.231641 0.658333 0.232500 0.661319 0.233711 0.660694 0.234375 0.658819 0.239414 0.658333 0.240898 0.662500 0.241289 0.666319 0.240625 0.670139 0.240625 0.676319 0.238555 0.679792 0.237812 0.679653 0.232500 0.673333 0.233594 0.668819 0.231836 0.667014 0.227891 0.668333 0.226602 0.673472 0.221523 0.681667 0.223789 0.685972 0.230078 0.687222 0.231289 0.690417 0.233984 0.694097 0.233711 0.698403 0.228867 0.693542 0.226602 0.693056 0.223320 0.686736 0.221563 0.687431 0.221250 0.688264 0.222656 0.693264 0.224727 0.698403 0.222773 0.705208 0.219414 0.707083 0.216953 0.704722 0.220820 0.698056 0.220820 0.696875 0.219883 0.695208 0.216484 0.695764 0.211914 0.706250 0.212383 0.710347 0.216016 0.709236 0.216680 0.710694 0.216406 0.715556 0.215078 0.717222 0.209648 0.716528 0.209766 0.721667 0.207031 0.725208 0.205156 0.729375 0.205742 0.735694 0.208906 0.735833 0.211641 0.733681 0.211719 0.729861 0.210430 0.725556 0.211055 0.721389 0.213047 0.719861 0.213789 0.723889 0.216133 0.727361 0.217227 0.726042 0.218750 0.717708 0.220430 0.716042 0.222578 0.717014 0.221094 0.719375 0.219687 0.724722 0.218477 0.742292 0.216602 0.748264 0.213984 0.743333 0.214531 0.736806 0.211250 0.736319 0.204727 0.738819 0.208086 0.744306 0.208359 0.745278 0.207539 0.747153 0.204531 0.747153 0.202461 0.750278 0.199297 0.750278 0.196211 0.753125 0.196484 0.757639 0.198711 0.763125 0.203320 0.771944 0.206484 0.775417 0.206602 0.780278 0.204727 0.781389 0.203398 0.779097 0.199648 0.777222 0.194141 0.771250 0.190391 0.771944 0.188242 0.776111 0.187773 0.781736 0.188633 0.788542 0.188320 0.796736 0.191797 0.802847 0.198437 0.805208 0.193477 0.815000 0.187812 0.816389 0.183984 0.812014 0.180859 0.800694 0.175820 0.793750 0.173867 0.797222 0.173203 0.809375 0.177031 0.815000 0.178320 0.818958 0.181797 0.825139 0.181797 0.827986 0.179648 0.830972 0.178633 0.830764 0.176172 0.828958 0.174297 0.825278 0.173281 0.825278 0.173477 0.829583 0.172734 0.832292 0.170469 0.834792 0.168984 0.834583 0.168320 0.827153 0.166523 0.819306 0.162344 0.823472 0.162422 0.825486 0.163750 0.827431 0.163633 0.830417 0.156992 0.839792 0.156992 0.842917 0.158789 0.840764 0.162344 0.840764 0.167109 0.845764 0.167383 0.849722 0.166367 0.855069 0.164492 0.858889 0.163359 0.863542 0.161758 0.862708 0.160352 0.854097 0.158320 0.857917 0.157187 0.857917 0.155391 0.855764 0.153633 0.858889 0.153516 0.863264 0.155664 0.866042 0.156719 0.869236 0.158398 0.870903 0.158125 0.875069 0.154570 0.875694 0.154570 0.880694 0.156445 0.880694 0.157930 0.883889 0.156914 0.888889 0.158867 0.892847 0.159883 0.898542 0.157734 0.903194 0.146250 0.857917 0.236211 0.643472
1 0.230508 0.682778 0.230859 0.681319 0.232500 0.681319 0.232500 0.684306 0.230859 0.684306
1 0.245977 0.660625 0.246797 0.661181 0.246758 0.663472 0.250273 0.663472 0.252188 0.665556 0.252188 0.669583 0.253008 0.671528 0.252188 0.674931 0.249492 0.676944 0.247031 0.677014 0.244336 0.672708 0.243867 0.671042 0.245078 0.668958 0.243359 0.667361 0.242773 0.664861 0.243750 0.661597 0.245898 0.660625
1 0.246094 0.669028 0.246797 0.667847 0.246055 0.668958
1 0.161094 0.871389 0.163828 0.869444 0.165898 0.873542 0.165117 0.876042 0.165938 0.876667 0.165938 0.879583 0.165117 0.880208 0.164102 0.879167 0.162773 0.880764 0.161133 0.880069 0.159531 0.874861 0.159688 0.871944 0.160938 0.871458
1 0.169102 0.869931 0.169453 0.868472 0.171094 0.868472 0.171094 0.871389 0.169453 0.871389
1 0.168633 0.865764 0.169805 0.863681 0.171055 0.865764 0.169883 0.867847 0.168984 0.867222
1 0.174336 0.842847 0.175508 0.844931 0.174570 0.852153 0.173398 0.854236 0.172148 0.852153 0.172227 0.848542 0.173203 0.844306
1 0.169336 0.846597 0.169687 0.845139 0.171328 0.845139 0.171328 0.848125 0.169687 0.848125
1 0.255781 0.688750 0.256133 0.687292 0.260859 0.684514 0.262617 0.684028 0.263789 0.686111 0.263242 0.690278 0.261836 0.691806 0.259922 0.691806 0.258789 0.689931 0.257500 0.690833 0.256133 0.690208
1 0.268867 0.702153 0.269492 0.700208 0.272187 0.697431 0.275586 0.697431 0.277266 0.700486 0.276953 0.703403 0.276094 0.704028 0.273203 0.703542 0.271133 0.705903 0.269961 0.704236
1 0.260234 0.708403 0.260977 0.706458 0.264805 0.702847 0.266289 0.703056 0.266484 0.705556 0.265742 0.706736 0.261563 0.710486 0.260586 0.709861
1 0.257969 0.699028 0.258281 0.697569 0.259961 0.697569 0.259961 0.700486 0.258281 0.700486
1 0.272227 0.712917 0.272578 0.711458 0.274258 0.711458 0.274258 0.714444 0.272578 0.714444
1 0.258047 0.734375 0.259219 0.736458 0.258008 0.739583 0.255742 0.741597 0.254102 0.740556 0.254102 0.735694 0.257500 0.734583
1 0.236797 0.717500 0.236992 0.713889 0.238672 0.713889 0.239141 0.716528 0.238789 0.718958 0.237148 0.718958
1 0.240977 0.739097 0.241328 0.737569 0.242969 0.737569 0.242969 0.744097 0.241328 0.744097 0.240977 0.739306
1 0.243906 0.745625 0.245000 0.746250 0.245000 0.749167 0.243086 0.750486 0.242109 0.749861 0.242188 0.746806 0.243828 0.745625
1 0.243086 0.751111 0.244258 0.753194 0.242969 0.755764 0.242109 0.755139 0.241797 0.753194 0.243008 0.751111
1 0.242148 0.762639 0.243320 0.764722 0.242891 0.770208 0.240781 0.771597 0.239492 0.769514 0.239336 0.765903 0.239766 0.764306 0.241562 0.762847
1 0.245664 0.777014 0.246836 0.779097 0.244531 0.783194 0.243711 0.782569 0.243477 0.779236 0.245586 0.777014
1 0.176328 0.862639 0.177500 0.864722 0.176836 0.866597 0.174922 0.868958 0.174102 0.868333 0.173945 0.865764 0.176289 0.862639
1 0.183945 0.865833 0.185117 0.863750 0.185938 0.864375 0.185938 0.867361 0.184297 0.867361
1 0.180625 0.885417 0.181445 0.886042 0.181797 0.889514 0.180469 0.895208 0.179492 0.895903 0.176953 0.890139 0.178633 0.886597 0.180156 0.885556
1 0.195742 0.890972 0.196914 0.888889 0.197930 0.889722 0.200078 0.894583 0.200508 0.897500 0.197422 0.904861 0.196914 0.908125 0.196094 0.908750 0.194922 0.906667 0.195469 0.894653 0.196094 0.892431
1 0.187500 0.908472 0.188008 0.906597 0.190469 0.905347 0.192422 0.908264 0.194844 0.908333 0.195195 0.909792 0.194062 0.912361 0.193672 0.916319 0.192148 0.917361 0.189727 0.916597 0.188711 0.913611 0.188555 0.910556
1 0.173281 0.916250 0.174844 0.914028 0.177148 0.915278 0.178242 0.918264 0.177852 0.922778 0.176328 0.923472 0.175000 0.922292 0.173633 0.917708
1 0.159492 0.904792 0.162187 0.909931 0.166484 0.921597 0.166680 0.923611 0.167266 0.923750 0.167813 0.922083 0.167070 0.915069 0.168750 0.913750 0.170977 0.915069 0.170508 0.920833 0.172852 0.920278 0.173633 0.921736 0.173437 0.926597 0.171289 0.928403 0.170820 0.930556 0.171836 0.937361 0.173633 0.940903 0.174727 0.954167 0.174727 0.962847 0.174180 0.963819 0.158906 0.906458
1 0.170352 0.920903 0.169883 0.921389 0.170430 0.920903
1 0.181133 0.939583 0.180117 0.935903 0.180469 0.934444 0.181484 0.933819 0.183594 0.937917 0.183398 0.940347 0.182305 0.941667 0.181484 0.941042
1 0.288828 0.693194 0.285625 0.705417 0.281680 0.713472 0.280820 0.719861 0.281680 0.722500 0.283555 0.723056 0.295547 0.721250 0.294883 0.726875 0.294258 0.727986 0.291133 0.727708 0.287891 0.731597 0.277266 0.731875 0.270391 0.740486 0.266797 0.747014 0.264883 0.754792 0.262305 0.759861 0.261758 0.763472 0.257773 0.768750 0.259492 0.769861 0.259258 0.773750 0.254336 0.779861 0.248516 0.793819 0.249297 0.801736 0.247422 0.807014 0.245039 0.809514 0.243398 0.808958 0.242148 0.806458 0.241758 0.806875 0.239336 0.814931 0.234648 0.823819 0.234648 0.826042 0.235977 0.829653 0.235117 0.831875 0.234023 0.833542 0.231602 0.832708 0.227266 0.841181 0.227109 0.846875 0.228203 0.850486 0.227656 0.855486 0.227109 0.856319 0.225234 0.855764 0.224141 0.849653 0.219766 0.865833 0.217109 0.865764 0.212578 0.877153 0.212109 0.879931 0.213125 0.882292 0.213516 0.886042 0.206055 0.892292 0.204336 0.896597 0.205742 0.898125 0.204570 0.900208 0.202148 0.900764 0.185586 0.944722 0.187422 0.949097 0.188750 0.949306 0.190781 0.946319 0.192344 0.945556 0.198984 0.950486 0.201094 0.944514 0.207500 0.944097 0.208633 0.945556 0.208281 0.946944 0.202578 0.954514 0.205156 0.958889 0.204375 0.962917 0.196172 0.971250 0.195273 0.971250 0.193477 0.965278 0.189414 0.968056 0.186406 0.963681 0.185156 0.954722 0.183594 0.952500 0.183477 0.949514 0.176953 0.967500 0.178320 0.975278 0.179883 0.974097 0.181797 0.977292 0.182109 0.986875 0.185820 1.000000 0.183594 0.999653 0.175000 0.968611 0.199297 0.905694 0.247109 0.788681 0.289492 0.689653
1 0.300039 0.740069 0.295977 0.745069 0.294180 0.744306 0.293281 0.741250 0.293281 0.736319 0.294297 0.734097 0.298555 0.734514 0.300039 0.736319
1 0.315195 0.747292 0.309219 0.755069 0.304844 0.753472 0.302734 0.754097 0.297773 0.748889 0.298008 0.745486 0.300937 0.740903 0.304063 0.740903 0.305430 0.742083 0.311484 0.741250 0.315742 0.743889
1 0.280547 0.799097 0.282305 0.801389 0.282305 0.804583 0.280547 0.809722 0.275039 0.810903 0.273281 0.813472 0.265000 0.820972 0.263086 0.820972 0.261953 0.818333 0.261602 0.810625 0.264531 0.800278 0.265977 0.790486 0.267773 0.790764 0.268242 0.792222 0.268750 0.790486 0.271953 0.787014 0.275195 0.786458 0.277773 0.799653 0.278750 0.800556
1 0.287227 0.746458 0.287578 0.745000 0.289258 0.745000 0.289258 0.747986 0.287578 0.747986
1 0.274141 0.739028 0.274492 0.737569 0.276133 0.737569 0.276133 0.742778 0.274492 0.742778 0.274141 0.739306
1 0.278203 0.782153 0.278789 0.779653 0.280313 0.778611 0.281641 0.779236 0.281992 0.780694 0.281992 0.782708 0.280156 0.785347 0.278359 0.784792 0.278203 0.782222
1 0.267891 0.782361 0.270000 0.783819 0.270352 0.785625 0.269570 0.788056 0.266914 0.789097 0.265781 0.787708 0.265391 0.784722 0.265820 0.783125 0.267773 0.782361
1 0.243828 0.821389 0.244375 0.818889 0.245781 0.817917 0.247148 0.818889 0.247734 0.821389 0.247148 0.826181 0.245781 0.827222 0.244375 0.826181 0.243828 0.821597
1 0.245938 0.836111 0.246523 0.833681 0.247891 0.832639 0.249297 0.833681 0.249844 0.836111 0.249297 0.838611 0.247891 0.839583 0.246523 0.838611
1 0.235391 0.841736 0.235977 0.839306 0.237344 0.838264 0.239180 0.839653 0.242344 0.850347 0.241133 0.853542 0.238398 0.853264 0.236563 0.844931
1 0.226797 0.914514 0.227383 0.912014 0.228750 0.911042 0.230156 0.912014 0.230703 0.914514 0.230156 0.916944 0.228750 0.917986 0.227383 0.916944
1 0.208086 0.987361 0.208672 0.984861 0.210039 0.983889 0.211445 0.984861 0.211992 0.987361 0.211445 0.989792 0.210039 0.990833 0.208672 0.989792
1 0.198555 0.981875 0.197422 0.977986 0.198008 0.975556 0.199375 0.974514 0.200781 0.975556 0.202461 0.981875 0.201875 0.984306 0.200508 0.985347 0.199141 0.984306
1 0.354492 0.810139 0.356406 0.808542 0.359336 0.808542 0.360703 0.809583 0.361289 0.812014 0.360547 0.814722 0.358320 0.817569 0.354375 0.818125 0.352187 0.815000 0.352500 0.812014 0.353516 0.810764
1 0.348320 0.804792 0.348711 0.801667 0.351992 0.795833 0.354063 0.794028 0.355742 0.795069 0.356328 0.797500 0.355820 0.799792 0.353008 0.803403 0.351602 0.807361 0.350273 0.808264 0.348906 0.807222
1 0.342500 0.799583 0.340938 0.789514 0.339531 0.792014 0.335977 0.793750 0.332773 0.793750 0.330352 0.791250 0.329961 0.789236 0.330391 0.787014 0.327031 0.785972 0.326445 0.783542 0.327773 0.777153 0.330430 0.774306 0.335391 0.774306 0.338867 0.776042 0.341641 0.781458 0.342031 0.785069 0.341523 0.787639 0.343711 0.787292 0.345625 0.792917 0.348555 0.787986 0.349688 0.787292 0.351094 0.788333 0.351641 0.790764 0.350938 0.793472 0.349492 0.795069 0.347969 0.799236 0.346133 0.799722 0.345820 0.802014 0.344453 0.803056 0.343086 0.802014
1 0.334922 0.804792 0.335469 0.802292 0.336875 0.801319 0.338242 0.802292 0.338828 0.804792 0.338242 0.807222 0.336875 0.808264 0.335469 0.807222
1 0.316523 0.778333 0.317109 0.775903 0.319375 0.774861 0.324023 0.780694 0.324531 0.788681 0.323945 0.791181 0.322578 0.792153 0.321172 0.791181 0.320625 0.785903 0.318555 0.781806 0.317109 0.780764
1 0.311758 0.775347 0.313164 0.776389 0.313711 0.778819 0.313164 0.781319 0.311250 0.782569 0.309492 0.788264 0.307969 0.789583 0.306016 0.788542 0.305430 0.786111 0.307773 0.779097 0.309141 0.776042 0.311641 0.775347
1 0.297266 0.804792 0.297852 0.802292 0.301563 0.800278 0.304375 0.802917 0.305273 0.805833 0.304688 0.808264 0.302734 0.809306 0.301250 0.808125 0.299219 0.808750 0.297852 0.807778 0.297266 0.805069
1 0.283867 0.839028 0.284414 0.836528 0.285820 0.835556 0.291055 0.835556 0.293398 0.836736 0.297383 0.844444 0.300898 0.845903 0.301484 0.848333 0.301172 0.853819 0.300273 0.856458 0.298633 0.858056 0.296172 0.857153 0.293789 0.847917 0.291484 0.842986 0.285820 0.842500 0.284414 0.841458
1 0.309727 0.867708 0.311133 0.868681 0.311680 0.871181 0.309297 0.877917 0.307695 0.878819 0.306328 0.877778 0.305742 0.875347 0.306328 0.872431 0.308203 0.868958
1 0.268203 0.873403 0.270586 0.864444 0.271797 0.863681 0.273164 0.864653 0.273750 0.867778 0.271367 0.876111 0.270156 0.876875 0.268789 0.875833
1 0.261211 0.890347 0.264062 0.886597 0.263555 0.888264 0.264727 0.887222 0.266445 0.888264 0.267031 0.890694 0.266641 0.891736 0.267773 0.891181 0.269141 0.892222 0.269727 0.894653 0.269141 0.897153 0.267773 0.898125 0.266250 0.897153 0.265742 0.893958 0.262734 0.896250 0.261250 0.894861 0.244375 0.936111 0.241562 0.947361 0.236758 0.952639 0.231562 0.966667 0.226484 0.977153 0.225664 0.982431 0.219336 0.995139 0.215937 0.999931 0.215078 0.998681 0.247187 0.920903 0.261211 0.890556
1 0.254570 0.994514 0.255156 0.992014 0.256875 0.991042 0.260234 0.993542 0.261406 0.996806 0.260859 0.999236 0.259453 1.000000 0.255117 0.996875
1 0.263047 0.957986 0.263594 0.955556 0.265000 0.954514 0.266367 0.955556 0.266953 0.957986 0.266367 0.960486 0.265000 0.961458 0.263594 0.960486