0 0.999826 0.210571 1.000000 0.562423 0.957595 0.715586 0.842491 0.592670 0.904470 0.393056 0.952778 0.184182
0 0.951606 0.734414 0.930295 0.800926 0.893273 0.903241 0.850608 0.998380 0.669878 0.999846 0.699653 0.942052 0.767708 0.792438 0.837717 0.606404 0.951606 0.733796
0 0.832552 0.599923 0.781858 0.739429 0.720660 0.881096 0.665538 0.997762 0.628125 0.999228 0.574609 0.883410 0.733203 0.502006 0.831771 0.600772
0 0.729991 0.497840 0.570226 0.877778 0.517144 0.756173 0.653950 0.424923 0.729644 0.497145
0 0.649696 0.423302 0.514844 0.753009 0.474609 0.659491 0.590321 0.368519 0.649349 0.422762
0 0.584939 0.363194 0.470616 0.650463 0.440712 0.577238 0.540755 0.326312 0.584635 0.363117
0 0.438802 0.572608 0.417014 0.520448 0.504470 0.296836 0.537717 0.325231
0 0.501997 0.296065 0.415582 0.516744 0.397396 0.473688 0.475434 0.274074 0.501736 0.295602
0 0.396224 0.470370 0.382943 0.434722 0.452821 0.255478 0.474045 0.272840
0 0.948741 0.182639 0.927387 0.278549 0.899609 0.387269 0.837630 0.586883 0.740234 0.489660 0.853342 0.140509 0.947526 0.182716
0 0.849566 0.140278 0.820703 0.232099 0.771745 0.381713 0.734158 0.486651 0.656033 0.414583 0.767708 0.112886 0.849566 0.139738
0 0.763542 0.113426 0.712066 0.254784 0.652691 0.411034 0.595009 0.359105 0.697656 0.099151
0 0.690885 0.092207 0.588585 0.355093 0.545573 0.318827 0.637240 0.085262 0.690625 0.092747
0 0.634852 0.085725 0.542882 0.316358 0.508160 0.289892 0.593663 0.082022 0.634852 0.085340
0 0.590625 0.082022 0.505122 0.285340 0.479253 0.266281 0.556120 0.079552 0.590625 0.081173
0 0.553950 0.080478 0.476302 0.265741 0.455599 0.249306 0.526128 0.079630
0 0.521224 0.076466 0.450174 0.245139 0.433507 0.231327 0.497917 0.078164
0 0.496788 0.078549 0.433073 0.230710 0.417882 0.220910 0.477734 0.078549 0.496788 0.078858
0 0.476259 0.078858 0.416276 0.220602 0.404297 0.212886 0.459592 0.080324
0 0.459288 0.080324 0.403819 0.211960 0.393446 0.204552 0.445356 0.080864 0.458464 0.080324
0 0.392014 0.203549 0.383333 0.196373 0.431858 0.079938 0.443663 0.079321
0 0.431207 0.080556 0.382899 0.194367 0.375608 0.189198 0.420660 0.080787 0.431076 0.080324
0 0.419618 0.081944 0.374696 0.188349 0.368533 0.183410 0.410547 0.082562 0.419748 0.081713
0 0.409766 0.082716 0.367274 0.184182 0.361675 0.179630 0.402127 0.082948 0.409766 0.082562
0 0.447352 0.251157 0.378082 0.429552 0.367578 0.401235 0.430686 0.238040
0 0.416102 0.227006 0.429514 0.238040 0.367188 0.399537 0.358073 0.376775 0.416102 0.226620
0 0.414800 0.225772 0.356944 0.375926 0.349262 0.355633 0.402951 0.216204
0 0.402040 0.216358 0.348307 0.355556 0.341363 0.338040 0.391840 0.208333 0.402040 0.216127
0 0.341059 0.336574 0.335373 0.320448 0.381814 0.200000 0.391189 0.206867
0 0.381814 0.198765 0.335026 0.319059 0.330425 0.305633 0.373958 0.193056 0.381510 0.199228
0 0.367231 0.188194 0.373394 0.193210 0.329905 0.304861 0.325781 0.293287 0.367101 0.188194
0 0.360720 0.182407 0.366493 0.187809 0.325260 0.291667 0.321441 0.283102
0 0.401780 0.048843 0.379948 0.097454 0.372526 0.097454 0.393403 0.051003 0.401780 0.048380
0 0.392752 0.051620 0.372309 0.096991 0.366536 0.097068 0.386502 0.052855
0 0.379080 0.098611 0.357465 0.151775 0.351693 0.149151 0.372222 0.098380 0.378993 0.098611
0 0.366102 0.097917 0.371701 0.098611 0.351736 0.148843 0.346484 0.147145 0.366102 0.097762
0 0.350564 0.150077 0.330686 0.200000 0.327431 0.194985 0.346398 0.147454
0 0.356771 0.153549 0.336328 0.208179 0.331120 0.200926 0.350911 0.150386 0.356858 0.153549
0 0.335156 0.207639 0.314323 0.264583 0.312066 0.254167 0.330903 0.201543
0 0.326953 0.196528 0.330339 0.202006 0.311849 0.253935 0.309679 0.244367 0.326953 0.196451
1 0.335634 0.208333 0.314193 0.264043 0.311979 0.254090 0.330686 0.201312 0.335938 0.208488
1 0.327040 0.196528 0.330295 0.201698 0.311979 0.253086 0.309332 0.243287 0.327127 0.195988
1 0.357031 0.154784 0.335720 0.207870 0.331033 0.201235 0.350694 0.151003 0.357248 0.154630
1 0.345660 0.148071 0.350347 0.150849 0.330686 0.200694 0.327561 0.195833 0.345833 0.148225
1 0.380859 0.099537 0.358073 0.151852 0.351997 0.148843 0.372483 0.098765
1 0.371962 0.098688 0.351953 0.148457 0.347092 0.146142 0.366189 0.098688
1 0.402083 0.049151 0.380816 0.098920 0.372960 0.097994 0.392969 0.051775
1 0.386719 0.053395 0.392405 0.052392 0.372526 0.098302 0.366840 0.098148 0.386806 0.053395
1 0.409418 0.084336 0.367491 0.184799 0.361545 0.180787 0.401649 0.083796 0.409505 0.084336
1 0.420095 0.082948 0.375477 0.190432 0.367752 0.184799 0.410286 0.083179 0.420095 0.082793
1 0.383247 0.196219 0.375477 0.190972 0.420095 0.082793 0.430729 0.082176
1 0.443316 0.081327 0.393186 0.203549 0.383550 0.196219 0.431380 0.082176
1 0.459115 0.081636 0.404167 0.211343 0.393490 0.204012 0.444792 0.082022
1 0.476432 0.080556 0.417188 0.220293 0.404774 0.211651 0.459896 0.081790
1 0.496441 0.079475 0.432161 0.232022 0.418012 0.221759 0.478125 0.079398 0.496571 0.079167
1 0.520747 0.077623 0.450781 0.245293 0.432726 0.232407 0.497569 0.078858 0.520486 0.077932
1 0.554297 0.081019 0.477040 0.267130 0.454948 0.249846 0.526259 0.080015 0.554427 0.081019
1 0.590408 0.083488 0.506554 0.289043 0.478385 0.268441 0.555599 0.081713 0.590365 0.082948
1 0.634722 0.087269 0.543490 0.317670 0.508247 0.290123 0.592535 0.083719 0.633507 0.087346
1 0.689583 0.096219 0.589887 0.356019 0.544792 0.318981 0.636849 0.088117 0.689236 0.096451
1 0.763715 0.115818 0.654297 0.412269 0.595269 0.359722 0.697830 0.100000
1 0.366233 0.188889 0.325174 0.293133 0.321615 0.284028 0.360590 0.183796 0.366363 0.188812
1 0.373568 0.194290 0.329644 0.305093 0.325347 0.293287 0.366406 0.188580 0.373568 0.194213
1 0.381163 0.200617 0.335113 0.319444 0.329818 0.305478 0.373785 0.194676 0.381120 0.200540
1 0.390712 0.209105 0.341276 0.335571 0.335330 0.319753 0.381424 0.201080
1 0.402040 0.217670 0.348655 0.355015 0.342144 0.337654 0.391319 0.209414
1 0.414757 0.227160 0.356901 0.376312 0.349089 0.355324 0.402648 0.217670 0.415234 0.227238
1 0.429991 0.239506 0.366667 0.399306 0.357205 0.376543 0.416146 0.227083
1 0.448090 0.251543 0.378472 0.430941 0.367274 0.400617 0.430556 0.239043 0.447569 0.252238
1 0.474349 0.274074 0.396528 0.473611 0.383030 0.436343 0.452431 0.255015 0.474349 0.273611
1 0.502040 0.297685 0.415408 0.519985 0.397700 0.475694 0.475738 0.274846 0.502040 0.297222
1 0.538455 0.327546 0.439540 0.576157 0.417405 0.521605 0.504384 0.298920 0.538368 0.327083
1 0.584592 0.365741 0.471181 0.650154 0.441233 0.578704 0.540278 0.327546
1 0.649175 0.424151 0.514844 0.753318 0.474262 0.658951 0.590929 0.371451
1 0.728950 0.500772 0.571311 0.879321 0.517925 0.758796 0.651519 0.427006 0.728385 0.500540
1 0.848481 0.141590 0.815104 0.253935 0.779514 0.362577 0.734505 0.488503 0.656814 0.415201 0.766927 0.116975 0.848003 0.141821
1 0.947439 0.187500 0.939627 0.228241 0.908507 0.356250 0.872179 0.483410 0.836979 0.589738 0.738281 0.491358 0.852561 0.144830 0.947266 0.186574
1 1.000000 0.213889 1.000000 0.564352 0.957465 0.722840 0.840625 0.594753 0.884201 0.459259 0.916363 0.343519 0.933116 0.275926 0.952691 0.187963 1.000000 0.213812
1 0.833073 0.602083 0.777127 0.752701 0.722439 0.881481 0.666450 0.999537 0.627170 1.000000 0.573177 0.884722 0.602040 0.821528 0.666450 0.670062 0.733507 0.501389 0.832465 0.601543
1 0.952865 0.734722 0.938281 0.782793 0.896571 0.892515 0.852908 1.000000 0.669835 1.000000 0.720312 0.897840 0.762934 0.799383 0.808550 0.686728 0.837717 0.608642 0.952083 0.734414