0 0.149141 0.489097 0.198477 0.488472 0.177930 0.569306 0.121641 0.567014 0.148984 0.488819
0 0.201523 0.489097 0.254766 0.487639 0.243281 0.572500 0.181172 0.570139 0.201211 0.488194
0 0.178086 0.570625 0.153047 0.688472 0.088008 0.681319 0.121172 0.568611 0.177617 0.570278
0 0.242422 0.574028 0.229063 0.695972 0.156133 0.689375 0.181055 0.570903
0 0.390234 0.482500 0.404570 0.565972 0.333945 0.570139 0.331055 0.484583
0 0.404570 0.568611 0.427070 0.693958 0.341094 0.697778 0.334336 0.571736 0.404297 0.568403
0 0.394492 0.482500 0.453906 0.480694 0.478945 0.562986 0.408750 0.566806 0.394258 0.482500
0 0.516563 0.478889 0.550938 0.560000 0.483203 0.563819 0.457148 0.480139 0.516680 0.478750
0 0.597930 0.676736 0.518516 0.686111 0.483125 0.564097 0.551211 0.560486 0.597266 0.675556
0 0.479805 0.565139 0.515195 0.686181 0.429922 0.693125 0.408359 0.568889 0.479687 0.565139
0 0.564453 0.482014 0.617930 0.482639 0.663203 0.558889 0.605117 0.561111
0 0.717930 0.556111 0.666367 0.558472 0.620898 0.482778 0.669180 0.483819
0 0.715430 0.484097 0.766523 0.554167 0.721602 0.556389 0.672734 0.483889 0.715547 0.484097
0 0.828242 0.644931 0.781406 0.654306 0.721992 0.557639 0.768359 0.555069 0.827461 0.643472
0 0.719727 0.557847 0.779570 0.655278 0.724492 0.665486 0.667305 0.560208 0.719570 0.557847
0 0.664922 0.560625 0.721992 0.665694 0.658516 0.674861 0.605938 0.563056
1 0.183984 0.570625 0.201523 0.572083 0.198555 0.575694 0.187383 0.575417 0.183203 0.570903
1 0.611953 0.562153 0.663711 0.560694 0.662266 0.560972 0.659844 0.565278 0.656289 0.563889 0.620859 0.564722 0.616836 0.564444 0.611797 0.562431