0 0.237305 0.363333 0.277227 0.357014 0.246836 0.409583 0.204609 0.415069 0.237617 0.363333
0 0.321250 0.350347 0.295703 0.402986 0.249609 0.407847 0.279062 0.356111 0.321914 0.349514
0 0.370586 0.343472 0.349102 0.396111 0.297500 0.402153 0.324023 0.350347 0.370273 0.343750
0 0.246484 0.409306 0.209141 0.479167 0.163672 0.483472 0.204102 0.415903 0.246328 0.409583
0 0.295508 0.403819 0.294687 0.403958 0.295000 0.403264
0 0.294687 0.403958 0.262656 0.474028 0.211406 0.478056 0.248281 0.409306
0 0.321250 0.468542 0.264492 0.474306 0.297187 0.402986 0.348594 0.397222
0 0.461680 0.323611 0.445977 0.383125 0.389023 0.383750 0.411211 0.325625 0.461523 0.323889
0 0.445195 0.384028 0.424805 0.467708 0.360430 0.468542 0.388711 0.384306
0 0.514961 0.323333 0.506758 0.382986 0.448516 0.382292 0.463867 0.323333
0 0.506055 0.383750 0.496211 0.466667 0.427617 0.467083 0.448242 0.383750
0 0.568594 0.323819 0.568594 0.383958 0.509961 0.382986 0.517539 0.323333 0.568477 0.323333
0 0.569141 0.383958 0.568203 0.466875 0.499180 0.466389 0.509570 0.383750
0 0.654727 0.322222 0.666484 0.377361 0.610000 0.370903 0.605273 0.315556 0.654727 0.322014
0 0.666328 0.377986 0.680352 0.458333 0.615391 0.453750 0.609727 0.371111
0 0.704531 0.328194 0.722695 0.385208 0.668750 0.378264 0.656367 0.321250
0 0.722305 0.384931 0.744766 0.466458 0.683594 0.463125 0.668359 0.378750
0 0.722148 0.384306 0.722734 0.385000 0.722305 0.384931
0 0.773242 0.390486 0.801680 0.471042 0.747070 0.465069 0.723906 0.384514 0.772969 0.390278
0 0.773242 0.390486 0.724023 0.384306 0.706641 0.329167 0.751133 0.336806
3 0.169961 0.475764 0.172500 0.469375 0.174023 0.467847 0.175117 0.469097 0.183125 0.459028 0.176016 0.476042 0.175430 0.475556 0.172695 0.478264 0.171133 0.478056 0.169961 0.475833
3 0.187578 0.475972 0.192539 0.464653 0.193594 0.463472 0.194414 0.464097 0.194297 0.467431 0.195547 0.467917 0.195859 0.469375 0.193633 0.477222 0.191094 0.480208 0.189961 0.479653 0.189844 0.476875 0.188750 0.478056 0.187930 0.477431
3 0.194414 0.476528 0.202617 0.459653 0.204375 0.456875 0.205313 0.457500 0.205195 0.461042 0.201875 0.468333 0.198867 0.472917 0.197148 0.477500 0.195820 0.478611 0.194766 0.478056
3 0.204648 0.475556 0.206250 0.472778 0.207852 0.476319 0.205938 0.477639 0.205000 0.477014
1 0.211914 0.449375 0.212734 0.450000 0.212734 0.452986 0.211406 0.453611 0.209648 0.451389 0.209727 0.450139 0.211875 0.449375
1 0.201211 0.474583 0.201758 0.472083 0.203164 0.471111 0.204531 0.472083 0.205117 0.474583 0.204531 0.477014 0.203164 0.478056 0.201758 0.477014
1 0.220156 0.462569 0.219883 0.459167 0.221055 0.457083 0.222227 0.458750 0.222500 0.462569 0.222187 0.464028 0.220508 0.464028
1 0.257656 0.470486 0.259219 0.467639 0.260195 0.468264 0.260508 0.469722 0.259844 0.471806 0.257969 0.471944
1 0.266250 0.427569 0.267500 0.420972 0.269062 0.420208 0.270352 0.421181 0.270781 0.422778 0.270430 0.426667 0.268125 0.429375 0.266602 0.429028
1 0.273828 0.468264 0.274180 0.466736 0.275820 0.465972 0.277070 0.468056 0.276680 0.469583 0.275469 0.470486 0.274180 0.469931 0.273867 0.468333
3 0.369922 0.464236 0.370742 0.464861 0.371563 0.463611 0.371250 0.456111 0.369570 0.462778
1 0.382383 0.438333 0.383555 0.436250 0.384727 0.438333 0.384375 0.439792 0.382695 0.439792
1 0.387227 0.442361 0.388398 0.440278 0.389570 0.442361 0.389219 0.443889 0.387578 0.443889
1 0.398398 0.466597 0.398750 0.465139 0.401484 0.464028 0.402656 0.466111 0.400938 0.468889 0.398750 0.468264 0.398398 0.466736
1 0.411484 0.462986 0.411953 0.460139 0.413047 0.458750 0.414375 0.459722 0.414375 0.463403 0.413047 0.465069 0.411836 0.464444
1 0.413086 0.421528 0.413438 0.420069 0.415742 0.418472 0.417070 0.420556 0.415586 0.423264 0.413438 0.422986
1 0.416016 0.385764 0.418438 0.384722 0.419805 0.385833 0.420586 0.387986 0.420508 0.391042 0.419414 0.392500 0.416719 0.392500 0.415117 0.389653 0.415313 0.387083
3 0.439102 0.355694 0.439922 0.356319 0.440469 0.355417 0.440117 0.346944 0.438750 0.354236
3 0.436758 0.440417 0.438086 0.430833 0.438359 0.429792 0.439297 0.429792 0.439648 0.432083 0.438281 0.442083 0.436914 0.444444 0.435977 0.443611 0.436641 0.440903
3 0.446445 0.415000 0.447930 0.406389 0.449023 0.394236 0.450234 0.392292 0.451406 0.394375 0.449688 0.410625 0.448555 0.416250 0.447617 0.417083 0.446758 0.416458
3 0.495664 0.465278 0.494336 0.466250 0.492188 0.464653 0.492578 0.460486 0.494336 0.459583 0.495156 0.460208 0.495781 0.464167
3 0.489180 0.465278 0.486562 0.463611 0.486133 0.460833 0.487656 0.457292 0.489531 0.459167 0.490078 0.465069
3 0.489141 0.449306 0.489023 0.447292 0.490313 0.445903 0.492148 0.447014 0.491797 0.452083 0.489297 0.451944 0.488945 0.450764
3 0.494883 0.400278 0.497305 0.400278 0.497578 0.409861 0.495273 0.410694 0.493398 0.408681
3 0.442734 0.413681 0.444180 0.403403 0.445273 0.402569 0.446367 0.403403 0.446836 0.406736 0.445937 0.414236 0.445078 0.416111 0.443203 0.415625
3 0.501680 0.366458 0.502148 0.359653 0.503008 0.360000 0.504805 0.357917 0.504687 0.351250 0.507617 0.347014 0.508555 0.347083 0.508242 0.353194 0.507344 0.357778 0.506563 0.357361 0.505078 0.368889 0.503711 0.369931 0.502227 0.368889
1 0.485234 0.340625 0.486602 0.341667 0.488008 0.340625 0.488555 0.338194 0.488008 0.335694 0.486602 0.334722 0.485234 0.335694 0.484648 0.338194
1 0.465508 0.358750 0.466875 0.359792 0.468281 0.358750 0.468828 0.356181 0.468281 0.353750 0.466875 0.352708 0.465508 0.353750 0.464922 0.356319
1 0.451289 0.428889 0.451836 0.426458 0.453242 0.425417 0.454844 0.426458 0.455430 0.428889 0.454844 0.431389 0.453477 0.432361 0.451836 0.431389
1 0.455195 0.409097 0.455742 0.406597 0.457148 0.405625 0.458516 0.406597 0.459102 0.409097 0.458516 0.411528 0.457148 0.412569 0.455742 0.411528
1 0.470000 0.443056 0.470586 0.440625 0.471953 0.439583 0.473320 0.440625 0.473906 0.443056 0.473320 0.445486 0.471953 0.446528 0.470586 0.445486
1 0.474922 0.461667 0.475469 0.459167 0.476875 0.458194 0.478242 0.459167 0.478828 0.461667 0.478242 0.464097 0.476875 0.465139 0.475469 0.464097
1 0.477344 0.448889 0.477891 0.446458 0.479297 0.445417 0.480664 0.446458 0.481250 0.448889 0.480664 0.451319 0.479297 0.452361 0.477891 0.451319
1 0.461797 0.451250 0.462383 0.448750 0.463750 0.447778 0.465156 0.448750 0.465703 0.451250 0.465156 0.453681 0.463750 0.454722 0.462383 0.453681
1 0.467109 0.464306 0.467695 0.461806 0.469062 0.460833 0.470430 0.461806 0.471016 0.464306 0.470430 0.466736 0.469062 0.467778 0.467695 0.466736
1 0.477891 0.384653 0.478477 0.382153 0.479844 0.381181 0.481250 0.382153 0.481797 0.384653 0.481250 0.387083 0.479844 0.388125 0.478477 0.387083
3 0.502031 0.463264 0.502891 0.459792 0.504531 0.458542 0.505469 0.458750 0.506406 0.461042 0.505273 0.465833 0.503984 0.466736 0.502617 0.465694
3 0.510938 0.461806 0.511055 0.458958 0.511758 0.458125 0.514766 0.458819 0.514258 0.464236 0.512891 0.465278 0.511484 0.464236
3 0.529922 0.453333 0.531250 0.449167 0.533828 0.451250 0.533750 0.456389 0.529883 0.455278
3 0.534492 0.460625 0.535117 0.458472 0.536484 0.459444 0.539219 0.458681 0.538047 0.462917 0.536602 0.464097 0.535078 0.463056
3 0.559844 0.462014 0.560430 0.457292 0.561680 0.457569 0.562266 0.459028 0.562266 0.464097 0.561602 0.465347 0.560430 0.464514
3 0.517266 0.407500 0.516055 0.404306 0.516367 0.401042 0.517734 0.398819 0.519727 0.399931 0.519648 0.406458 0.522070 0.406944 0.522617 0.409444 0.522070 0.411875 0.520664 0.412917 0.519297 0.411875 0.518711 0.409306
1 0.520273 0.430208 0.521641 0.431250 0.523008 0.430208 0.523594 0.427778 0.523008 0.425347 0.521641 0.424306 0.520273 0.425347 0.519688 0.427778
1 0.544375 0.464514 0.545781 0.465486 0.547148 0.464514 0.547734 0.462014 0.547148 0.459583 0.545781 0.458542 0.544375 0.459583 0.543828 0.462014
3 0.515313 0.370694 0.516875 0.368125 0.519336 0.370764 0.517266 0.374167 0.515859 0.373125
3 0.522266 0.375069 0.523633 0.369653 0.524687 0.370278 0.525391 0.377083 0.524336 0.378542 0.522852 0.377500
3 0.624609 0.449653 0.624609 0.441042 0.625156 0.438611 0.626563 0.437569 0.627930 0.438611 0.628516 0.441042 0.628516 0.449653 0.627930 0.452083 0.626563 0.453125 0.625156 0.452083
3 0.631602 0.448958 0.630625 0.436806 0.634141 0.435000 0.635508 0.444167 0.634922 0.451458 0.633555 0.452431 0.632148 0.451458
3 0.632734 0.421597 0.633320 0.421458 0.632891 0.422847 0.632734 0.421667
3 0.626523 0.412431 0.627109 0.407847 0.628477 0.406875 0.629805 0.407778 0.630000 0.412986 0.626641 0.413194
3 0.658789 0.450000 0.658203 0.452778 0.655977 0.453333 0.656016 0.444097 0.656992 0.443819 0.658242 0.447569
3 0.678438 0.450903 0.678164 0.452569 0.676406 0.454583 0.675039 0.453542 0.674023 0.449861 0.672383 0.452153 0.671602 0.451597 0.670430 0.454722 0.668867 0.455972 0.667500 0.454931 0.666914 0.452500 0.668555 0.445208 0.668672 0.438958 0.670273 0.438125 0.670937 0.435972 0.671484 0.427014 0.672383 0.436736 0.673438 0.440764 0.675273 0.443125 0.676680 0.442083
1 0.634453 0.420347 0.635000 0.417917 0.636406 0.416875 0.637773 0.417917 0.638359 0.420347 0.637773 0.422778 0.636406 0.423819 0.635000 0.422778
1 0.660469 0.394722 0.661055 0.391458 0.662422 0.390417 0.663828 0.391458 0.664375 0.393889 0.663828 0.397222 0.662422 0.398194 0.661055 0.397222
1 0.660977 0.427847 0.661523 0.425347 0.662930 0.424375 0.664297 0.425347 0.664883 0.427847 0.664297 0.430278 0.662930 0.431319 0.661523 0.430278
1 0.656602 0.438194 0.657188 0.435694 0.658555 0.434722 0.659922 0.435694 0.660508 0.438194 0.659922 0.440625 0.658555 0.441667 0.657188 0.440625
1 0.660469 0.449375 0.661055 0.446944 0.662422 0.445903 0.663828 0.446944 0.664375 0.449375 0.663828 0.451875 0.662422 0.452847 0.661055 0.451875
1 0.619180 0.352917 0.620547 0.353958 0.621914 0.352917 0.622500 0.350486 0.621914 0.347986 0.620547 0.347014 0.619180 0.347986 0.618594 0.350486
1 0.645195 0.351181 0.646602 0.352222 0.647969 0.351181 0.648555 0.348750 0.647969 0.346319 0.646602 0.345278 0.645195 0.346319 0.644648 0.348750
3 0.731719 0.445972 0.731563 0.441667 0.732148 0.439236 0.733516 0.438194 0.735000 0.439931 0.736094 0.439375 0.737500 0.440347 0.738047 0.442847 0.737500 0.449028 0.736094 0.450000 0.732305 0.448472
3 0.687891 0.422847 0.687656 0.424028 0.689180 0.421875 0.690859 0.421250 0.692266 0.422222 0.692812 0.424722 0.692422 0.436111 0.694961 0.449861 0.694961 0.455625 0.694414 0.458056 0.693008 0.459097 0.691641 0.458056 0.689766 0.452917 0.689297 0.442708 0.687578 0.433542 0.687305 0.425625 0.685937 0.426667 0.684727 0.425903 0.683359 0.417500 0.683906 0.415069 0.685312 0.414028 0.686719 0.415139 0.687734 0.421319
3 0.727227 0.409167 0.726641 0.412500 0.725273 0.413472 0.723984 0.412708 0.722969 0.409583 0.720898 0.408819 0.720313 0.406389 0.720859 0.403472 0.718047 0.395139 0.717031 0.389583 0.717617 0.386806 0.718984 0.385764 0.720195 0.386528 0.721992 0.392083 0.724102 0.393264 0.724766 0.395903 0.724062 0.398611 0.726680 0.406806
3 0.705117 0.448264 0.701562 0.443819 0.700430 0.439583 0.701016 0.437083 0.702383 0.436111 0.704063 0.438472 0.704883 0.435417 0.706094 0.434722 0.707461 0.435694 0.708047 0.438194 0.707695 0.444375 0.705781 0.447778
3 0.704805 0.390486 0.703945 0.385000 0.704531 0.382500 0.705898 0.381528 0.708203 0.384583 0.708711 0.390486 0.708125 0.392917 0.706758 0.393958 0.705391 0.392917
3 0.760977 0.457361 0.755742 0.441111 0.756328 0.438681 0.757695 0.437639 0.759023 0.438264 0.759727 0.439931 0.764883 0.455625 0.764297 0.459792 0.762930 0.460833 0.761562 0.459792
3 0.784258 0.465278 0.784961 0.461597 0.785937 0.461111 0.788984 0.463750 0.788281 0.466528 0.786211 0.468750 0.784844 0.467708
1 0.685156 0.452292 0.685703 0.449792 0.687109 0.448819 0.688477 0.449792 0.689063 0.452292 0.688477 0.454722 0.687109 0.455764 0.685703 0.454722
1 0.701719 0.458264 0.700508 0.454931 0.701836 0.451319 0.705156 0.450000 0.706914 0.451875 0.707500 0.455833 0.706914 0.458403 0.703789 0.461736 0.702305 0.460694
1 0.699844 0.418472 0.700859 0.414236 0.699688 0.411042 0.700352 0.408472 0.701797 0.407361 0.705234 0.408472 0.706914 0.406597 0.708437 0.407639 0.708984 0.410347 0.707578 0.414028 0.705820 0.415972 0.703086 0.414514 0.703750 0.417014 0.703164 0.420903 0.701797 0.421944 0.700391 0.420903