0 0.237305 0.363333 0.277227 0.357014 0.246836 0.409583 0.204609 0.415069 0.237617 0.363333
0 0.321250 0.350347 0.295703 0.402986 0.249609 0.407847 0.279062 0.356111 0.321914 0.349514
0 0.370586 0.343472 0.349102 0.396111 0.297500 0.402153 0.324023 0.350347 0.370273 0.343750
0 0.246484 0.409306 0.209141 0.479167 0.163672 0.483472 0.204102 0.415903 0.246328 0.409583
0 0.295508 0.403819 0.294687 0.403958 0.295000 0.403264
0 0.294687 0.403958 0.262656 0.474028 0.211406 0.478056 0.248281 0.409306
0 0.321250 0.468542 0.264492 0.474306 0.297187 0.402986 0.348594 0.397222
0 0.461680 0.323611 0.445977 0.383125 0.389023 0.383750 0.411211 0.325625 0.461523 0.323889
0 0.445195 0.384028 0.424805 0.467708 0.360430 0.468542 0.388711 0.384306
0 0.514961 0.323333 0.506758 0.382986 0.448516 0.382292 0.463867 0.323333
0 0.506055 0.383750 0.496211 0.466667 0.427617 0.467083 0.448242 0.383750
0 0.568594 0.323819 0.568594 0.383958 0.509961 0.382986 0.517539 0.323333 0.568477 0.323333
0 0.569141 0.383958 0.568203 0.466875 0.499180 0.466389 0.509570 0.383750
0 0.654727 0.322222 0.666484 0.377361 0.610000 0.370903 0.605273 0.315556 0.654727 0.322014
0 0.666328 0.377986 0.680352 0.458333 0.615391 0.453750 0.609727 0.371111
0 0.704531 0.328194 0.722695 0.385208 0.668750 0.378264 0.656367 0.321250
0 0.722305 0.384931 0.744766 0.466458 0.683594 0.463125 0.668359 0.378750
0 0.722148 0.384306 0.722734 0.385000 0.722305 0.384931
0 0.773242 0.390486 0.801680 0.471042 0.747070 0.465069 0.723906 0.384514 0.772969 0.390278
0 0.773242 0.390486 0.724023 0.384306 0.706641 0.329167 0.751133 0.336806
3 0.172500 0.469375 0.174023 0.467847 0.175117 0.469097 0.182500 0.460139 0.188047 0.450139 0.189297 0.449097 0.190156 0.449722 0.190078 0.452778 0.184062 0.463264 0.180547 0.467083 0.180391 0.469583 0.178047 0.473889 0.177891 0.477222 0.173164 0.480833 0.171523 0.478681 0.168320 0.478264 0.167891 0.476319 0.168320 0.474306 0.170781 0.473681
3 0.192539 0.464653 0.193594 0.463472 0.194414 0.464097 0.194297 0.467431 0.195547 0.467917 0.195859 0.469375 0.193633 0.477222 0.191094 0.480208 0.189961 0.479653 0.189844 0.476875 0.188750 0.478056 0.185703 0.476458 0.185234 0.474444 0.185586 0.472500 0.189141 0.467708 0.190234 0.466875 0.191289 0.467569
3 0.194414 0.476528 0.202617 0.459653 0.204375 0.456875 0.205313 0.457500 0.205195 0.461042 0.201875 0.468333 0.198867 0.472917 0.197148 0.477500 0.195820 0.478611 0.194766 0.478056
3 0.204648 0.475556 0.210586 0.465208 0.212109 0.463889 0.213164 0.464514 0.213516 0.465972 0.212812 0.467917 0.207695 0.476528 0.205938 0.477639 0.205000 0.477014
1 0.211914 0.449375 0.212734 0.450000 0.212734 0.452986 0.208906 0.454792 0.208047 0.454167 0.207734 0.452708 0.208867 0.450417 0.211875 0.449375
1 0.215469 0.446111 0.217539 0.442222 0.218359 0.442847 0.218711 0.444722 0.217617 0.447639 0.216641 0.448403 0.215469 0.446181
1 0.210078 0.434306 0.210430 0.432014 0.212070 0.432014 0.212070 0.435764 0.210430 0.435764
1 0.226016 0.432292 0.227188 0.430208 0.228359 0.432292 0.228047 0.433750 0.226367 0.433750
1 0.236602 0.422708 0.237500 0.416250 0.238750 0.414653 0.239805 0.415278 0.240156 0.416736 0.238594 0.424167 0.236914 0.424167
1 0.201211 0.474583 0.201758 0.472083 0.203164 0.471111 0.204531 0.472083 0.205117 0.474583 0.204531 0.477014 0.203164 0.478056 0.201758 0.477014
1 0.226523 0.379931 0.227695 0.377847 0.229648 0.378472 0.230000 0.379931 0.228828 0.382014 0.226875 0.381389
1 0.227969 0.387153 0.229492 0.383611 0.230313 0.384236 0.230273 0.387778 0.229141 0.389236 0.228320 0.388611
1 0.239609 0.372153 0.240781 0.370069 0.242617 0.370694 0.242930 0.372153 0.241758 0.374236 0.239961 0.373681
1 0.266680 0.368403 0.267852 0.370486 0.267500 0.372222 0.264727 0.372222 0.264727 0.369236 0.266094 0.368681
3 0.230156 0.472639 0.230898 0.469931 0.237422 0.458611 0.238984 0.454167 0.244141 0.446944 0.246133 0.445347 0.246992 0.445972 0.247305 0.447431 0.246367 0.449514 0.242773 0.454306 0.239492 0.463958 0.238281 0.470486 0.237266 0.472292 0.235898 0.471944 0.235547 0.470486 0.236797 0.465833 0.231328 0.474722 0.230508 0.474097
1 0.220156 0.462569 0.219883 0.459167 0.221055 0.457083 0.222227 0.458750 0.222500 0.462569 0.222187 0.464028 0.220508 0.464028
1 0.257656 0.470486 0.259219 0.467639 0.260195 0.468264 0.260508 0.469722 0.259844 0.471806 0.257969 0.471944
1 0.266250 0.427569 0.267500 0.420972 0.269062 0.420208 0.270352 0.421181 0.270781 0.422778 0.270430 0.426667 0.268125 0.429375 0.266602 0.429028
1 0.286484 0.384444 0.286836 0.382986 0.288203 0.382361 0.289648 0.384931 0.288477 0.387014 0.286836 0.385903
3 0.344570 0.389931 0.344922 0.388472 0.346445 0.387847 0.348984 0.380833 0.354180 0.372500 0.356016 0.372639 0.356367 0.374097 0.355664 0.376042 0.349961 0.385139 0.347773 0.391667 0.344922 0.391389
3 0.348086 0.368611 0.351367 0.361528 0.352344 0.360556 0.353203 0.361181 0.353125 0.364444 0.350469 0.369583 0.349258 0.370694 0.348438 0.370069
3 0.357930 0.365764 0.360273 0.359792 0.361406 0.358403 0.362344 0.359028 0.362695 0.360486 0.360820 0.366597 0.359492 0.368056 0.358359 0.367361
3 0.340273 0.369306 0.341445 0.367222 0.342617 0.369306 0.342266 0.370833 0.340625 0.370833
3 0.324102 0.384444 0.325273 0.382361 0.326445 0.384444 0.326094 0.385903 0.324453 0.385903
3 0.319688 0.371458 0.318516 0.373542 0.317578 0.372986 0.316953 0.369306 0.318125 0.367222 0.319414 0.370139
1 0.273828 0.468264 0.274180 0.466736 0.275820 0.465972 0.277070 0.468056 0.276680 0.469583 0.275469 0.470486 0.274180 0.469931 0.273867 0.468333
1 0.319688 0.422986 0.320078 0.421181 0.321914 0.419722 0.323477 0.420486 0.323945 0.422500 0.323516 0.424375 0.322344 0.425347 0.320156 0.424931
3 0.369570 0.462778 0.371875 0.453611 0.378789 0.433333 0.379766 0.427708 0.381406 0.427708 0.381602 0.432083 0.378984 0.441597 0.374180 0.455000 0.372305 0.462569 0.370742 0.464861 0.369922 0.464236
3 0.402070 0.444097 0.406289 0.431042 0.407773 0.429167 0.408906 0.430000 0.409336 0.432708 0.408828 0.434792 0.404648 0.446250 0.402539 0.446111
1 0.382383 0.438333 0.383555 0.436250 0.384727 0.438333 0.384375 0.439792 0.382695 0.439792
1 0.387227 0.442361 0.388398 0.440278 0.389570 0.442361 0.389219 0.443889 0.387578 0.443889
1 0.398398 0.466597 0.398750 0.465139 0.401484 0.464028 0.402656 0.466111 0.400938 0.468889 0.398750 0.468264 0.398398 0.466736
1 0.411484 0.462986 0.411953 0.460139 0.413047 0.458750 0.414375 0.459722 0.414375 0.463403 0.413047 0.465069 0.411836 0.464444
1 0.408516 0.458194 0.409453 0.455417 0.411172 0.453750 0.411992 0.454306 0.412344 0.456042 0.411602 0.457986 0.409687 0.460278 0.408867 0.459653
1 0.411484 0.447153 0.414258 0.443194 0.415117 0.443750 0.415430 0.445764 0.414570 0.448125 0.412773 0.449236 0.411836 0.448681
1 0.427266 0.443125 0.428555 0.440556 0.429375 0.441181 0.429375 0.444583 0.427617 0.444583
1 0.428594 0.429653 0.430703 0.425208 0.432344 0.425833 0.432695 0.428958 0.432031 0.431042 0.428945 0.431181
1 0.413086 0.421528 0.413438 0.420069 0.415742 0.418472 0.417070 0.420556 0.415586 0.423264 0.413438 0.422986
1 0.405156 0.400694 0.406445 0.398611 0.410000 0.400139 0.410313 0.401667 0.409141 0.403750 0.406094 0.402708
1 0.416016 0.385764 0.418438 0.384722 0.419805 0.385833 0.420586 0.387986 0.420508 0.391042 0.419414 0.392500 0.416719 0.392500 0.415117 0.389653 0.415313 0.387083
1 0.420039 0.454097 0.420508 0.452153 0.421602 0.451319 0.422695 0.452153 0.423164 0.454097 0.422695 0.456042 0.421602 0.456875 0.420508 0.456042
1 0.414102 0.433958 0.414531 0.431944 0.415664 0.431181 0.416758 0.431944 0.417227 0.433958 0.416758 0.435903 0.415664 0.436736 0.414531 0.435903
1 0.420586 0.403194 0.421680 0.404028 0.422148 0.405972 0.421641 0.408056 0.420469 0.408958 0.419375 0.408125 0.418906 0.406181 0.419414 0.404097
1 0.387930 0.415764 0.388359 0.413819 0.389492 0.412986 0.390586 0.413819 0.391055 0.415764 0.390586 0.417708 0.389492 0.418542 0.388359 0.417708
1 0.401055 0.412361 0.401523 0.410417 0.402617 0.409583 0.403711 0.410417 0.404180 0.412361 0.403711 0.414306 0.402617 0.415139 0.401523 0.414306
1 0.444219 0.361736 0.444570 0.360278 0.446016 0.359514 0.447187 0.361597 0.445937 0.363819 0.444570 0.363194
1 0.435039 0.334028 0.435352 0.332500 0.436836 0.331667 0.438125 0.332222 0.438477 0.333750 0.437305 0.335833 0.435352 0.335486
1 0.430156 0.363958 0.430625 0.362014 0.431719 0.361181 0.432852 0.362014 0.433281 0.363958 0.432852 0.365903 0.431719 0.366736 0.430625 0.365903
1 0.415586 0.369722 0.416016 0.367778 0.417148 0.366944 0.418242 0.367778 0.418711 0.369722 0.418242 0.371736 0.417148 0.372500 0.416016 0.371736
1 0.406133 0.346597 0.406602 0.344583 0.407695 0.343681 0.413320 0.341528 0.415156 0.342222 0.415625 0.344167 0.414687 0.346736 0.411719 0.348264 0.407695 0.349375 0.406562 0.348542
3 0.438750 0.354236 0.441758 0.338056 0.443516 0.338056 0.443828 0.339514 0.443047 0.345833 0.441250 0.354167 0.439922 0.356319 0.439102 0.355694
3 0.435664 0.442361 0.437656 0.429792 0.439297 0.429792 0.439648 0.432083 0.438281 0.442083 0.436914 0.444444 0.436016 0.443819
3 0.443086 0.414444 0.444570 0.404792 0.445664 0.403472 0.446484 0.404097 0.446758 0.406944 0.445312 0.415903 0.443398 0.415903
3 0.446445 0.415000 0.449297 0.393819 0.448945 0.391875 0.449414 0.389861 0.451641 0.389236 0.452734 0.390069 0.453203 0.392014 0.452734 0.394028 0.451367 0.394792 0.448555 0.416250 0.447617 0.417083 0.446758 0.416458
3 0.500039 0.398681 0.501406 0.399722 0.501992 0.402569 0.499922 0.419583 0.499102 0.436111 0.496719 0.453264 0.496289 0.463056 0.495664 0.465278 0.494336 0.466250 0.492695 0.464583 0.489180 0.465278 0.486562 0.463611 0.486133 0.460833 0.487930 0.455694 0.486523 0.452361 0.487969 0.446667 0.486562 0.445903 0.486133 0.443958 0.487070 0.427222 0.490547 0.407778 0.491953 0.406250 0.493477 0.408333 0.495586 0.397708 0.496992 0.396597 0.498242 0.397431 0.498906 0.399514
3 0.491797 0.417639 0.491484 0.419583 0.491875 0.417431
3 0.430391 0.466528 0.429180 0.465694 0.428711 0.463750 0.430977 0.457500 0.432227 0.447153 0.433867 0.444792 0.435000 0.445625 0.435430 0.447569 0.433867 0.459583 0.431602 0.465486
3 0.501680 0.366458 0.502031 0.360139 0.506758 0.331389 0.507461 0.329375 0.508711 0.328611 0.510078 0.329583 0.510586 0.331736 0.511797 0.330972 0.513203 0.331944 0.513594 0.336667 0.509062 0.356944 0.507695 0.357986 0.506563 0.357361 0.505078 0.368889 0.503711 0.369931 0.502227 0.368889
1 0.484648 0.338194 0.485234 0.335694 0.486602 0.334722 0.488008 0.335694 0.488555 0.338194 0.488008 0.340625 0.486602 0.341667 0.485234 0.340625
1 0.493633 0.356181 0.494219 0.353750 0.495586 0.352708 0.496953 0.353750 0.498711 0.360208 0.498125 0.362639 0.496758 0.363681 0.495391 0.362639 0.494883 0.359167 0.494219 0.358611
1 0.480938 0.368542 0.481484 0.366042 0.482891 0.365069 0.484258 0.366042 0.484844 0.368542 0.484258 0.370972 0.482891 0.372014 0.481484 0.370972
1 0.469609 0.372847 0.470195 0.370347 0.471562 0.369375 0.472930 0.370347 0.473516 0.372847 0.472930 0.375278 0.471562 0.376319 0.470195 0.375278
1 0.453477 0.367986 0.454023 0.365486 0.455430 0.364514 0.456797 0.365486 0.457383 0.367986 0.456797 0.370417 0.455430 0.371458 0.454023 0.370417
1 0.464922 0.356319 0.465508 0.353750 0.466875 0.352708 0.468281 0.353750 0.468828 0.356181 0.468281 0.358750 0.466875 0.359792 0.465508 0.358750
1 0.480078 0.340764 0.480625 0.338333 0.482031 0.337292 0.483398 0.338333 0.483984 0.340764 0.483398 0.343264 0.482031 0.344236 0.480625 0.343264
1 0.451289 0.428889 0.451836 0.426458 0.453242 0.425417 0.454844 0.426458 0.455430 0.428889 0.454844 0.431389 0.453477 0.432361 0.451836 0.431389
1 0.455195 0.409097 0.455742 0.406597 0.457148 0.405625 0.458516 0.406597 0.459102 0.409097 0.458516 0.411528 0.457148 0.412569 0.455742 0.411528
1 0.470000 0.443056 0.470586 0.440625 0.471953 0.439583 0.473320 0.440625 0.473906 0.443056 0.473320 0.445486 0.471953 0.446528 0.470586 0.445486
1 0.474922 0.461667 0.475469 0.459167 0.476875 0.458194 0.478242 0.459167 0.478828 0.461667 0.478242 0.464097 0.476875 0.465139 0.475469 0.464097
1 0.477344 0.448889 0.477891 0.446458 0.479297 0.445417 0.480664 0.446458 0.481250 0.448889 0.480664 0.451319 0.479297 0.452361 0.477891 0.451319
1 0.461797 0.451250 0.462383 0.448750 0.463750 0.447778 0.465156 0.448750 0.465703 0.451250 0.465156 0.453681 0.463750 0.454722 0.462383 0.453681
1 0.467109 0.464306 0.467695 0.461806 0.469062 0.460833 0.470430 0.461806 0.471016 0.464306 0.470430 0.466736 0.469062 0.467778 0.467695 0.466736
1 0.477891 0.384653 0.478477 0.382153 0.479844 0.381181 0.481250 0.382153 0.481797 0.384653 0.481250 0.387083 0.479844 0.388125 0.478477 0.387083
1 0.461992 0.397847 0.462422 0.395486 0.463555 0.394653 0.464648 0.395486 0.465117 0.397431 0.464648 0.399792 0.463555 0.400625 0.462422 0.399792 0.461992 0.397986
3 0.502031 0.463264 0.502969 0.459514 0.503359 0.436181 0.504844 0.420972 0.505117 0.411250 0.506289 0.404375 0.507734 0.403194 0.509141 0.404236 0.509687 0.406667 0.507266 0.436458 0.506875 0.459861 0.505273 0.465833 0.503984 0.466736 0.502617 0.465694
3 0.510938 0.461806 0.511328 0.452431 0.514141 0.434653 0.514844 0.424167 0.515391 0.421736 0.516797 0.420694 0.518164 0.421736 0.518750 0.424167 0.518047 0.435208 0.514727 0.456806 0.514844 0.461806 0.514258 0.464236 0.512891 0.465278 0.511484 0.464236
3 0.530859 0.453472 0.530273 0.447986 0.532266 0.431597 0.532930 0.428681 0.534297 0.427639 0.535703 0.428681 0.536250 0.432083 0.533945 0.442778 0.533711 0.458958 0.533125 0.461389 0.532031 0.462222 0.530508 0.455417
3 0.534492 0.460625 0.537070 0.451389 0.537734 0.432569 0.538320 0.430139 0.539687 0.429097 0.541094 0.430139 0.541484 0.431806 0.540781 0.435347 0.540703 0.443819 0.538516 0.461181 0.538047 0.462917 0.536602 0.464097 0.535078 0.463056
3 0.559844 0.462014 0.560547 0.456319 0.560508 0.445208 0.561172 0.449167 0.562930 0.453542 0.562930 0.459653 0.562305 0.465208 0.560430 0.464514
3 0.523438 0.409306 0.522891 0.411806 0.521484 0.412778 0.517266 0.407500 0.516055 0.404306 0.517109 0.392708 0.517930 0.389583 0.519453 0.387431 0.521992 0.387917 0.520664 0.394792 0.520234 0.401042 0.520664 0.403889 0.523516 0.407222 0.523398 0.408472
1 0.519688 0.427778 0.520273 0.425347 0.521641 0.424306 0.523008 0.425347 0.523594 0.427778 0.523008 0.430208 0.521641 0.431250 0.520273 0.430208
1 0.547187 0.427778 0.547734 0.425347 0.549141 0.424306 0.550508 0.425347 0.551094 0.427778 0.550508 0.430208 0.549141 0.431250 0.547734 0.430208
1 0.543828 0.462014 0.544375 0.459583 0.545781 0.458542 0.547148 0.459583 0.547734 0.462014 0.547148 0.464514 0.545781 0.465486 0.544375 0.464514
3 0.515313 0.370694 0.516563 0.362153 0.518398 0.360000 0.519766 0.361042 0.520352 0.363681 0.519219 0.371597 0.517266 0.374167 0.515859 0.373125
3 0.522266 0.375069 0.525859 0.360833 0.527578 0.359028 0.528984 0.360000 0.529531 0.363056 0.526211 0.375972 0.524336 0.378542 0.522852 0.377500
3 0.535273 0.332500 0.534687 0.335000 0.533320 0.335972 0.531875 0.334861 0.530820 0.328542 0.531367 0.325903 0.532773 0.324861 0.533984 0.325625 0.535156 0.331389
1 0.541016 0.327153 0.541602 0.324653 0.542969 0.323681 0.544375 0.324653 0.544922 0.327153 0.544375 0.332014 0.542969 0.332986 0.541602 0.332014 0.541211 0.327986
3 0.624609 0.449653 0.624609 0.441042 0.625156 0.438611 0.626563 0.437569 0.627930 0.438611 0.628516 0.441042 0.628516 0.449653 0.627930 0.452083 0.626563 0.453125 0.625156 0.452083
3 0.620547 0.429306 0.619961 0.431736 0.618594 0.432778 0.617344 0.431944 0.614883 0.420347 0.614687 0.411736 0.615273 0.409236 0.616641 0.408264 0.618047 0.409236 0.618789 0.419583 0.620352 0.427708
3 0.631602 0.448958 0.631641 0.445000 0.629258 0.427778 0.630273 0.418681 0.627695 0.407431 0.628477 0.406875 0.629883 0.407847 0.630273 0.409514 0.632305 0.408542 0.631836 0.412708 0.633164 0.436736 0.635156 0.448681 0.634922 0.451458 0.633555 0.452431 0.632148 0.451458
3 0.658789 0.450000 0.658203 0.452778 0.656836 0.453819 0.655703 0.453194 0.654023 0.449167 0.654375 0.445556 0.652656 0.437361 0.651602 0.435347 0.651953 0.432361 0.653320 0.431319 0.654727 0.432361 0.655859 0.440486 0.658242 0.447569
3 0.675586 0.436528 0.678438 0.450903 0.678164 0.452569 0.676406 0.454583 0.675039 0.453542 0.674023 0.449861 0.672383 0.452153 0.671602 0.451597 0.670430 0.454722 0.668867 0.455972 0.667500 0.454931 0.666914 0.452500 0.668555 0.445208 0.668594 0.441944 0.670391 0.438750 0.670937 0.434028 0.675234 0.432847
3 0.640039 0.433472 0.640977 0.426042 0.642070 0.425208 0.643359 0.426042 0.643828 0.427986 0.642695 0.435417 0.641602 0.436250 0.640508 0.435417
1 0.634453 0.420347 0.635000 0.417917 0.636406 0.416875 0.637773 0.417917 0.638359 0.420347 0.637773 0.422778 0.636406 0.423819 0.635000 0.422778
1 0.624258 0.396458 0.624805 0.394028 0.626211 0.392986 0.627578 0.394028 0.628164 0.396458 0.627578 0.398958 0.626211 0.399931 0.624805 0.398958
1 0.632969 0.399097 0.633555 0.396597 0.634922 0.395625 0.636328 0.396597 0.636875 0.399097 0.636328 0.401528 0.634922 0.402569 0.633555 0.401528
1 0.641250 0.381528 0.641797 0.379097 0.643203 0.378056 0.644570 0.379097 0.645156 0.381528 0.644570 0.383958 0.643203 0.385000 0.641797 0.383958
1 0.647852 0.379236 0.648438 0.376736 0.649805 0.375764 0.651211 0.376736 0.651758 0.379236 0.651211 0.381667 0.649805 0.382708 0.648438 0.381667
1 0.653203 0.388403 0.653789 0.385972 0.655156 0.384931 0.656523 0.385972 0.657109 0.388403 0.656523 0.390903 0.655156 0.391875 0.653789 0.390903
1 0.660469 0.394722 0.661055 0.391458 0.662422 0.390417 0.663828 0.391458 0.664375 0.393889 0.663828 0.397222 0.662422 0.398194 0.661055 0.397222
1 0.659023 0.384722 0.659609 0.382222 0.660977 0.381250 0.662344 0.382222 0.662930 0.384722 0.662344 0.387153 0.660977 0.388194 0.659609 0.387153
1 0.663555 0.384097 0.664141 0.381667 0.665508 0.380625 0.666875 0.381667 0.667461 0.384097 0.666875 0.386597 0.665508 0.387569 0.664141 0.386597
1 0.660977 0.427847 0.661523 0.425347 0.662930 0.424375 0.664297 0.425347 0.664883 0.427847 0.664297 0.430278 0.662930 0.431319 0.661523 0.430278
1 0.656602 0.438194 0.657188 0.435694 0.658555 0.434722 0.659922 0.435694 0.660508 0.438194 0.659922 0.440625 0.658555 0.441667 0.657188 0.440625
1 0.660469 0.449375 0.661055 0.446944 0.662422 0.445903 0.663828 0.446944 0.664375 0.449375 0.663828 0.451875 0.662422 0.452847 0.661055 0.451875
1 0.649492 0.415139 0.650039 0.412708 0.651445 0.411667 0.652813 0.412708 0.653398 0.415139 0.652813 0.417639 0.651445 0.418611 0.650039 0.417639
1 0.610820 0.385000 0.611406 0.382500 0.612773 0.381528 0.614180 0.382500 0.614727 0.385000 0.614180 0.387431 0.612773 0.388472 0.611406 0.387431
1 0.656523 0.423403 0.656992 0.421389 0.658086 0.420625 0.659219 0.421389 0.659648 0.423403 0.659219 0.425347 0.658086 0.426181 0.656992 0.425347
1 0.649805 0.393750 0.650273 0.391806 0.651367 0.390972 0.652461 0.391806 0.652930 0.393750 0.652461 0.395694 0.651367 0.396528 0.650273 0.395694
1 0.641680 0.394931 0.642109 0.392917 0.643242 0.392153 0.644336 0.392917 0.644805 0.394931 0.644336 0.396875 0.643242 0.397708 0.642109 0.396875
1 0.618594 0.350486 0.619180 0.347986 0.620547 0.347014 0.621914 0.347986 0.622500 0.350486 0.621914 0.352917 0.620547 0.353958 0.619180 0.352917
1 0.637852 0.360278 0.638398 0.357778 0.639805 0.356806 0.641484 0.357778 0.642070 0.360278 0.641484 0.362708 0.640117 0.363750 0.638398 0.362708
1 0.644648 0.348750 0.645195 0.346319 0.646602 0.345278 0.647969 0.346319 0.648555 0.348750 0.647969 0.351181 0.646602 0.352222 0.645195 0.351181
1 0.659023 0.361250 0.659570 0.358819 0.660977 0.357778 0.662344 0.358819 0.662930 0.361250 0.662344 0.363750 0.660977 0.364722 0.659570 0.363750
3 0.731719 0.445972 0.731563 0.441667 0.732148 0.439236 0.733516 0.438194 0.735000 0.439931 0.736094 0.439375 0.737500 0.440347 0.738047 0.442847 0.737500 0.449028 0.736094 0.450000 0.732305 0.448472
3 0.687891 0.422847 0.687656 0.424028 0.689180 0.421875 0.690859 0.421250 0.692266 0.422222 0.692812 0.424722 0.692422 0.436111 0.694961 0.449861 0.694961 0.455625 0.694414 0.458056 0.693008 0.459097 0.691641 0.458056 0.689766 0.452917 0.689297 0.442708 0.687578 0.433542 0.687305 0.425625 0.685937 0.426667 0.684727 0.425903 0.683359 0.417500 0.683906 0.415069 0.685312 0.414028 0.686719 0.415139 0.687734 0.421319
3 0.727227 0.409167 0.726641 0.412500 0.725273 0.413472 0.723984 0.412708 0.722969 0.409583 0.720898 0.408819 0.720313 0.406389 0.720859 0.403472 0.718047 0.395139 0.717031 0.389583 0.717617 0.386806 0.718984 0.385764 0.720195 0.386528 0.721992 0.392083 0.724102 0.393264 0.724766 0.395903 0.724062 0.398611 0.726680 0.406806
3 0.705117 0.448264 0.701562 0.443819 0.700430 0.439583 0.701016 0.437083 0.702383 0.436111 0.704063 0.438472 0.704883 0.435417 0.706094 0.434722 0.707461 0.435694 0.708047 0.438194 0.707695 0.444375 0.705781 0.447778
3 0.704805 0.390486 0.703945 0.385000 0.704531 0.382500 0.705898 0.381528 0.708203 0.384583 0.708711 0.390486 0.708125 0.392917 0.706758 0.393958 0.705391 0.392917
3 0.760977 0.457361 0.755742 0.441111 0.756328 0.438681 0.757695 0.437639 0.759023 0.438264 0.759727 0.439931 0.764883 0.455625 0.764297 0.459792 0.762930 0.460833 0.761562 0.459792
3 0.784258 0.465278 0.785234 0.460139 0.781484 0.448542 0.780586 0.442847 0.781172 0.439722 0.782539 0.438681 0.783789 0.439514 0.789141 0.459375 0.789141 0.463194 0.788281 0.466528 0.786211 0.468750 0.784844 0.467708
1 0.672539 0.357431 0.673945 0.358403 0.675312 0.357431 0.675898 0.354931 0.675312 0.352500 0.673945 0.351458 0.672539 0.352500 0.671992 0.354931
1 0.713633 0.373194 0.715000 0.374236 0.716406 0.373194 0.716953 0.370764 0.716406 0.368333 0.715000 0.367292 0.713633 0.368333 0.713047 0.370764
1 0.685156 0.452292 0.685703 0.449792 0.687109 0.448819 0.688477 0.449792 0.689063 0.452292 0.688477 0.454722 0.687109 0.455764 0.685703 0.454722
1 0.681250 0.445347 0.681641 0.443611 0.684180 0.442431 0.685156 0.445347 0.684570 0.447778 0.683203 0.448819 0.681797 0.447778
1 0.701719 0.458264 0.700508 0.454931 0.701836 0.451319 0.705156 0.450000 0.706914 0.451875 0.707500 0.455833 0.706914 0.458403 0.703789 0.461736 0.702305 0.460694
1 0.699844 0.418472 0.700859 0.414236 0.699688 0.411042 0.700352 0.408472 0.701797 0.407361 0.705234 0.408472 0.706914 0.406597 0.708437 0.407639 0.708984 0.410347 0.707578 0.414028 0.705820 0.415972 0.703086 0.414514 0.703750 0.417014 0.703164 0.420903 0.701797 0.421944 0.700391 0.420903
1 0.711836 0.431389 0.712383 0.428958 0.713789 0.427917 0.715156 0.428958 0.715742 0.431389 0.715156 0.433889 0.713789 0.434861 0.712383 0.433889
1 0.722070 0.447014 0.722656 0.444514 0.724023 0.443542 0.725391 0.444514 0.725977 0.447222 0.725391 0.449722 0.724023 0.450694 0.722656 0.449722 0.722070 0.447083
1 0.732031 0.435278 0.732617 0.431806 0.733984 0.430833 0.735391 0.431806 0.735938 0.434306 0.735391 0.437708 0.733984 0.438750 0.732617 0.437708
1 0.685547 0.410347 0.686133 0.407847 0.687500 0.406875 0.688867 0.407847 0.689453 0.410347 0.688867 0.412778 0.687500 0.413819 0.686133 0.412778
1 0.732187 0.400694 0.732773 0.398194 0.734141 0.397222 0.735547 0.398194 0.736094 0.400694 0.735547 0.403125 0.734141 0.404167 0.732773 0.403125
1 0.750469 0.461319 0.751055 0.458889 0.752422 0.457847 0.753828 0.458889 0.754375 0.461319 0.753828 0.463819 0.752422 0.464792 0.751055 0.463819
1 0.772969 0.458472 0.773555 0.456042 0.774922 0.455000 0.776289 0.456042 0.776875 0.458472 0.776289 0.460903 0.774922 0.461944 0.773555 0.460903
1 0.762930 0.386875 0.763516 0.384444 0.764883 0.383403 0.766289 0.384444 0.766836 0.386875 0.766289 0.389306 0.764883 0.390347 0.763516 0.389306
3 0.736289 0.350000 0.735820 0.351944 0.734727 0.352778 0.733320 0.351250 0.731367 0.344861 0.731602 0.341458 0.732695 0.340625 0.734102 0.342153 0.735977 0.348403