0 0.247148 0.358056 0.299961 0.368194 0.284023 0.453542 0.223516 0.440694
0 0.302148 0.368819 0.357969 0.379653 0.351172 0.467431 0.287109 0.453750 0.302266 0.369028
0 0.417422 0.392083 0.420312 0.481736 0.354180 0.467431 0.360469 0.380486 0.417422 0.391875
0 0.420781 0.482361 0.424922 0.610972 0.346797 0.594306 0.353945 0.468403 0.420508 0.482361
0 0.351133 0.468889 0.342461 0.592847 0.267500 0.576181 0.286484 0.454583 0.351406 0.468542
0 0.264102 0.575972 0.194648 0.557083 0.222891 0.441944 0.283516 0.454444
0 0.523633 0.415972 0.543359 0.506042 0.478594 0.492153 0.466875 0.403333
0 0.543086 0.505972 0.566992 0.628333 0.492812 0.616042 0.478594 0.492778
0 0.580156 0.429931 0.606953 0.517986 0.546250 0.505694 0.526250 0.417361 0.580156 0.429792
0 0.606875 0.518472 0.640078 0.638264 0.571055 0.629514 0.546016 0.506458 0.606875 0.518681
0 0.665781 0.530139 0.705078 0.646042 0.643867 0.640347 0.610234 0.519097 0.666016 0.530139
0 0.633398 0.442569 0.665352 0.529306 0.609766 0.518472 0.582656 0.430069 0.633398 0.442361
0 0.738047 0.470208 0.777617 0.553958 0.733984 0.543611 0.696797 0.458681
0 0.739766 0.470347 0.777344 0.481667 0.817344 0.562361 0.779141 0.554167
0 0.818047 0.563403 0.862695 0.660556 0.824141 0.657917 0.779570 0.554583 0.817930 0.563403
0 0.777578 0.554375 0.822305 0.657500 0.777656 0.652847 0.734375 0.544306
1 0.329453 0.437639 0.330586 0.433611 0.331172 0.428056 0.332539 0.427014 0.333906 0.428056 0.334492 0.430486 0.334492 0.436111 0.333437 0.439167 0.331680 0.441111 0.330000 0.440069
1 0.490508 0.463542 0.491094 0.461042 0.492461 0.460069 0.493867 0.461042 0.494414 0.463542 0.493867 0.465972 0.492461 0.467014 0.491094 0.465972