0 0.247148 0.358056 0.299961 0.368194 0.284023 0.453542 0.223516 0.440694
0 0.302148 0.368819 0.357969 0.379653 0.351172 0.467431 0.287109 0.453750 0.302266 0.369028
0 0.417422 0.392083 0.420312 0.481736 0.354180 0.467431 0.360469 0.380486 0.417422 0.391875
0 0.420781 0.482361 0.424922 0.610972 0.346797 0.594306 0.353945 0.468403 0.420508 0.482361
0 0.351133 0.468889 0.342461 0.592847 0.267500 0.576181 0.286484 0.454583 0.351406 0.468542
0 0.264102 0.575972 0.194648 0.557083 0.222891 0.441944 0.283516 0.454444
0 0.523633 0.415972 0.543359 0.506042 0.478594 0.492153 0.466875 0.403333
0 0.543086 0.505972 0.566992 0.628333 0.492812 0.616042 0.478594 0.492778
0 0.580156 0.429931 0.606953 0.517986 0.546250 0.505694 0.526250 0.417361 0.580156 0.429792
0 0.606875 0.518472 0.640078 0.638264 0.571055 0.629514 0.546016 0.506458 0.606875 0.518681
0 0.665781 0.530139 0.705078 0.646042 0.643867 0.640347 0.610234 0.519097 0.666016 0.530139
0 0.633398 0.442569 0.665352 0.529306 0.609766 0.518472 0.582656 0.430069 0.633398 0.442361
0 0.738047 0.470208 0.777617 0.553958 0.733984 0.543611 0.696797 0.458681
0 0.739766 0.470347 0.777344 0.481667 0.817344 0.562361 0.779141 0.554167
0 0.818047 0.563403 0.862695 0.660556 0.824141 0.657917 0.779570 0.554583 0.817930 0.563403
0 0.777578 0.554375 0.822305 0.657500 0.777656 0.652847 0.734375 0.544306
1 0.240703 0.560000 0.241250 0.557569 0.242656 0.556528 0.246992 0.559028 0.247578 0.561458 0.246992 0.563958 0.245625 0.564931 0.242773 0.564167 0.241367 0.562639
1 0.224102 0.441319 0.225469 0.442361 0.226055 0.444792 0.225469 0.450069 0.221211 0.463819 0.218828 0.475417 0.216367 0.482847 0.214570 0.485000 0.213164 0.483958 0.212734 0.480278 0.216016 0.470000 0.217461 0.461528 0.221563 0.448819 0.222695 0.442361
1 0.280625 0.557222 0.280078 0.559653 0.278203 0.560694 0.274570 0.556042 0.273164 0.552083 0.273750 0.549653 0.275117 0.548611 0.280195 0.554931
1 0.309336 0.558472 0.309922 0.556042 0.311289 0.555000 0.312695 0.556042 0.313242 0.558472 0.312695 0.560903 0.311289 0.561944 0.309922 0.560903
1 0.244883 0.437222 0.245430 0.434792 0.246836 0.433750 0.248203 0.434792 0.248906 0.441736 0.248320 0.444792 0.246953 0.445833 0.245625 0.444931 0.244883 0.441528 0.244883 0.437361
1 0.247734 0.372292 0.248320 0.369861 0.249688 0.368819 0.251094 0.369861 0.251641 0.372292 0.251094 0.374792 0.249688 0.375764 0.248320 0.374792
1 0.265781 0.395556 0.266328 0.393125 0.268086 0.392083 0.272266 0.395417 0.273711 0.399028 0.273125 0.401528 0.271758 0.402500 0.266172 0.397708
1 0.350625 0.396806 0.351211 0.394375 0.352578 0.393333 0.353945 0.394375 0.354531 0.396806 0.353945 0.399236 0.352578 0.400278 0.351211 0.399236
1 0.353359 0.385208 0.353945 0.382708 0.355313 0.381736 0.356719 0.382708 0.357266 0.385208 0.356719 0.387639 0.355313 0.388681 0.353945 0.387639
1 0.342109 0.384792 0.343438 0.380208 0.344648 0.379444 0.346016 0.380486 0.346602 0.383542 0.345625 0.387153 0.344180 0.388264 0.342695 0.387222
1 0.335352 0.376597 0.336719 0.377639 0.337305 0.380694 0.336289 0.386181 0.335820 0.393958 0.335234 0.396389 0.333867 0.397431 0.332461 0.396389 0.331914 0.393125 0.332500 0.383819 0.334023 0.377569
1 0.330625 0.435417 0.332461 0.424167 0.333867 0.423125 0.335234 0.424167 0.335820 0.427847 0.334336 0.437014 0.332578 0.438889 0.331211 0.437847
1 0.317422 0.437222 0.318008 0.434792 0.319375 0.433750 0.320781 0.434792 0.321328 0.439861 0.320547 0.445417 0.318828 0.446389 0.316445 0.444375 0.312031 0.443125 0.311484 0.440694 0.312031 0.438264 0.313437 0.437222 0.317422 0.437361
1 0.308359 0.427639 0.308945 0.425208 0.310312 0.424167 0.311719 0.425208 0.312266 0.427639 0.311719 0.430069 0.310312 0.431111 0.308945 0.430069
1 0.382266 0.393750 0.382852 0.391250 0.384219 0.390278 0.387578 0.391250 0.388125 0.393750 0.387578 0.396181 0.386172 0.397222 0.382852 0.396181
1 0.494648 0.462778 0.494062 0.465208 0.492695 0.466250 0.490703 0.464028 0.489766 0.455694 0.490313 0.448819 0.491719 0.447847 0.493086 0.448819 0.494258 0.460625
1 0.517031 0.443333 0.517617 0.440903 0.518984 0.439861 0.520352 0.440903 0.520937 0.443333 0.520352 0.445833 0.518984 0.446806 0.517617 0.445833
1 0.543867 0.583125 0.544414 0.580694 0.545820 0.579653 0.547187 0.580694 0.547773 0.583125 0.547187 0.585625 0.545820 0.586597 0.544414 0.585625
1 0.558750 0.624583 0.559297 0.622153 0.560703 0.621111 0.562070 0.622153 0.562656 0.624583 0.562070 0.627014 0.560703 0.628056 0.559297 0.627014
1 0.555703 0.624861 0.555117 0.627361 0.553750 0.628333 0.550391 0.627083 0.546680 0.624236 0.546016 0.619861 0.546680 0.617292 0.549453 0.616111 0.553750 0.619375 0.554844 0.622014
1 0.591055 0.533750 0.591641 0.531319 0.593008 0.530278 0.595547 0.531319 0.596133 0.533750 0.595547 0.536528 0.594180 0.537500 0.591641 0.536181
1 0.575703 0.542014 0.576250 0.539514 0.577656 0.538542 0.579023 0.539514 0.579609 0.542014 0.579023 0.544444 0.577656 0.545486 0.576250 0.544444
1 0.570078 0.543472 0.570625 0.540972 0.572031 0.540000 0.573398 0.540972 0.573984 0.543472 0.573398 0.545903 0.572031 0.546944 0.570625 0.545903
1 0.561797 0.541667 0.562383 0.539236 0.563750 0.538194 0.565117 0.539236 0.565703 0.541667 0.565117 0.544167 0.563750 0.545139 0.562383 0.544167
1 0.573867 0.572292 0.574453 0.569792 0.575820 0.568819 0.577187 0.569722 0.578125 0.574028 0.577539 0.576458 0.576172 0.577500 0.574688 0.576319 0.573867 0.572431
1 0.618672 0.633403 0.619258 0.630972 0.620625 0.629931 0.622031 0.630972 0.622578 0.633403 0.622031 0.635833 0.620625 0.636875 0.619258 0.635833
1 0.549648 0.446042 0.550234 0.443611 0.551602 0.442569 0.552969 0.443611 0.553555 0.446042 0.552969 0.448542 0.551602 0.449514 0.550234 0.448542
1 0.637422 0.575208 0.637969 0.572778 0.640859 0.571736 0.645039 0.572986 0.646172 0.574167 0.646602 0.576389 0.646055 0.578819 0.644648 0.579861 0.637969 0.577639
1 0.646328 0.626389 0.646914 0.623889 0.648281 0.622917 0.649687 0.623889 0.650234 0.626389 0.649687 0.628819 0.648281 0.629861 0.646914 0.628819
1 0.659727 0.584306 0.660391 0.581736 0.661836 0.580556 0.664844 0.580556 0.666211 0.581597 0.666797 0.584028 0.666211 0.586806 0.664844 0.587778 0.661680 0.587778 0.660313 0.586806
1 0.654414 0.523403 0.654961 0.520972 0.656367 0.519931 0.657734 0.520972 0.658320 0.523403 0.657734 0.525833 0.656367 0.526875 0.654961 0.525833
1 0.619531 0.491389 0.620078 0.488889 0.621484 0.487917 0.622852 0.488889 0.623437 0.491389 0.622852 0.493819 0.621484 0.494861 0.620078 0.493819
1 0.704492 0.465208 0.705078 0.462778 0.706445 0.461736 0.708086 0.463194 0.709414 0.466944 0.708828 0.469444 0.707461 0.470417 0.705156 0.467778
1 0.738906 0.514861 0.739453 0.512431 0.740859 0.511389 0.742617 0.513403 0.743633 0.517222 0.743047 0.520000 0.741680 0.520972 0.740195 0.519861 0.738906 0.515000
1 0.728633 0.526667 0.729219 0.524167 0.730586 0.523194 0.731641 0.523681 0.733828 0.529236 0.734219 0.532222 0.733633 0.534653 0.732266 0.535694 0.731133 0.535069 0.729297 0.529236
1 0.752969 0.551806 0.753516 0.549375 0.754922 0.548333 0.757227 0.551250 0.759492 0.564097 0.758945 0.566528 0.757539 0.567569 0.756133 0.566458 0.753711 0.554583
1 0.736992 0.549167 0.737578 0.546736 0.738945 0.545694 0.740313 0.546319 0.741016 0.547917 0.742070 0.547569 0.743359 0.548681 0.745742 0.556319 0.745156 0.558958 0.743789 0.560000 0.740664 0.559097 0.737773 0.551944
1 0.798320 0.645694 0.798906 0.643264 0.800273 0.642222 0.804375 0.645625 0.804961 0.648125 0.804375 0.650556 0.802422 0.651597 0.798594 0.647361
1 0.797773 0.570000 0.798320 0.567569 0.801914 0.566528 0.811523 0.568750 0.819141 0.568194 0.820977 0.569722 0.821367 0.571875 0.820820 0.574306 0.819414 0.575347 0.815508 0.575694 0.807188 0.575000 0.798320 0.572431
1 0.819102 0.613472 0.819688 0.610903 0.821055 0.609861 0.823008 0.611944 0.823555 0.613819 0.825664 0.611736 0.829219 0.615486 0.831602 0.616597 0.836172 0.622083 0.838984 0.621250 0.830781 0.603472 0.830391 0.601250 0.830977 0.598819 0.832344 0.597778 0.833789 0.598889 0.839141 0.611875 0.848672 0.631736 0.850391 0.637014 0.849805 0.641667 0.847852 0.642639 0.835039 0.639236 0.828984 0.638889 0.823750 0.635694 0.821797 0.632639 0.818555 0.633958 0.816836 0.633542 0.814922 0.630278 0.814648 0.624722 0.815547 0.622014 0.818398 0.621181 0.818867 0.617917 0.820078 0.616528
1 0.776992 0.496736 0.780625 0.498472 0.781172 0.500833 0.780586 0.503333 0.779023 0.504306 0.775547 0.502778 0.774961 0.500347 0.775586 0.497847