0 0.178945 0.616806 0.191211 0.705278 0.139375 0.744931 0.133867 0.653542 0.178672 0.617569
0 0.191758 0.706250 0.214492 0.832014 0.151914 0.875347 0.139375 0.746181 0.191758 0.705764
0 0.250586 0.660694 0.283984 0.781181 0.217148 0.829722 0.194375 0.703681 0.250586 0.661319
0 0.228789 0.578750 0.250039 0.659792 0.194492 0.702708 0.181289 0.615486 0.228945 0.578472
0 0.281328 0.537431 0.312383 0.612431 0.253008 0.657014 0.230938 0.575208
0 0.358438 0.725347 0.287773 0.779444 0.253672 0.657500 0.312383 0.612639 0.358398 0.725347
0 0.428320 0.524861 0.494531 0.615625 0.424922 0.673194 0.367266 0.572153 0.428437 0.524583
0 0.379609 0.462361 0.427148 0.524097 0.367891 0.569653 0.328633 0.499861
0 0.432773 0.423056 0.488047 0.477917 0.430039 0.521806 0.382070 0.460764 0.433047 0.422847
0 0.489453 0.479028 0.562500 0.557083 0.498086 0.612917 0.431406 0.523264
0 0.545898 0.435486 0.623398 0.503264 0.564961 0.554722 0.492070 0.476944 0.545898 0.435694
0 0.484609 0.386667 0.545469 0.435069 0.491133 0.476736 0.435664 0.421597 0.484805 0.386875
0 0.659570 0.356319 0.615820 0.387708 0.552578 0.341181 0.594141 0.314028
0 0.737891 0.414375 0.695078 0.450556 0.617109 0.387500 0.660508 0.356667
0 0.777500 0.381181 0.739844 0.413264 0.662695 0.355278 0.701367 0.328125 0.777266 0.381181
0 0.634766 0.289514 0.700000 0.328125 0.661992 0.355069 0.596680 0.312778 0.635000 0.289306
1 0.147148 0.826458 0.146719 0.818681 0.147266 0.816250 0.148672 0.815208 0.149844 0.815972 0.150938 0.819931 0.151055 0.826458 0.150508 0.828889 0.149102 0.829931 0.147734 0.828889
1 0.165898 0.848056 0.166445 0.845625 0.167852 0.844583 0.169219 0.845625 0.169805 0.848056 0.169219 0.850556 0.167852 0.851528 0.166445 0.850556
1 0.187812 0.825208 0.187227 0.827708 0.185859 0.828681 0.184414 0.827569 0.183672 0.823611 0.184258 0.821111 0.185625 0.820139 0.186914 0.820972 0.187695 0.823958
1 0.191250 0.803611 0.191836 0.801111 0.193203 0.800139 0.194570 0.801111 0.195156 0.803611 0.194570 0.806042 0.193203 0.807083 0.191836 0.806042
1 0.198164 0.809722 0.199531 0.810694 0.200117 0.813194 0.199531 0.815625 0.197578 0.816667 0.196172 0.815625 0.195625 0.813194 0.196172 0.810694 0.198047 0.809722
1 0.194375 0.787292 0.194922 0.784792 0.196328 0.783819 0.197695 0.784792 0.198281 0.787292 0.197695 0.789722 0.196328 0.790764 0.194922 0.789722
1 0.157148 0.854444 0.157734 0.851944 0.159102 0.850972 0.160469 0.851944 0.161055 0.854444 0.160469 0.856875 0.159102 0.857917 0.157734 0.856875
1 0.385195 0.492292 0.386563 0.493264 0.387617 0.499306 0.387070 0.502639 0.385664 0.503611 0.384336 0.502639 0.383047 0.496944 0.383633 0.493264 0.385117 0.492292
1 0.347500 0.511944 0.348086 0.509444 0.349453 0.508472 0.350859 0.509444 0.351406 0.512778 0.350859 0.515278 0.349453 0.516250 0.348086 0.515278 0.347500 0.512083
1 0.431406 0.441250 0.432773 0.442292 0.433359 0.444722 0.432773 0.447222 0.431406 0.448194 0.428516 0.447222 0.427969 0.444722 0.428516 0.442292 0.431328 0.441250
1 0.605547 0.507708 0.606914 0.508750 0.607500 0.511181 0.606914 0.513611 0.605547 0.514653 0.601719 0.512847 0.600117 0.510833 0.599609 0.508542 0.600195 0.506111 0.601562 0.505069 0.605469 0.507708
1 0.588711 0.485903 0.589297 0.483472 0.590664 0.482431 0.591914 0.483403 0.594609 0.481944 0.596562 0.482986 0.597773 0.486181 0.597500 0.487986 0.595430 0.490417 0.592109 0.487917 0.590664 0.489375 0.589297 0.488333
1 0.612500 0.492986 0.615547 0.496736 0.620430 0.500000 0.621055 0.502569 0.620547 0.504931 0.618555 0.506319 0.616094 0.506319 0.613906 0.504583 0.610703 0.504583 0.608789 0.503056 0.608359 0.497222 0.609219 0.493819 0.612305 0.492986
1 0.190000 0.671944 0.190547 0.669514 0.191953 0.668472 0.193320 0.669514 0.193906 0.671944 0.193320 0.674444 0.191953 0.675417 0.190547 0.674444
1 0.193984 0.681528 0.194531 0.678819 0.197031 0.677778 0.198750 0.679167 0.199414 0.681806 0.198945 0.683958 0.197852 0.685139 0.196211 0.685486 0.194687 0.684236
1 0.490469 0.597986 0.491016 0.595486 0.494219 0.593750 0.495977 0.594792 0.496563 0.597222 0.496094 0.599514 0.494297 0.601042 0.492422 0.601458 0.491016 0.600417
1 0.498984 0.598333 0.499570 0.595833 0.501328 0.594861 0.506289 0.595903 0.507695 0.596944 0.508242 0.599375 0.507695 0.601806 0.506289 0.602847 0.499570 0.600764
1 0.492461 0.408403 0.493008 0.405972 0.494414 0.404931 0.500938 0.405972 0.504063 0.407778 0.515625 0.410833 0.521523 0.415000 0.522070 0.417361 0.521523 0.419861 0.519648 0.420833 0.514531 0.417569 0.493008 0.410833
1 0.534375 0.431042 0.534922 0.428611 0.536562 0.427569 0.543281 0.431111 0.544453 0.434514 0.543906 0.436944 0.539180 0.439236 0.537813 0.438194 0.537227 0.435208 0.534727 0.433056
1 0.595859 0.314583 0.660156 0.356181 0.653203 0.360069 0.643828 0.358542 0.638984 0.355139 0.636367 0.350694 0.631484 0.348194 0.626953 0.348333 0.625117 0.345903 0.622539 0.345208 0.621523 0.341944 0.618477 0.338958 0.617148 0.336111 0.610352 0.337639 0.609883 0.336250 0.609961 0.325208 0.608047 0.322500 0.602148 0.320347 0.599844 0.324375 0.597695 0.324097 0.593359 0.321042 0.592734 0.316111 0.594414 0.315556
1 0.656758 0.360694 0.662070 0.357222 0.682109 0.370972 0.679336 0.370903 0.674219 0.368542 0.671953 0.369931 0.668125 0.368819 0.663789 0.364722 0.661523 0.364722 0.658242 0.362639
1 0.616328 0.323542 0.619648 0.322222 0.624141 0.323056 0.627656 0.326319 0.635625 0.330208 0.636914 0.332083 0.638672 0.337917 0.616211 0.323611
1 0.616641 0.316042 0.617227 0.313611 0.620078 0.312500 0.622344 0.313542 0.622891 0.315972 0.622344 0.318472 0.620937 0.319444 0.617227 0.318542
1 0.700195 0.327986 0.699453 0.328264 0.700195 0.327917
1 0.686289 0.336250 0.684570 0.334931 0.682969 0.336111 0.682930 0.334028 0.686680 0.332986 0.687969 0.330417 0.690977 0.331458 0.699453 0.328264
1 0.755039 0.365347 0.749375 0.369861 0.747773 0.369792 0.746133 0.368056 0.746445 0.365486 0.752734 0.364097
1 0.776992 0.381181 0.771602 0.381528 0.770234 0.380694 0.769727 0.378611 0.771992 0.378264 0.775039 0.379861