0 0.178945 0.616806 0.191211 0.705278 0.139375 0.744931 0.133867 0.653542 0.178672 0.617569
0 0.191758 0.706250 0.214492 0.832014 0.151914 0.875347 0.139375 0.746181 0.191758 0.705764
0 0.250586 0.660694 0.283984 0.781181 0.217148 0.829722 0.194375 0.703681 0.250586 0.661319
0 0.228789 0.578750 0.250039 0.659792 0.194492 0.702708 0.181289 0.615486 0.228945 0.578472
0 0.281328 0.537431 0.312383 0.612431 0.253008 0.657014 0.230938 0.575208
0 0.358438 0.725347 0.287773 0.779444 0.253672 0.657500 0.312383 0.612639 0.358398 0.725347
0 0.428320 0.524861 0.494531 0.615625 0.424922 0.673194 0.367266 0.572153 0.428437 0.524583
0 0.379609 0.462361 0.427148 0.524097 0.367891 0.569653 0.328633 0.499861
0 0.432773 0.423056 0.488047 0.477917 0.430039 0.521806 0.382070 0.460764 0.433047 0.422847
0 0.489453 0.479028 0.562500 0.557083 0.498086 0.612917 0.431406 0.523264
0 0.545898 0.435486 0.623398 0.503264 0.564961 0.554722 0.492070 0.476944 0.545898 0.435694
0 0.484609 0.386667 0.545469 0.435069 0.491133 0.476736 0.435664 0.421597 0.484805 0.386875
0 0.659570 0.356319 0.615820 0.387708 0.552578 0.341181 0.594141 0.314028
0 0.737891 0.414375 0.695078 0.450556 0.617109 0.387500 0.660508 0.356667
0 0.777500 0.381181 0.739844 0.413264 0.662695 0.355278 0.701367 0.328125 0.777266 0.381181
0 0.634766 0.289514 0.700000 0.328125 0.661992 0.355069 0.596680 0.312778 0.635000 0.289306
1 0.147148 0.826458 0.146719 0.818681 0.147266 0.816250 0.148672 0.815208 0.149844 0.815972 0.150938 0.819931 0.151055 0.826458 0.150508 0.828889 0.149102 0.829931 0.147734 0.828889
1 0.165898 0.848056 0.166445 0.845625 0.167852 0.844583 0.169219 0.845625 0.169805 0.848056 0.169219 0.850556 0.167852 0.851528 0.166445 0.850556
1 0.187812 0.825208 0.187227 0.827708 0.185859 0.828681 0.184414 0.827569 0.183672 0.823611 0.184258 0.821111 0.185625 0.820139 0.186914 0.820972 0.187695 0.823958
1 0.191250 0.803611 0.191836 0.801111 0.193203 0.800139 0.194570 0.801111 0.195156 0.803611 0.194570 0.806042 0.193203 0.807083 0.191836 0.806042
1 0.198164 0.809722 0.199531 0.810694 0.200117 0.813194 0.199531 0.815625 0.197578 0.816667 0.196172 0.815625 0.195625 0.813194 0.196172 0.810694 0.198047 0.809722
1 0.194375 0.787292 0.194922 0.784792 0.196328 0.783819 0.197695 0.784792 0.198281 0.787292 0.197695 0.789722 0.196328 0.790764 0.194922 0.789722
1 0.157148 0.854444 0.157734 0.851944 0.159102 0.850972 0.160469 0.851944 0.161055 0.854444 0.160469 0.856875 0.159102 0.857917 0.157734 0.856875
1 0.385195 0.492292 0.386563 0.493264 0.387617 0.499306 0.387070 0.502639 0.385664 0.503611 0.384336 0.502639 0.383047 0.496944 0.383633 0.493264 0.385117 0.492292
1 0.347500 0.511944 0.348086 0.509444 0.349453 0.508472 0.350859 0.509444 0.351406 0.512778 0.350859 0.515278 0.349453 0.516250 0.348086 0.515278 0.347500 0.512083
1 0.431406 0.441250 0.432773 0.442292 0.433359 0.444722 0.432773 0.447222 0.431406 0.448194 0.428516 0.447222 0.427969 0.444722 0.428516 0.442292 0.431328 0.441250
1 0.605547 0.507708 0.606914 0.508750 0.607500 0.511181 0.606914 0.513611 0.605547 0.514653 0.601719 0.512847 0.600117 0.510833 0.599609 0.508542 0.600195 0.506111 0.601562 0.505069 0.605469 0.507708
1 0.588711 0.485903 0.589297 0.483472 0.590664 0.482431 0.592031 0.483472 0.592617 0.485903 0.592031 0.488333 0.590664 0.489375 0.589297 0.488333