0 0.244705 0.353009 0.228168 0.367438 0.180078 0.375077 0.197092 0.362114 0.244227 0.353009
0 0.226823 0.368056 0.207335 0.383873 0.158420 0.391821 0.178733 0.376543
0 0.206467 0.384259 0.186024 0.402701 0.134766 0.410031 0.157769 0.392438
0 0.302908 0.343287 0.287717 0.358642 0.229514 0.367438 0.246050 0.353318 0.303255 0.343056
0 0.284722 0.359336 0.267057 0.375617 0.208681 0.384182 0.228038 0.367747
0 0.266233 0.377701 0.246701 0.396528 0.186675 0.403318 0.207335 0.384491 0.266536 0.377392
0 0.245226 0.397145 0.222569 0.417978 0.162891 0.423534 0.184852 0.404167
0 0.304210 0.343287 0.367535 0.335340 0.353819 0.350000 0.289974 0.357407 0.304340 0.343287
0 0.338108 0.367670 0.270616 0.374691 0.286675 0.360031 0.353299 0.350617
0 0.268316 0.376466 0.337934 0.368827 0.320052 0.387963 0.248785 0.395910 0.268316 0.376157
0 0.318576 0.388812 0.299566 0.411188 0.225347 0.417052 0.247135 0.396451 0.318403 0.388503
0 0.418663 0.328858 0.412413 0.336806 0.412066 0.341821 0.422830 0.340895 0.422005 0.342670 0.356380 0.350000 0.369097 0.334414
0 0.429948 0.341821 0.417882 0.360340 0.340148 0.367978 0.355556 0.350309 0.429427 0.342361
0 0.416884 0.361806 0.416189 0.361806 0.416536 0.361188
0 0.416189 0.361806 0.406467 0.380324 0.321484 0.387963 0.338845 0.368210
0 0.524262 0.296296 0.440408 0.303086 0.448698 0.292515 0.528212 0.284568
0 0.523394 0.297531 0.518446 0.311651 0.428516 0.318981 0.439931 0.303704 0.523741 0.297222
0 0.518012 0.311651 0.512153 0.329861 0.414106 0.336883 0.427040 0.320448
0 0.611892 0.279244 0.612891 0.291590 0.526736 0.296065 0.530382 0.285725 0.611892 0.279552
0 0.614714 0.306327 0.521311 0.310417 0.526432 0.296914 0.613542 0.293673
0 0.615365 0.307485 0.617188 0.323688 0.515321 0.327160 0.520486 0.311343 0.615191 0.307176
0 0.617839 0.325154 0.619835 0.342515 0.509071 0.347145 0.515191 0.328935 0.617708 0.324846
0 0.692491 0.280170 0.699783 0.291898 0.615451 0.291358 0.614149 0.280478 0.693012 0.279861
0 0.700434 0.292824 0.708854 0.307176 0.617752 0.306327 0.615972 0.293364
0 0.709722 0.308951 0.719444 0.324537 0.619748 0.323997 0.617622 0.307793 0.709375 0.308642
0 0.719618 0.325694 0.730382 0.344522 0.622569 0.342207 0.620269 0.323997 0.719444 0.326312
0 0.768967 0.283719 0.781033 0.297222 0.702344 0.293673 0.694922 0.281019 0.769314 0.283719
0 0.781554 0.298071 0.794922 0.312191 0.711589 0.308642 0.703516 0.294599 0.781380 0.297762
0 0.795095 0.312191 0.810634 0.328935 0.721528 0.324537 0.712587 0.309259 0.795443 0.312191
1 0.169358 0.400463 0.177040 0.392361 0.178429 0.393596 0.173264 0.400000 0.170226 0.402006
1 0.152431 0.400463 0.156597 0.396991 0.157595 0.398534 0.155990 0.401312 0.153299 0.402006
1 0.164844 0.402932 0.166927 0.401157 0.168229 0.402701 0.167361 0.404244 0.165712 0.404475
1 0.215799 0.411497 0.219748 0.405633 0.220833 0.405324 0.221701 0.406867 0.219661 0.413272 0.216667 0.413040
1 0.244748 0.393596 0.249479 0.386265 0.250174 0.385725 0.251042 0.387269 0.248003 0.392901 0.245616 0.395139
3 0.380165 0.381096 0.384635 0.371528 0.391970 0.363657 0.392882 0.364352 0.393273 0.366281 0.392361 0.368519 0.389280 0.370988 0.382465 0.382562 0.380556 0.382793
3 0.379167 0.340586 0.379557 0.338889 0.385026 0.333642 0.385938 0.334336 0.386328 0.336343 0.384418 0.340664 0.381858 0.342901 0.379557 0.342207