0 0.738438 0.773819 0.732656 0.812500 0.704570 0.775764 0.712148 0.740972 0.738711 0.773819
0 0.732070 0.814444 0.725781 0.861250 0.694375 0.819167 0.704023 0.778472
0 0.673633 0.738819 0.702578 0.775764 0.692383 0.817917 0.659844 0.774583 0.673477 0.738819
0 0.684648 0.707222 0.711094 0.740000 0.702578 0.774583 0.674023 0.737569 0.684492 0.707222
0 0.671914 0.734514 0.642188 0.697569 0.655859 0.672222 0.683281 0.705694
0 0.671484 0.736528 0.657461 0.771875 0.624062 0.728958 0.641484 0.698194 0.671367 0.736319
0 0.654180 0.670694 0.639961 0.694514 0.610039 0.657500 0.626719 0.636875 0.654492 0.670972
0 0.609297 0.657847 0.640430 0.695556 0.621797 0.727014 0.587031 0.682708 0.608945 0.658194
0 0.625234 0.635556 0.608242 0.655139 0.577734 0.617222 0.597344 0.600486 0.625469 0.635556
0 0.607109 0.656806 0.585195 0.680278 0.551094 0.637639 0.576562 0.618194 0.607227 0.656389
0 0.596445 0.600278 0.575898 0.616181 0.544766 0.577986 0.568203 0.565764 0.596094 0.600069
0 0.574727 0.615972 0.549453 0.635347 0.514922 0.592083 0.544180 0.577986 0.574961 0.616181
0 0.567031 0.564931 0.543516 0.576806 0.513320 0.539028 0.539844 0.531250 0.567031 0.564514
0 0.542812 0.577014 0.513984 0.590833 0.479883 0.547986 0.512617 0.539444 0.542695 0.576806
0 0.512031 0.497778 0.538906 0.530417 0.512617 0.538194 0.483320 0.501458 0.512148 0.497986
0 0.510898 0.538403 0.479414 0.547986 0.445781 0.505556 0.481602 0.501875 0.511016 0.538194
0 0.510664 0.496319 0.481953 0.500417 0.452695 0.465556 0.483555 0.463889 0.510547 0.495972
0 0.480352 0.501250 0.445898 0.505347 0.415234 0.467778 0.451758 0.466319 0.480586 0.501042
0 0.458203 0.433472 0.483437 0.464097 0.452227 0.465347 0.425703 0.432847 0.458320 0.433889
0 0.424531 0.432083 0.450820 0.464931 0.413984 0.465764 0.385742 0.430833