0 0.738438 0.773819 0.732656 0.812500 0.704570 0.775764 0.712148 0.740972 0.738711 0.773819
0 0.732070 0.814444 0.725781 0.861250 0.694375 0.819167 0.704023 0.778472
0 0.673633 0.738819 0.702578 0.775764 0.692383 0.817917 0.659844 0.774583 0.673477 0.738819
0 0.684648 0.707222 0.711094 0.740000 0.702578 0.774583 0.674023 0.737569 0.684492 0.707222
0 0.671914 0.734514 0.642188 0.697569 0.655859 0.672222 0.683281 0.705694
0 0.671484 0.736528 0.657461 0.771875 0.624062 0.728958 0.641484 0.698194 0.671367 0.736319
0 0.654180 0.670694 0.639961 0.694514 0.610039 0.657500 0.626719 0.636875 0.654492 0.670972
0 0.609297 0.657847 0.640430 0.695556 0.621797 0.727014 0.587031 0.682708 0.608945 0.658194
0 0.625234 0.635556 0.608242 0.655139 0.577734 0.617222 0.597344 0.600486 0.625469 0.635556
0 0.607109 0.656806 0.585195 0.680278 0.551094 0.637639 0.576562 0.618194 0.607227 0.656389
0 0.596445 0.600278 0.575898 0.616181 0.544766 0.577986 0.568203 0.565764 0.596094 0.600069
0 0.574727 0.615972 0.549453 0.635347 0.514922 0.592083 0.544180 0.577986 0.574961 0.616181
0 0.567031 0.564931 0.543516 0.576806 0.513320 0.539028 0.539844 0.531250 0.567031 0.564514
0 0.542812 0.577014 0.513984 0.590833 0.479883 0.547986 0.512617 0.539444 0.542695 0.576806
0 0.512031 0.497778 0.538906 0.530417 0.512617 0.538194 0.483320 0.501458 0.512148 0.497986
0 0.510898 0.538403 0.479414 0.547986 0.445781 0.505556 0.481602 0.501875 0.511016 0.538194
0 0.510664 0.496319 0.481953 0.500417 0.452695 0.465556 0.483555 0.463889 0.510547 0.495972
0 0.480352 0.501250 0.445898 0.505347 0.415234 0.467778 0.451758 0.466319 0.480586 0.501042
0 0.458203 0.433472 0.483437 0.464097 0.452227 0.465347 0.425703 0.432847 0.458320 0.433889
0 0.424531 0.432083 0.450820 0.464931 0.413984 0.465764 0.385742 0.430833
1 0.714883 0.820625 0.715352 0.816944 0.717148 0.816944 0.717227 0.821319 0.716055 0.822708 0.715234 0.822083
1 0.710820 0.831389 0.712187 0.830000 0.713359 0.830764 0.713789 0.832361 0.713359 0.835208 0.711094 0.836389 0.710117 0.835764 0.709766 0.834306 0.710391 0.832500
1 0.642695 0.711528 0.643281 0.708611 0.644961 0.708611 0.645000 0.712222 0.643867 0.713611 0.643047 0.712986
1 0.642383 0.731319 0.644414 0.726944 0.645977 0.727222 0.646328 0.728681 0.645625 0.730556 0.643555 0.733403 0.642695 0.732778
1 0.646406 0.727847 0.647148 0.725903 0.649414 0.723750 0.650586 0.724306 0.650781 0.726736 0.650000 0.728056 0.647578 0.729931 0.646719 0.729306
1 0.650742 0.733750 0.651914 0.731667 0.653086 0.733750 0.652734 0.735208 0.651094 0.735208
1 0.653398 0.731319 0.655078 0.727778 0.656523 0.728194 0.656875 0.729653 0.655586 0.732639 0.653750 0.732778
1 0.658672 0.705417 0.660820 0.700972 0.662266 0.701250 0.662617 0.702708 0.661953 0.704792 0.660391 0.707222 0.659023 0.706875
1 0.659687 0.718264 0.660859 0.716181 0.662031 0.717569 0.661797 0.719931 0.660078 0.719861
1 0.613359 0.674375 0.614531 0.672292 0.615625 0.672917 0.615977 0.674375 0.614805 0.676458 0.613711 0.675833
1 0.618477 0.682986 0.620078 0.680278 0.621719 0.680486 0.622031 0.681944 0.621250 0.683958 0.620039 0.685069 0.618789 0.684444
1 0.624805 0.683472 0.625156 0.681944 0.626797 0.681944 0.626797 0.686389 0.625156 0.686389 0.624805 0.683542
1 0.624375 0.711597 0.626133 0.708194 0.627617 0.708403 0.627969 0.709931 0.627305 0.711806 0.625547 0.713681 0.624727 0.713056
1 0.624023 0.668264 0.625586 0.665069 0.626563 0.664097 0.627422 0.664722 0.627734 0.666181 0.626875 0.668542 0.625195 0.670347 0.624375 0.669722
1 0.639531 0.678472 0.643594 0.668889 0.646211 0.666389 0.647031 0.666944 0.647383 0.668819 0.646758 0.670833 0.644453 0.673056 0.641719 0.679792 0.639883 0.679931
1 0.572461 0.630764 0.574180 0.622361 0.575586 0.620486 0.576758 0.621111 0.577109 0.622569 0.574727 0.631458 0.573633 0.632847 0.572813 0.632222
1 0.571680 0.653611 0.573281 0.649931 0.574219 0.649097 0.575039 0.649722 0.575195 0.656597 0.573516 0.658125 0.572695 0.657500 0.572383 0.655556
1 0.594062 0.657708 0.594922 0.653264 0.596758 0.653125 0.597070 0.654653 0.596367 0.658056 0.595234 0.659792 0.594414 0.659167
1 0.589219 0.658125 0.591016 0.654931 0.592617 0.655208 0.592539 0.658264 0.590391 0.660208 0.589570 0.659583
1 0.598984 0.658125 0.600156 0.656042 0.601328 0.658125 0.600977 0.659583 0.599336 0.659583
1 0.589102 0.618125 0.590273 0.616042 0.591289 0.616667 0.591602 0.618125 0.591367 0.621319 0.590547 0.621875 0.589727 0.621319 0.589375 0.619514
1 0.594258 0.625069 0.594609 0.623611 0.596250 0.623611 0.596250 0.629097 0.594609 0.629097 0.594258 0.625278
1 0.572070 0.584444 0.573242 0.582361 0.574727 0.583056 0.575664 0.585278 0.574492 0.587361 0.572930 0.586458
1 0.572656 0.606875 0.573398 0.607361 0.574570 0.605347 0.575391 0.605972 0.575742 0.608958 0.574844 0.611597 0.573711 0.612431 0.571562 0.610069 0.571758 0.607500 0.572617 0.606875
1 0.579258 0.607917 0.580039 0.605347 0.581719 0.605278 0.581719 0.608542 0.580430 0.610000 0.579570 0.609375
1 0.582773 0.606736 0.583750 0.604722 0.586445 0.602639 0.588047 0.603056 0.588398 0.604514 0.585898 0.607847 0.584141 0.608819 0.583125 0.608194
1 0.581523 0.597014 0.581875 0.592847 0.583555 0.592847 0.583555 0.598542 0.581875 0.598542
1 0.589883 0.598750 0.591055 0.596667 0.592148 0.597986 0.592500 0.600764 0.591758 0.602917 0.590859 0.603750 0.589844 0.603125 0.589883 0.598819
1 0.491445 0.546944 0.492617 0.549028 0.490742 0.552917 0.489922 0.552361 0.489570 0.549861 0.490937 0.547153
1 0.510117 0.580486 0.511289 0.578403 0.512148 0.578958 0.513906 0.583819 0.513750 0.587222 0.512695 0.587847 0.508633 0.585000 0.508633 0.582083 0.510117 0.581458 0.510117 0.580556
1 0.523242 0.565833 0.521953 0.563542 0.524180 0.559167 0.525352 0.561250 0.524375 0.564375
1 0.522656 0.544931 0.523047 0.543403 0.525156 0.541250 0.527422 0.541250 0.527422 0.544167 0.523828 0.547014 0.523008 0.546389
1 0.551016 0.557778 0.551367 0.556319 0.553438 0.555694 0.554258 0.556319 0.554609 0.559444 0.553867 0.561389 0.551836 0.562153 0.550664 0.560069 0.551055 0.558333
1 0.525078 0.531667 0.526250 0.529583 0.528203 0.530208 0.528555 0.531667 0.527383 0.533750 0.525391 0.533125
1 0.529062 0.529444 0.531133 0.526111 0.532578 0.526528 0.532930 0.527986 0.532227 0.529931 0.530469 0.531528 0.529414 0.530903
1 0.497266 0.495347 0.498203 0.493056 0.501641 0.491042 0.502734 0.491597 0.503047 0.493125 0.501211 0.495764 0.498437 0.497431 0.497617 0.496806
1 0.486836 0.494306 0.488008 0.492222 0.489180 0.494306 0.488828 0.495764 0.487148 0.495764
1 0.485703 0.490486 0.484648 0.489861 0.484648 0.486319 0.485469 0.485694 0.486719 0.487431 0.487891 0.485278 0.490313 0.486111 0.491797 0.490208 0.490625 0.492292 0.488594 0.489444 0.487266 0.489167 0.485820 0.490486
1 0.457422 0.469028 0.458594 0.466944 0.459766 0.469028 0.459414 0.470486 0.457773 0.470486
1 0.447422 0.502500 0.447773 0.501042 0.449297 0.500208 0.450938 0.500833 0.451289 0.502292 0.450117 0.504375 0.447773 0.503958
1 0.432070 0.473264 0.432383 0.468542 0.434414 0.468542 0.434492 0.473958 0.433359 0.475764 0.432227 0.474444
1 0.429805 0.449931 0.430977 0.447847 0.432148 0.449931 0.431797 0.451389 0.430156 0.451389
1 0.462656 0.441528 0.463477 0.442153 0.463828 0.443958 0.465781 0.444514 0.465781 0.447500 0.461797 0.448125 0.460430 0.447222 0.460039 0.445694 0.460742 0.443819 0.462578 0.441528
1 0.466016 0.447847 0.467187 0.449931 0.466016 0.452014 0.461406 0.452361 0.460234 0.450278 0.461406 0.448194 0.465977 0.447847
1 0.459648 0.461806 0.460820 0.459722 0.461992 0.461806 0.461680 0.463333 0.460000 0.463333
1 0.448477 0.445347 0.449648 0.443264 0.450820 0.445347 0.450469 0.446806 0.448828 0.446806
1 0.446094 0.437986 0.447227 0.435278 0.448398 0.434583 0.450430 0.435278 0.451562 0.437986 0.451328 0.441528 0.450508 0.442153 0.448789 0.442292 0.447070 0.440069
1 0.475117 0.456111 0.473867 0.458333 0.471680 0.454306 0.472852 0.452222 0.474688 0.454514