0 0.062148 0.352986 0.121836 0.357569 0.081289 0.430208 0.036992 0.518542 0.000000 0.507431 0.000117 0.459167
0 0.198008 0.362708 0.160312 0.439444 0.117305 0.539375 0.040820 0.518958 0.085586 0.429653 0.124766 0.357639 0.197813 0.362778
0 0.287852 0.372153 0.281641 0.387708 0.250508 0.474444 0.220352 0.566181 0.121523 0.540069 0.150313 0.470972 0.173320 0.419444 0.201680 0.362986
0 0.202148 0.361736 0.261250 0.258056 0.334961 0.260903 0.287930 0.370278
0 0.257344 0.258194 0.229375 0.303472 0.198320 0.361389 0.125547 0.356389 0.161758 0.300278 0.190312 0.258056 0.256992 0.258194
0 0.188594 0.258194 0.157656 0.301736 0.122461 0.356667 0.063242 0.352847 0.132695 0.259375 0.188437 0.258194
0 0.367969 0.381389 0.398945 0.267431 0.482070 0.280139 0.471953 0.398264 0.367578 0.381389
0 0.367773 0.383750 0.471953 0.401042 0.455078 0.607778 0.319766 0.580694 0.367578 0.382431
0 0.486172 0.282917 0.568906 0.298819 0.582188 0.418056 0.477617 0.398611 0.485977 0.282917
0 0.583125 0.420903 0.600547 0.631181 0.463398 0.608333 0.477695 0.401111 0.583125 0.420417
0 0.685937 0.443750 0.729922 0.651042 0.608242 0.633750 0.588516 0.422986 0.685937 0.443264
0 0.652852 0.319375 0.685312 0.442569 0.587695 0.420347 0.573398 0.300417
0 0.833516 0.481389 0.759492 0.458819 0.715469 0.339931 0.782109 0.362153 0.833711 0.481389
0 0.897813 0.501250 0.836523 0.482917 0.783945 0.362292 0.841680 0.384514 0.897227 0.500556
0 0.900078 0.503056 0.843711 0.386250 0.894531 0.408819 0.949648 0.518472
0 0.834180 0.483194 0.864883 0.565347 0.899414 0.670278 0.818477 0.660556 0.759883 0.460764 0.833711 0.483611
0 0.837813 0.484028 0.899258 0.503958 0.931406 0.582708 0.964727 0.675417 0.902812 0.670347 0.878047 0.592500 0.856641 0.532778 0.837344 0.484514
0 0.999727 0.678056 0.967812 0.675694 0.940859 0.599583 0.901172 0.503472 0.950313 0.519306 0.982383 0.592500 0.999727 0.636042
1 0.081289 0.373333 0.072070 0.379514 0.067109 0.379861 0.063164 0.376875 0.062148 0.370764 0.063164 0.366667 0.066797 0.361458 0.073398 0.355208 0.077109 0.357083 0.079609 0.361042 0.082187 0.356875 0.083789 0.356042 0.088672 0.358611 0.089570 0.362500 0.088555 0.366597 0.081523 0.372986
1 0.092617 0.358264 0.093984 0.355694 0.095625 0.354792 0.097461 0.354514 0.098633 0.356597 0.097461 0.358681 0.094023 0.360347 0.092969 0.359722
1 0.098828 0.359306 0.099609 0.357292 0.103008 0.355972 0.104062 0.356597 0.104375 0.358056 0.103633 0.360000 0.102305 0.360764 0.099180 0.360764
1 0.113086 0.359306 0.114258 0.357222 0.116406 0.357222 0.117813 0.359514 0.116641 0.361597 0.113398 0.360764
1 0.033789 0.498681 0.034297 0.495625 0.052969 0.463542 0.054609 0.462639 0.056836 0.464306 0.057734 0.468194 0.056641 0.473056 0.049062 0.485208 0.044414 0.494722 0.039141 0.503403 0.036914 0.504236 0.034687 0.502639
1 0.147500 0.424722 0.148281 0.419931 0.150039 0.419653 0.150391 0.421181 0.149492 0.426181 0.147812 0.426181
1 0.164609 0.370833 0.165391 0.368125 0.169219 0.363194 0.171523 0.362153 0.172930 0.362778 0.173242 0.364236 0.172305 0.366319 0.170586 0.366875 0.165781 0.372917 0.164961 0.372361
1 0.221875 0.367639 0.224648 0.368264 0.225898 0.370139 0.228516 0.367639 0.240352 0.367014 0.243594 0.369375 0.246211 0.367986 0.248438 0.368264 0.251992 0.371319 0.254609 0.372014 0.256562 0.375278 0.257695 0.372569 0.259531 0.371458 0.269414 0.372292 0.273359 0.375347 0.276250 0.375069 0.280664 0.372639 0.284375 0.375556 0.277891 0.378750 0.276367 0.380694 0.274727 0.380208 0.273789 0.385278 0.263984 0.389514 0.260664 0.389097 0.258477 0.387500 0.257578 0.382569 0.256914 0.381875 0.256523 0.383542 0.254883 0.385139 0.245586 0.388889 0.240937 0.389306 0.234570 0.387847 0.231055 0.388750 0.228984 0.387361 0.227969 0.384028 0.224258 0.385278 0.215508 0.381597 0.214609 0.377639 0.215508 0.373750 0.219023 0.370833 0.220156 0.368472
1 0.197422 0.376111 0.197852 0.373194 0.198945 0.373194 0.200039 0.375833 0.199648 0.379306 0.197969 0.379514
1 0.178789 0.542153 0.179297 0.539097 0.183711 0.530417 0.186719 0.519306 0.193203 0.504792 0.203555 0.472431 0.206172 0.470764 0.208398 0.472431 0.209297 0.476319 0.207227 0.484931 0.201875 0.499861 0.201445 0.502639 0.200273 0.504653 0.198203 0.512292 0.191836 0.526528 0.189961 0.532014 0.189531 0.536181 0.185117 0.545694 0.182734 0.547708 0.179688 0.546111
1 0.187070 0.259306 0.180703 0.261181 0.158750 0.260764 0.147539 0.262431 0.132617 0.261458 0.130312 0.262986 0.132773 0.259306 0.188203 0.258472
1 0.253867 0.262708 0.243164 0.263681 0.215664 0.262292 0.197813 0.263125 0.190234 0.265000 0.188398 0.262431 0.190781 0.258611 0.256641 0.258611 0.253359 0.262847
1 0.330352 0.265417 0.323320 0.264931 0.320703 0.266875 0.318789 0.266875 0.311875 0.263403 0.308594 0.263403 0.302500 0.266389 0.298398 0.266389 0.273164 0.263889 0.269297 0.262431 0.261602 0.263681 0.259102 0.261250 0.259805 0.259028 0.333789 0.261250 0.332422 0.265625
1 0.396836 0.275347 0.398750 0.267778 0.482109 0.281944 0.481836 0.286389 0.470000 0.285625 0.451133 0.280764 0.432656 0.278819 0.430430 0.276597 0.429063 0.278542 0.426172 0.279792 0.420234 0.275833 0.411836 0.278264 0.407422 0.278264 0.402187 0.275139 0.397109 0.276111
1 0.396172 0.355556 0.397070 0.351667 0.401328 0.348542 0.405195 0.350208 0.406094 0.354097 0.405195 0.358056 0.402969 0.359653 0.399297 0.361111 0.397070 0.359514
1 0.423320 0.370069 0.424219 0.366111 0.426445 0.364514 0.428828 0.366111 0.429766 0.370069 0.429766 0.373958 0.428828 0.377847 0.426641 0.379514 0.424414 0.377847 0.423516 0.372083
1 0.454648 0.374653 0.455586 0.370694 0.457773 0.369097 0.460078 0.370903 0.461094 0.375000 0.460195 0.378889 0.457969 0.380556 0.455664 0.378750
1 0.601211 0.306667 0.622148 0.311806 0.619258 0.313542 0.615273 0.313056 0.610156 0.314028 0.603125 0.307639
1 0.648047 0.319306 0.652266 0.319444 0.653086 0.323264 0.649492 0.321875
1 0.632812 0.428819 0.631406 0.428819 0.629570 0.427083 0.630430 0.423889 0.632266 0.423681 0.638750 0.427431 0.638203 0.428958 0.634922 0.430000
1 0.622383 0.346944 0.622969 0.350208 0.620117 0.347986 0.619414 0.344722 0.619648 0.340625 0.621133 0.343889
1 0.623398 0.429028 0.638555 0.432500 0.640977 0.437431 0.637539 0.441319 0.630312 0.442500 0.625469 0.437639 0.623633 0.432500
1 0.763867 0.462292 0.775039 0.464236 0.776406 0.467708 0.780000 0.469167 0.781914 0.471875 0.782031 0.475764 0.780117 0.478472 0.777383 0.478472 0.774062 0.473333 0.764961 0.466250
1 0.761641 0.464236 0.764141 0.464722 0.766328 0.469167 0.768828 0.477986 0.768828 0.482361 0.768008 0.483125 0.761367 0.464722
1 0.807539 0.474514 0.811953 0.479722 0.813750 0.479931 0.814297 0.482361 0.809180 0.482361 0.805625 0.476736 0.805469 0.475278
1 0.716602 0.339861 0.748320 0.350347 0.748320 0.351111 0.746641 0.353819 0.741289 0.353056 0.717852 0.343056
1 0.771406 0.358333 0.779453 0.360694 0.778398 0.362361 0.776289 0.362569 0.771016 0.358958
1 0.786797 0.367431 0.784023 0.362986 0.797109 0.368056 0.786562 0.367083
1 0.814805 0.374583 0.821797 0.377014 0.821797 0.380208 0.818633 0.379931 0.816563 0.376042
1 0.825547 0.379444 0.841367 0.384861 0.843711 0.389722 0.833516 0.383889 0.828281 0.382431 0.825937 0.379931
1 0.934297 0.514931 0.933984 0.517986 0.932813 0.519375 0.930977 0.519583 0.928672 0.516736 0.927422 0.512847
2 0.391875 0.385000 0.393945 0.386111 0.395352 0.388889 0.403320 0.388611 0.407656 0.391181 0.416797 0.393194 0.436719 0.393125 0.446797 0.395694 0.453320 0.395694 0.462383 0.401806 0.463516 0.407222 0.462344 0.412153 0.460313 0.413611 0.457773 0.417569 0.459219 0.423472 0.458594 0.430278 0.460938 0.434583 0.461484 0.438681 0.461797 0.452917 0.461172 0.456667 0.453945 0.465208 0.449492 0.474097 0.443047 0.482708 0.440469 0.483750 0.437695 0.481736 0.436562 0.476806 0.436562 0.468681 0.437969 0.455764 0.433281 0.447014 0.432852 0.443472 0.425820 0.435208 0.424258 0.429306 0.425430 0.424097 0.423242 0.423750 0.414570 0.417222 0.407383 0.414097 0.404180 0.417222 0.397578 0.416667 0.390078 0.411736 0.387539 0.408333 0.385195 0.402014 0.384844 0.394028 0.385781 0.389444 0.387227 0.386597 0.390391 0.385556
2 0.477539 0.402153 0.583828 0.421458 0.592695 0.520000 0.576680 0.481875 0.570391 0.471181 0.563828 0.468681 0.550117 0.468681 0.542383 0.466667 0.537266 0.466667 0.521836 0.462569 0.516133 0.457014 0.508398 0.453403 0.498125 0.444792 0.490117 0.441736 0.482695 0.440764 0.478672 0.423472 0.477813 0.414306 0.477813 0.405694
2 0.594414 0.424097 0.681328 0.443194 0.695000 0.501042 0.695625 0.535208 0.688477 0.542639 0.675586 0.544028 0.674375 0.545139 0.657500 0.545139 0.637891 0.534861 0.627344 0.520764 0.617031 0.500278 0.605742 0.468542 0.602969 0.454444 0.600781 0.448819 0.597187 0.433264 0.595234 0.427639
2 0.760195 0.460347 0.833398 0.482569 0.865352 0.566181 0.866719 0.608542 0.866719 0.616597 0.866133 0.619097 0.853828 0.618750 0.849062 0.603611 0.845703 0.578194 0.840742 0.555625 0.834180 0.539722 0.827852 0.529167 0.814766 0.512917 0.811367 0.510833 0.802852 0.506597 0.783984 0.502014 0.777070 0.498125 0.769727 0.490000 0.760586 0.461458
2 0.903320 0.504583 0.950430 0.520278 0.951562 0.529583 0.951133 0.538403 0.947695 0.547222 0.945625 0.548194 0.935859 0.547917 0.930312 0.543750 0.921094 0.531250 0.916563 0.527083 0.907734 0.513889 0.904844 0.507986
3 0.347695 0.562500 0.350430 0.564514 0.351602 0.569444 0.350430 0.574306 0.347695 0.576389 0.345547 0.576389 0.342773 0.574306 0.341641 0.569444 0.342773 0.564514 0.344570 0.563194 0.342148 0.560903 0.341172 0.556319 0.342305 0.551389 0.345078 0.549375 0.345703 0.549792 0.346836 0.545000 0.349609 0.542986 0.352344 0.545000 0.353516 0.549931 0.352344 0.554861 0.348906 0.556806 0.348281 0.560278 0.346445 0.562778 0.346992 0.562986
3 0.369961 0.582500 0.370547 0.578889 0.372031 0.576389 0.374844 0.574306 0.377578 0.576319 0.378750 0.581667 0.378203 0.585208 0.376797 0.588264 0.373867 0.589444 0.371133 0.587431
3 0.416641 0.570278 0.419141 0.560833 0.421328 0.559375 0.418008 0.557361 0.416875 0.552500 0.417383 0.542708 0.418672 0.538403 0.421250 0.536667 0.424023 0.538681 0.425156 0.543611 0.423867 0.556736 0.421836 0.559167 0.424531 0.561319 0.425938 0.558750 0.427930 0.557778 0.430703 0.559861 0.431836 0.564722 0.430625 0.582500 0.429258 0.587014 0.426250 0.589444 0.423477 0.587431 0.422344 0.582500 0.423438 0.574861 0.420547 0.577222 0.417773 0.575139
3 0.432344 0.530486 0.433477 0.525556 0.436250 0.523542 0.439023 0.525556 0.440156 0.530486 0.439023 0.535347 0.436250 0.537431 0.433477 0.535347
3 0.453555 0.483889 0.454063 0.480417 0.455508 0.477292 0.457695 0.476111 0.460430 0.478125 0.461602 0.483056 0.461055 0.486597 0.459648 0.489653 0.457461 0.490833 0.454688 0.488819
3 0.450703 0.432708 0.451836 0.427778 0.454609 0.425764 0.457344 0.427778 0.458516 0.432708 0.457344 0.437569 0.454609 0.439653 0.451836 0.437569
3 0.393320 0.463611 0.394453 0.458264 0.397227 0.456250 0.399961 0.458264 0.401133 0.463194 0.399961 0.468472 0.397227 0.470556 0.394453 0.468472
3 0.421953 0.424028 0.424727 0.426111 0.425859 0.430972 0.425625 0.439861 0.424492 0.444792 0.421719 0.446806 0.418984 0.444792 0.417812 0.439861 0.417812 0.432292 0.419531 0.425625
3 0.425703 0.458542 0.426836 0.453611 0.429609 0.451597 0.432344 0.453611 0.433516 0.458542 0.433516 0.466528 0.432070 0.482500 0.430859 0.487222 0.428164 0.489167 0.425156 0.487153 0.424023 0.482222 0.425508 0.471111 0.425703 0.458958
3 0.185820 0.449444 0.186953 0.444514 0.189727 0.442500 0.192461 0.444514 0.193633 0.449444 0.192461 0.454306 0.189727 0.456389 0.186953 0.454306
3 0.528984 0.524306 0.530117 0.519375 0.532891 0.517361 0.535664 0.519375 0.536797 0.524306 0.536797 0.528333 0.535508 0.533542 0.533945 0.536736 0.533555 0.540556 0.532500 0.542917 0.529453 0.545486 0.526680 0.543403 0.525547 0.538542 0.526133 0.532917 0.527422 0.527778 0.528984 0.524514
3 0.512109 0.555278 0.513281 0.550347 0.516016 0.548333 0.518789 0.550347 0.519922 0.555278 0.519922 0.564931 0.518437 0.576528 0.517070 0.580486 0.514023 0.583056 0.511250 0.580972 0.510117 0.576111 0.512148 0.563264 0.512109 0.555556
3 0.506680 0.594861 0.507852 0.590000 0.510586 0.587917 0.513359 0.590000 0.514492 0.594861 0.513359 0.599792 0.510586 0.601806 0.507852 0.599792
3 0.522695 0.600000 0.523828 0.595069 0.526602 0.593056 0.533750 0.592500 0.539453 0.593542 0.542031 0.595278 0.548047 0.604375 0.551797 0.607500 0.552617 0.610764 0.554375 0.613264 0.555078 0.617222 0.553945 0.622153 0.551172 0.624167 0.549102 0.623125 0.548320 0.623681 0.545078 0.621319 0.534297 0.621111 0.531562 0.619097 0.530391 0.614167 0.530977 0.610625 0.533047 0.606806 0.526602 0.606944 0.523828 0.604861
3 0.545273 0.593889 0.546406 0.588958 0.549180 0.586944 0.551953 0.588958 0.553086 0.593889 0.551953 0.598750 0.549180 0.600833 0.546406 0.598750
3 0.537266 0.578125 0.537266 0.557778 0.538398 0.552917 0.541172 0.550833 0.543945 0.552917 0.545078 0.557778 0.545078 0.578125 0.543945 0.583056 0.541172 0.585069 0.538398 0.583056
3 0.519844 0.571528 0.520977 0.566597 0.523750 0.564583 0.526523 0.566597 0.527656 0.571528 0.526523 0.576458 0.523750 0.578472 0.520977 0.576458
3 0.542109 0.496875 0.543281 0.491944 0.546016 0.489931 0.548867 0.489931 0.557734 0.493958 0.563594 0.498542 0.566250 0.507083 0.568086 0.509653 0.568789 0.513611 0.567773 0.518333 0.565273 0.520556 0.555742 0.521597 0.552969 0.519514 0.551836 0.514653 0.552773 0.510139 0.555117 0.507778 0.543281 0.501736
3 0.558125 0.530903 0.559258 0.525972 0.562031 0.523958 0.564805 0.525972 0.565937 0.530903 0.565273 0.533681 0.567187 0.533056 0.569727 0.534792 0.572500 0.540486 0.573359 0.547639 0.572227 0.552569 0.569453 0.554583 0.566992 0.552986 0.565078 0.546181 0.563555 0.543681 0.562969 0.540000 0.563438 0.536806 0.562031 0.537847 0.559258 0.535833
3 0.565547 0.561875 0.566680 0.556944 0.569453 0.554931 0.572227 0.556944 0.573359 0.561875 0.572227 0.566806 0.569453 0.568819 0.566680 0.566806
3 0.564883 0.578264 0.567656 0.580347 0.568789 0.586250 0.568203 0.600972 0.567070 0.605903 0.564297 0.607917 0.561562 0.605903 0.560391 0.600972 0.560703 0.586736 0.562422 0.579861
3 0.479609 0.412431 0.480742 0.407500 0.483516 0.405486 0.486289 0.407500 0.487422 0.412431 0.486289 0.417361 0.483516 0.419375 0.480742 0.417361
3 0.517305 0.423403 0.518477 0.418472 0.521211 0.416458 0.523984 0.418472 0.525117 0.423403 0.523984 0.428333 0.521211 0.430347 0.518477 0.428333
3 0.608047 0.627153 0.609180 0.622222 0.611953 0.620208 0.614687 0.622222 0.615859 0.627153 0.614687 0.632083 0.611953 0.634097 0.609180 0.632083
3 0.618984 0.592431 0.620117 0.587569 0.622891 0.585486 0.625664 0.587569 0.626797 0.592431 0.625664 0.597361 0.622891 0.599375 0.620117 0.597361
3 0.637813 0.584861 0.638945 0.579931 0.641719 0.577917 0.644609 0.580556 0.646953 0.579167 0.650977 0.579167 0.653750 0.581181 0.654883 0.586111 0.653750 0.590972 0.650977 0.593056 0.646953 0.593056 0.645156 0.592292 0.643789 0.590208 0.641719 0.591806 0.638945 0.589722
3 0.655898 0.575486 0.655664 0.557708 0.656797 0.552847 0.659570 0.550764 0.662461 0.553056 0.663711 0.558194 0.663711 0.575486 0.662578 0.580417 0.659805 0.582431 0.657031 0.580417
3 0.676836 0.556875 0.678008 0.552014 0.680742 0.549931 0.683516 0.552014 0.684648 0.556875 0.683516 0.561806 0.680742 0.563819 0.678008 0.561806
3 0.695430 0.539931 0.696562 0.535069 0.699336 0.532986 0.702070 0.535069 0.703242 0.539931 0.702070 0.544861 0.699336 0.546875 0.696562 0.544861
3 0.717891 0.638819 0.720664 0.640903 0.721797 0.645764 0.720664 0.650694 0.717891 0.652708 0.715117 0.652153 0.712422 0.650069 0.710273 0.647917 0.709219 0.645208 0.708984 0.642847 0.710117 0.637917 0.712891 0.635903 0.717656 0.638819
3 0.652773 0.533472 0.651641 0.538403 0.648867 0.540417 0.646836 0.539375 0.645430 0.536667 0.642852 0.525347 0.637422 0.508194 0.636406 0.502153 0.637539 0.497222 0.640313 0.495208 0.642500 0.496389 0.643906 0.499514 0.650195 0.520694 0.651875 0.529028
3 0.653320 0.542361 0.653086 0.531389 0.654219 0.526458 0.656992 0.524444 0.659727 0.526458 0.661133 0.533889 0.661133 0.542361 0.659961 0.547292 0.657227 0.549306 0.654453 0.547292
3 0.529414 0.392778 0.530547 0.387847 0.533320 0.385833 0.536094 0.387847 0.537227 0.392778 0.536094 0.397708 0.533320 0.399722 0.530547 0.397708
3 0.545664 0.405278 0.546836 0.400347 0.549570 0.398333 0.552344 0.400347 0.553477 0.405278 0.552344 0.410139 0.549570 0.412222 0.546836 0.410139
3 0.870039 0.647986 0.869141 0.644583 0.865664 0.637847 0.856563 0.610000 0.852969 0.581667 0.853555 0.579236 0.854922 0.578194 0.856406 0.579375 0.857070 0.582014 0.860391 0.608403 0.869219 0.634653 0.873945 0.645139 0.873359 0.650417 0.871992 0.651458 0.870625 0.650417
3 0.888281 0.653611 0.888320 0.650486 0.883047 0.636806 0.879961 0.620486 0.880547 0.617639 0.881914 0.616667 0.883750 0.618958 0.886602 0.633750 0.891875 0.647500 0.892188 0.653611 0.891641 0.656111 0.890234 0.657083 0.888867 0.656111
3 0.848203 0.650486 0.848789 0.647986 0.850156 0.647014 0.851562 0.647986 0.852109 0.650486 0.851562 0.652917 0.850156 0.653958 0.848789 0.652917
3 0.879805 0.559028 0.880391 0.556528 0.881758 0.555556 0.883164 0.556528 0.883711 0.559028 0.883164 0.561458 0.881758 0.562500 0.880391 0.561458
3 0.886172 0.560069 0.886758 0.557639 0.888125 0.556597 0.891094 0.557639 0.891680 0.560069 0.891094 0.562500 0.889727 0.563542 0.886758 0.562500
3 0.896094 0.561111 0.896680 0.558681 0.898047 0.557639 0.899805 0.558681 0.900391 0.561111 0.899805 0.563611 0.898438 0.564583 0.896680 0.563611
3 0.910977 0.566042 0.911562 0.563611 0.912930 0.562569 0.914297 0.563611 0.914883 0.566042 0.914297 0.568542 0.912930 0.569514 0.911562 0.568542
3 0.933711 0.655139 0.933008 0.648611 0.933555 0.646181 0.934961 0.645139 0.936328 0.646181 0.936914 0.648611 0.937500 0.657778 0.936719 0.660556 0.932773 0.663333 0.931367 0.662361 0.930820 0.659861 0.931367 0.657431 0.933477 0.656667
3 0.926836 0.665556 0.927422 0.663056 0.928789 0.662083 0.930195 0.663056 0.930742 0.665556 0.930195 0.667986 0.928789 0.669028 0.927422 0.667986
3 0.907930 0.656736 0.907344 0.659514 0.905977 0.660556 0.902422 0.658472 0.901250 0.655278 0.901836 0.652500 0.903203 0.651458 0.907266 0.654097
3 0.903633 0.620764 0.904219 0.618264 0.905586 0.617292 0.906953 0.618264 0.907539 0.620764 0.906953 0.623194 0.905586 0.624236 0.904219 0.623194
3 0.898477 0.583681 0.899062 0.581250 0.900430 0.580208 0.902422 0.581250 0.902969 0.583681 0.902422 0.586181 0.901016 0.587153 0.899062 0.586181
3 0.911562 0.585486 0.912148 0.582986 0.913516 0.582014 0.914922 0.582986 0.915469 0.585486 0.914922 0.587917 0.913516 0.588958 0.912148 0.587917
3 0.995664 0.648889 0.996250 0.646389 0.997617 0.645417 0.999023 0.646389 1.000000 0.659653 1.000000 0.662083 0.999961 0.663125 0.998594 0.662083 0.995664 0.649097
3 0.982031 0.631458 0.982617 0.629028 0.983984 0.627986 0.985664 0.628819 0.992461 0.644097 0.996758 0.660278 1.000000 0.672569 1.000000 0.674306 1.000000 0.676806 0.999687 0.677778 0.997930 0.675903 0.992500 0.661458 0.990039 0.650069 0.983633 0.634861 0.982500 0.633681
3 0.976523 0.649375 0.977109 0.646875 0.978477 0.645903 0.980000 0.647153 0.986133 0.664444 0.986641 0.667500 0.986055 0.669931 0.984688 0.670972 0.983437 0.670139 0.977187 0.651944
3 0.956953 0.595972 0.957539 0.593472 0.958906 0.592500 0.960234 0.593403 0.965391 0.613819 0.964844 0.616528 0.963438 0.617569 0.961602 0.615208 0.956953 0.596319