0 0.851953 0.248056 0.878945 0.307292 0.832383 0.318819 0.811172 0.257292
0 0.913047 0.394653 0.860000 0.410764 0.832578 0.318681 0.879141 0.307917 0.913320 0.394653
0 0.809297 0.258056 0.830117 0.319028 0.780352 0.332778 0.766289 0.268333
0 0.830664 0.320000 0.857812 0.410694 0.798828 0.428542 0.780625 0.332986 0.830391 0.319792
0 0.764023 0.268125 0.777813 0.332500 0.725859 0.347500 0.719648 0.280625 0.763906 0.268333
0 0.777813 0.333333 0.796680 0.429028 0.733437 0.447153 0.725859 0.347986
0 0.676836 0.292847 0.679570 0.363264 0.626680 0.380417 0.631484 0.307639
0 0.679844 0.364028 0.682188 0.464167 0.619375 0.485486 0.626680 0.381667
0 0.629336 0.309514 0.623437 0.380764 0.571328 0.399167 0.583750 0.325208 0.629492 0.309236
0 0.623437 0.382986 0.615430 0.487361 0.553828 0.508611 0.571055 0.400764 0.623437 0.382847
0 0.581758 0.326181 0.568359 0.400833 0.518633 0.418750 0.537656 0.342083 0.581758 0.325903
0 0.568516 0.401875 0.551016 0.510139 0.492188 0.529444 0.517383 0.420694
0 0.515703 0.354583 0.487812 0.424028 0.444609 0.437500 0.476992 0.366875 0.515586 0.354792
0 0.486875 0.426250 0.451797 0.527569 0.404336 0.538125 0.443750 0.439653 0.486992 0.426042
0 0.441836 0.438681 0.402695 0.450556 0.437344 0.381181 0.474180 0.368403
0 0.441094 0.441181 0.401016 0.538750 0.358984 0.548264 0.401016 0.453264 0.440898 0.440972
0 0.435078 0.382222 0.399961 0.452292 0.363789 0.463333 0.401680 0.393958 0.434961 0.382014
0 0.398633 0.453958 0.355977 0.549653 0.318086 0.557847 0.363242 0.464653
0 0.375977 0.422639 0.338867 0.490347 0.307695 0.499514 0.345273 0.433889 0.375820 0.422847
0 0.343594 0.435347 0.305703 0.500347 0.277461 0.509028 0.316680 0.445417 0.343398 0.435069
0 0.337773 0.492847 0.294492 0.579375 0.262188 0.584653 0.306484 0.501319 0.337852 0.492639
0 0.276367 0.510000 0.305352 0.502361 0.260273 0.585694 0.231289 0.589931 0.276367 0.509792
1 0.305156 0.502292 0.261328 0.584792 0.231797 0.589653 0.276133 0.509861 0.304961 0.502500
1 0.338711 0.491528 0.294727 0.579861 0.261992 0.584583 0.306797 0.500694
1 0.315859 0.445347 0.343398 0.434931 0.305508 0.501250 0.277266 0.508819 0.316094 0.445347
1 0.348750 0.471667 0.355703 0.447361 0.359102 0.441806 0.363945 0.438611 0.366602 0.433125 0.366875 0.426319 0.376563 0.422431
1 0.399336 0.452847 0.356484 0.550208 0.317930 0.557986 0.362578 0.464722 0.398867 0.453264
1 0.401406 0.394028 0.410352 0.390972 0.411016 0.392639 0.410938 0.402639 0.388633 0.455069 0.365664 0.462222
1 0.409648 0.430069 0.406289 0.437153 0.406289 0.432917 0.409492 0.429792
1 0.527266 0.417847 0.545625 0.411458 0.541875 0.422500 0.539805 0.425417 0.532773 0.427639 0.529062 0.420764
1 0.535117 0.449444 0.534297 0.454792 0.525195 0.481250 0.519688 0.489097 0.516094 0.486181 0.514570 0.481528 0.514570 0.475625 0.516094 0.461667 0.516094 0.450625 0.515000 0.448403 0.515820 0.442569 0.520898 0.437153 0.524102 0.436944 0.527539 0.437639 0.534023 0.441319 0.535937 0.446250
1 0.503711 0.522917 0.506172 0.501111 0.508359 0.494028 0.509883 0.492778 0.519531 0.492014 0.524375 0.494514 0.531953 0.504792 0.534141 0.513333 0.534141 0.514306 0.503828 0.524375
1 0.785625 0.373125 0.780703 0.377222 0.769102 0.378958 0.758906 0.383125 0.756992 0.385347 0.755742 0.394375 0.755742 0.401528 0.756836 0.413264 0.789766 0.402500 0.790469 0.402986 0.794883 0.429444 0.738398 0.447292 0.737539 0.444583 0.737539 0.430903 0.739609 0.420347 0.743203 0.411042 0.743359 0.407639 0.743086 0.405208 0.741133 0.401528 0.740313 0.395625 0.740313 0.388542 0.742109 0.379236 0.742109 0.373819 0.741133 0.370625 0.741016 0.365278 0.737852 0.362292 0.735195 0.345139 0.745273 0.342986 0.753398 0.339792 0.774883 0.338333 0.778047 0.340000
1 0.720742 0.281458 0.762773 0.270486 0.766367 0.284444 0.764023 0.289792 0.760000 0.294236 0.737969 0.305764 0.734922 0.304722 0.729023 0.297917 0.723633 0.290069 0.721836 0.284653
1 0.733008 0.343194 0.735781 0.326319 0.737539 0.320417 0.740469 0.317500 0.743633 0.317500 0.749805 0.322153 0.755742 0.330486 0.757969 0.336806 0.733008 0.343958
1 0.767539 0.269236 0.808320 0.258681 0.817969 0.284931 0.774141 0.296181 0.767656 0.269722
1 0.842500 0.253194 0.843164 0.271042 0.841367 0.275694 0.838633 0.277917 0.830234 0.279861 0.821250 0.283542 0.811914 0.258056