0 0.851953 0.248056 0.878945 0.307292 0.832383 0.318819 0.811172 0.257292
0 0.913047 0.394653 0.860000 0.410764 0.832578 0.318681 0.879141 0.307917 0.913320 0.394653
0 0.809297 0.258056 0.830117 0.319028 0.780352 0.332778 0.766289 0.268333
0 0.830664 0.320000 0.857812 0.410694 0.798828 0.428542 0.780625 0.332986 0.830391 0.319792
0 0.764023 0.268125 0.777813 0.332500 0.725859 0.347500 0.719648 0.280625 0.763906 0.268333
0 0.777813 0.333333 0.796680 0.429028 0.733437 0.447153 0.725859 0.347986
0 0.676836 0.292847 0.679570 0.363264 0.626680 0.380417 0.631484 0.307639
0 0.679844 0.364028 0.682188 0.464167 0.619375 0.485486 0.626680 0.381667
0 0.629336 0.309514 0.623437 0.380764 0.571328 0.399167 0.583750 0.325208 0.629492 0.309236
0 0.623437 0.382986 0.615430 0.487361 0.553828 0.508611 0.571055 0.400764 0.623437 0.382847
0 0.581758 0.326181 0.568359 0.400833 0.518633 0.418750 0.537656 0.342083 0.581758 0.325903
0 0.568516 0.401875 0.551016 0.510139 0.492188 0.529444 0.517383 0.420694
0 0.515703 0.354583 0.487812 0.424028 0.444609 0.437500 0.476992 0.366875 0.515586 0.354792
0 0.486875 0.426250 0.451797 0.527569 0.404336 0.538125 0.443750 0.439653 0.486992 0.426042
0 0.441836 0.438681 0.402695 0.450556 0.437344 0.381181 0.474180 0.368403
0 0.441094 0.441181 0.401016 0.538750 0.358984 0.548264 0.401016 0.453264 0.440898 0.440972
0 0.435078 0.382222 0.399961 0.452292 0.363789 0.463333 0.401680 0.393958 0.434961 0.382014
0 0.398633 0.453958 0.355977 0.549653 0.318086 0.557847 0.363242 0.464653
0 0.375977 0.422639 0.338867 0.490347 0.307695 0.499514 0.345273 0.433889 0.375820 0.422847
0 0.343594 0.435347 0.305703 0.500347 0.277461 0.509028 0.316680 0.445417 0.343398 0.435069
0 0.337773 0.492847 0.294492 0.579375 0.262188 0.584653 0.306484 0.501319 0.337852 0.492639
0 0.276367 0.510000 0.305352 0.502361 0.260273 0.585694 0.231289 0.589931 0.276367 0.509792
1 0.852148 0.248681 0.878125 0.306528 0.831914 0.318472 0.811250 0.257083 0.852344 0.248264
1 0.878984 0.307708 0.913320 0.395139 0.860313 0.410278 0.832578 0.319306 0.878789 0.307361
1 0.830273 0.318958 0.780000 0.332222 0.765977 0.267847 0.809609 0.257847
1 0.857227 0.411042 0.798516 0.428403 0.780195 0.332569 0.830273 0.319306 0.857383 0.410486
1 0.764102 0.268681 0.778008 0.332500 0.725234 0.348681 0.719297 0.280486 0.763945 0.269306
1 0.795859 0.429236 0.733164 0.448403 0.725078 0.347847 0.777813 0.333472 0.796016 0.428958
1 0.631094 0.307847 0.677031 0.292847 0.679375 0.363403 0.625781 0.381319
1 0.682852 0.464028 0.680703 0.465486 0.618359 0.486389 0.625781 0.381736 0.679688 0.363472 0.682500 0.464028
1 0.623437 0.382222 0.570703 0.400486 0.582930 0.324653 0.628711 0.309028
1 0.615156 0.487917 0.553164 0.509653 0.570039 0.402361 0.622617 0.383819 0.615000 0.487917
1 0.550391 0.509653 0.492344 0.529375 0.517344 0.420625 0.568398 0.401458
1 0.581641 0.326389 0.568750 0.400764 0.517813 0.419861 0.537344 0.341667 0.581797 0.325764
1 0.516523 0.353819 0.488281 0.424375 0.443633 0.438125 0.476680 0.366111 0.516523 0.353472
1 0.487852 0.425278 0.451641 0.527917 0.403867 0.537569 0.442891 0.439097 0.488164 0.424722
1 0.441836 0.438819 0.401680 0.451181 0.437227 0.380625 0.474922 0.367083
1 0.402109 0.539722 0.357656 0.549097 0.400781 0.452431 0.441797 0.439792
1 0.436094 0.381111 0.400039 0.451944 0.363633 0.463542 0.400039 0.394583 0.435977 0.381319
1 0.363203 0.464375 0.400156 0.452708 0.356172 0.549931 0.318047 0.557847
1 0.338867 0.489653 0.307500 0.499306 0.345391 0.433958 0.376641 0.421736
1 0.338750 0.491319 0.294883 0.579514 0.261211 0.585208 0.306133 0.501111 0.338867 0.491111
1 0.344258 0.434375 0.305664 0.500694 0.277070 0.509097 0.315195 0.445972 0.344258 0.434167
1 0.304727 0.501597 0.260313 0.586042 0.231367 0.589931 0.276484 0.509931 0.304648 0.501528