0 0.851953 0.248056 0.878945 0.307292 0.832383 0.318819 0.811172 0.257292
0 0.913047 0.394653 0.860000 0.410764 0.832578 0.318681 0.879141 0.307917 0.913320 0.394653
0 0.809297 0.258056 0.830117 0.319028 0.780352 0.332778 0.766289 0.268333
0 0.830664 0.320000 0.857812 0.410694 0.798828 0.428542 0.780625 0.332986 0.830391 0.319792
0 0.764023 0.268125 0.777813 0.332500 0.725859 0.347500 0.719648 0.280625 0.763906 0.268333
0 0.777813 0.333333 0.796680 0.429028 0.733437 0.447153 0.725859 0.347986
0 0.676836 0.292847 0.679570 0.363264 0.626680 0.380417 0.631484 0.307639
0 0.679844 0.364028 0.682188 0.464167 0.619375 0.485486 0.626680 0.381667
0 0.629336 0.309514 0.623437 0.380764 0.571328 0.399167 0.583750 0.325208 0.629492 0.309236
0 0.623437 0.382986 0.615430 0.487361 0.553828 0.508611 0.571055 0.400764 0.623437 0.382847
0 0.581758 0.326181 0.568359 0.400833 0.518633 0.418750 0.537656 0.342083 0.581758 0.325903
0 0.568516 0.401875 0.551016 0.510139 0.492188 0.529444 0.517383 0.420694
0 0.515703 0.354583 0.487812 0.424028 0.444609 0.437500 0.476992 0.366875 0.515586 0.354792
0 0.486875 0.426250 0.451797 0.527569 0.404336 0.538125 0.443750 0.439653 0.486992 0.426042
0 0.441836 0.438681 0.402695 0.450556 0.437344 0.381181 0.474180 0.368403
0 0.441094 0.441181 0.401016 0.538750 0.358984 0.548264 0.401016 0.453264 0.440898 0.440972
0 0.435078 0.382222 0.399961 0.452292 0.363789 0.463333 0.401680 0.393958 0.434961 0.382014
0 0.398633 0.453958 0.355977 0.549653 0.318086 0.557847 0.363242 0.464653
0 0.375977 0.422639 0.338867 0.490347 0.307695 0.499514 0.345273 0.433889 0.375820 0.422847
0 0.343594 0.435347 0.305703 0.500347 0.277461 0.509028 0.316680 0.445417 0.343398 0.435069
0 0.337773 0.492847 0.294492 0.579375 0.262188 0.584653 0.306484 0.501319 0.337852 0.492639
0 0.276367 0.510000 0.305352 0.502361 0.260273 0.585694 0.231289 0.589931 0.276367 0.509792
1 0.852148 0.248681 0.878125 0.306528 0.831914 0.318472 0.811250 0.257083 0.852344 0.248264
1 0.878984 0.307708 0.913320 0.395139 0.860313 0.410278 0.832578 0.319306 0.878789 0.307361
1 0.830273 0.318958 0.780000 0.332222 0.765977 0.267847 0.809609 0.257847
1 0.857227 0.411042 0.798516 0.428403 0.780195 0.332569 0.830273 0.319306 0.857383 0.410486
1 0.764102 0.268681 0.778008 0.332500 0.725234 0.348681 0.719297 0.280486 0.763945 0.269306
1 0.795859 0.429236 0.733164 0.448403 0.725078 0.347847 0.777813 0.333472 0.796016 0.428958
1 0.631094 0.307847 0.677031 0.292847 0.679375 0.363403 0.625781 0.381319
1 0.682852 0.464028 0.680703 0.465486 0.618359 0.486389 0.625781 0.381736 0.679688 0.363472 0.682500 0.464028
1 0.436094 0.381111 0.400039 0.451944 0.363633 0.463542 0.400039 0.394583 0.435977 0.381319
1 0.363203 0.464375 0.400156 0.452708 0.356172 0.549931 0.318047 0.557847
1 0.338867 0.489653 0.307500 0.499306 0.345391 0.433958 0.376641 0.421736
1 0.338750 0.491319 0.294883 0.579514 0.261211 0.585208 0.306133 0.501111 0.338867 0.491111
1 0.344258 0.434375 0.305664 0.500694 0.277070 0.509097 0.315195 0.445972 0.344258 0.434167
1 0.304727 0.501597 0.260313 0.586042 0.231367 0.589931 0.276484 0.509931 0.304648 0.501528
1 0.606289 0.381597 0.604141 0.381597 0.602187 0.380069 0.598867 0.370694 0.598867 0.359792 0.600859 0.350139 0.603164 0.343958 0.605820 0.340417 0.609609 0.340417 0.612773 0.343056 0.616211 0.347778 0.618203 0.354514 0.617695 0.367778 0.615898 0.375417 0.612930 0.379514 0.608281 0.380972
1 0.583555 0.333958 0.583672 0.340278 0.581367 0.343125 0.582969 0.333056
1 0.577461 0.364792 0.577461 0.376528 0.574883 0.381111 0.577070 0.364583
1 0.568672 0.419444 0.569219 0.420278 0.569453 0.428264 0.566836 0.431528 0.568594 0.419444
1 0.472070 0.377847 0.471992 0.382847 0.468945 0.384931 0.471836 0.377986
1 0.455312 0.414444 0.455312 0.418542 0.451562 0.423819 0.455156 0.414583
1 0.387422 0.483958 0.390430 0.476875 0.391367 0.478333 0.391016 0.480972 0.387617 0.483958
1 0.367930 0.527708 0.369297 0.528542 0.369336 0.530347 0.366250 0.534514 0.364883 0.535069 0.367695 0.527917
1 0.493672 0.526458 0.494844 0.524375 0.496016 0.526458 0.495664 0.527986 0.494023 0.527986
1 0.498555 0.496736 0.499727 0.494653 0.500547 0.495208 0.500977 0.498403 0.500859 0.501736 0.498867 0.505069 0.497695 0.502986 0.498633 0.500278 0.498555 0.497083
1 0.511289 0.445347 0.512891 0.437569 0.514531 0.437569 0.514766 0.440764 0.513281 0.446875 0.511602 0.446875